[[-0.3593706956747451,0.8153074923573234,0.7416237011199454],[0.2255798904790835,-0.7663527502095504,-0.6851704342157962],[0.1337908051956616,-0.04895474214777301,-0.05645326690414919]]
[[-0.6751614053513991,0.18737269228265296,0.6543498145719211],[0.5273258229970073,-0.1483579402430873,-0.5864483851996225],[0.14783558235439181,-0.039014752039565684,-0.06790142937229854]]
[[-0.5533247308010846,-0.14079042408653805,0.3628214173684186],[0.3978687954577443,0.1693876458804914,-0.2814687659369341],[0.15545593534334023,-0.028597221793953354,-0.08135265143148454]]
[[-0.39476944010589465,-0.21521150967530808,0.19028750995585114],[0.23889162904391664,0.23048114886376123,-0.09559337208392496],[0.155877811061978,-0.015269639188453163,-0.09469413787192618]]
[[-0.2887302878422885,-0.21697403378583469,0.10723105552980902],[0.1380256657847425,0.21604519462250957,-0.0008838693716239424],[0.15070462205754598,0.0009288391633251007,-0.10634718615818509]]
[[-0.22128394427286485,-0.2055522574515978,0.06582521472660541],[0.07994103975675575,0.1866424319580165,0.04980836806888386],[0.1413429045161091,0.01890982549358131,-0.11563358279548927]]
[[-0.17579790346005358,-0.19466299074352023,0.04288205246178774],[0.047096285956717665,0.1571316315138322,0.0794389838156736],[0.12870161750333592,0.03753135922968802,-0.12232103627746133]]
[[-0.14267014730910116,-0.1863073063156179,0.028324446814855055],[0.02922632750843889,0.13042417977763235,0.0979773908046452],[0.11344381980066226,0.055883126537985564,-0.12630183761950026]]
[[-0.11692422397493576,-0.17995900206941154,0.017751797277641063],[0.02075030491970057,0.10666296101804693,0.10970034779492038],[0.0961739190552352,0.07329604105136461,-0.12745214507256145]]
[[-0.09602635503067498,-0.17486898916470558,0.00923508246221431],[0.018507137506943994,0.08560792927711734,0.11635897619399443],[0.07751921752373099,0.08926105988758826,-0.12559405865620873]]
[[-0.07864892545388845,-0.17057198567924636,0.0019495755171907922],[0.020485027486098012,0.06725087111354121,0.11858224362555037],[0.05816389796779044,0.10332111456570517,-0.12053181914274115]]
[[-0.06402150355248117,-0.16691103184838607,-0.004439764746204382],[0.02515334227982154,0.0519244933288447,0.11659579627350217],[0.03886816127265963,0.11498653851954138,-0.11215603152729778]]
[[-0.05160505582138143,-0.16394459259133287,-0.010065706984485619],[0.031140655767844628,0.04022010685523361,0.11065701491442778],[0.020464400053536808,0.12372448573609926,-0.10059130792994217]]
[[-0.04094066637611489,-0.1618491984887391,-0.014992110493862927],[0.03713766537269393,0.032802988652781764,0.1013187816687726],[0.0038030010034209635,0.12904620983595733,-0.08632667117490968]]
[[-0.03158759346447492,-0.16085304619037383,-0.019271204757713354],[0.04195023294144739,0.03019036087565645,0.08952096041587523],[-0.010362639476972472,0.1306626853147174,-0.07024975565816187]]
[[-0.023100041933616432,-0.16120746001839964,-0.022963533217967493],[0.0446196248842663,0.03257832330567677,0.07649935092884394],[-0.02151958295064987,0.12862913671272286,-0.05353581771087644]]
[[-0.015011852766673382,-0.16319277224872292,-0.02614046775984128],[0.04451375968094476,0.0397994550025558,0.06355765849137661],[-0.02950190691427138,0.12339331724616712,-0.03741719073153532]]
[[-0.006808564589516354,-0.1671539502599798,-0.028878855756061278],[0.041313501743901714,0.05143976415571036,0.05180772979483661],[-0.034504937154385365,0.11571418610426945,-0.022928874038775332]]
[[0.0021320687490496643,-0.1735659294647445,-0.03125110556310434],[0.03486935024885791,0.06707495923250387,0.04198697897692241],[-0.03700141899790757,0.10649097023224063,-0.010735873413818068]]
[[0.01266001894156624,-0.1831388640732477,-0.033309077950197774],[0.02494366478778167,0.08655643793896887,0.03440180806675307],[-0.03760368372934791,0.09658242613427882,-0.0010927301165552937]]
[[0.026095631262282717,-0.19699248606264527,-0.035052836301539984],[0.010834987814280468,0.11031098749014198,0.028967063075770235],[-0.036930619076563184,0.08668149857250329,0.006085773225769748]]
[[0.04475106348969897,-0.21696525826767954,-0.03635684185255545],[-0.00923292945349262,0.13969861004409875,0.02525477843232979],[-0.03551813403620635,0.07726664822358079,0.011102063420225662]]
[[0.07316598307607214,-0.2461958136639001,-0.03676670181846314],[-0.03938460760268277,0.17758140625495694,0.022410218778418842],[-0.03378137547338937,0.06861440740894315,0.014356483040044301]]
[[0.12143601110625984,-0.29022483412908673,-0.034852609678146074],[-0.08941905833145722,0.2293804007462645,0.018591555704235832],[-0.032016952774802626,0.06084443338282221,0.016261053973910238]]
[[0.21577695280314538,-0.3586124539258058,-0.025752257610192536],[-0.18534822099415033,0.30463887383150434,0.008559242452519518],[-0.03042873180899506,0.05397358009430151,0.01719301515767302]]
[[0.43975040765628504,-0.460220988621963,0.01077412406721803],[-0.41058373972455464,0.41225171007044664,-0.02825936697463522],[-0.029166667931730384,0.04796927855151635,0.01748524290741719]]
[[1.119004927136543,-0.4644333941439134,0.18887985820836425],[-1.0906258160687157,0.4216174863033102,-0.2063421898490171],[-0.02837911106782729,0.04281590784060316,0.017462331640652827]]
[[1.8729377164275944,1.5953702624043904,0.8246335040737958],[-1.84469477944582,-1.6340529398394568,-0.8422362578809638],[-0.0282429369817744,0.038682677435066475,0.01760275380716805]]
[[-0.9769102686090446,1.1668068025544223,-0.025669990151256157],[1.0048954223402533,-1.202543927964029,0.007319725409235308],[-0.027985153731208735,0.03573712540960689,0.018350264742020853]]
[[-0.5358846911925449,0.20433971604101753,-0.11373177586028782],[0.5629896699452894,-0.2371766325498437,0.09493258125922652],[-0.0271049787527445,0.03283691650882615,0.018799194601061317]]
[[-0.3060471259269649,0.03175269761711913,-0.08978494291349354],[0.33214718407620375,-0.06179180834525302,0.07082725831217423],[-0.026100058149238863,0.030039110728133884,0.018957684601319302]]
[[-0.19946141399697537,-0.014942019060735858,-0.07162746028345443],[0.22455751025895937,-0.012492098513484845,0.05269659534546589],[-0.025096096261984006,0.0274341175742207,0.018930864937988543]]
[[-0.14199430689607334,-0.03050560770754361,-0.05976297440406898],[0.16612359701309526,0.0054580229734234745,0.04097906314128107],[-0.024129290117021897,0.025047584734120137,0.01878391126278791]]
[[-0.10732207909392771,-0.03587352992267001,-0.051688769432153975],[0.1305330475990279,0.012996398745258589,0.033130989921239064],[-0.02321096850510019,0.02287713117741142,0.01855777951091491]]
[[-0.08466975877124586,-0.03731520666386068,-0.045902708377220124],[0.107013672417583,0.01640603392113812,0.02762329738821574],[-0.022343913646337143,0.020909172742722554,0.018279410989004385]]
[[-0.06898623407357406,-0.03710754947341539,-0.04156626996126411],[0.09051378534573795,0.017981351666852885,0.023599129294824123],[-0.021527551272163898,0.019126197806562502,0.017967140666439993]]
[[-0.057642241783931666,-0.036190078625920705,-0.03819453963638915],[0.0784021371429303,0.018680064136389316,0.020560801386238767],[-0.02075989535899863,0.017510014489531392,0.01763373825015038]]
[[-0.04915423940746672,-0.034985123423850545,-0.035493289845556546],[0.06919260893737834,0.018941923611249877,0.018205056234098477],[-0.020038369529911615,0.016043199812600675,0.017288233611458072]]
[[-0.04263040322742187,-0.03369321552960692,-0.03327571128536128],[0.06199058991660778,0.018983511640776603,0.016338640320339198],[-0.019360186689185908,0.014709703888830316,0.016937070965022085]]
[[-0.03750665079342831,-0.03241227164156149,-0.03141835741099813],[0.05622918709365325,0.018917226143954583,0.014833489169573328],[-0.01872253630022494,0.01349504549760691,0.016584868241424803]]
[[-0.033411041698678035,-0.031190035015654864,-0.029836772525414314],[0.051533722115518675,0.018803725112548603,0.013601840264144096],[-0.018122680416840644,0.012386309903106263,0.016234932261270218]]
[[-0.03008969887907318,-0.030048759891126528,-0.028471412205827898],[0.04764770202733548,0.018676705256093856,0.012581795451095758],[-0.0175580031482623,0.011372054635032672,0.01588961675473214]]
[[-0.027364210224885267,-0.028997461578802623,-0.02727918315136555],[0.04439024510064656,0.0185552842797365,0.01172860714830029],[-0.017026034875761292,0.010442177299066123,0.015550576003065262]]
[[-0.02510604935035158,-0.028038252287404142,-0.02622817833292368],[0.0416305114796576,0.018450479177493928,0.011009230966003768],[-0.01652446212930602,0.009587773109910214,0.015218947366919913]]
[[-0.023220637285333627,-0.027169723459285738,-0.025294297264826418],[0.03927176635613214,0.01836872745071962,0.010398812922669158],[-0.016051129070798514,0.008800996008566118,0.01489548434215726]]
[[-0.02163708917154119,-0.026388793710943693,-0.02445901584216577],[0.037241123180630026,0.01831386384874064,0.009878361247839064],[-0.015604034009088842,0.008074929862203057,0.014580654594326704]]
[[-0.02030143221836963,-0.025691734083809807,-0.023707878295052068],[0.03548275522890905,0.018288261768540457,0.009433165459879043],[-0.015181323010539418,0.007403472315269351,0.014274712835173025]]
[[-0.01917200905337049,-0.025074741489363644,-0.023029455014274],[0.033953290944674926,0.01829350969804992,0.009051699615238972],[-0.014781281891304437,0.006781231791313725,0.013977755399035027]]
[[-0.01821629471333048,-0.0245342600487458,-0.02241460827736943],[0.03261862212403469,0.01833082295225349,0.008724846913765663],[-0.01440232741070421,0.006203437096492308,0.013689761363603765]]
[[-0.017408650480107066,-0.02406716094292094,-0.02185596600693874],[0.03145164867309073,0.01840130235384344,0.008445342322316925],[-0.014042998192983658,0.005665858589077503,0.013410623684621814]]
[[-0.01672871231695929,-0.02367084362256798,-0.02134753898103902],[0.030430658032881686,0.018506103923021218,0.00820736612153898],[-0.013701945715922398,0.005164739699546762,0.013140172859500043]]
[[-0.01616021786741665,-0.023343294984098262,-0.020884438880660817],[0.02953814344719944,0.018646557414219757,0.00800624391833496],[-0.01337792557978279,0.004696737569878508,0.012878194962325857]]
[[-0.015690142243521173,-0.0230831284446378,-0.020462668545460996],[0.028759931429602793,0.01882425679681436,0.007838223132599152],[-0.013069789186081619,0.0042588716478234425,0.012624445412861843]]
[[-0.015308055134527971,-0.022889616581815257,-0.02007896490612498],[0.028084531033304272,0.01904113740498173,0.007700305410325136],[-0.012776475898776299,0.0038484791768335297,0.012378659495799842]]
[[-0.015005639356551652,-0.022762726398383226,-0.019730681101527234],[0.027502645078449375,0.01929954975844894,0.007590120707488374],[-0.01249700572189772,0.0034631766399342845,0.01214056039403886]]
[[-0.014776329325482023,-0.022703163842044738,-0.01941569838246272],[0.027006801827184537,0.019602337509381666,0.00750583306846052],[-0.012230472501702512,0.0031008263326630725,0.0119098653140022]]
[[-0.014615040404589831,-0.02271243315270725,-0.01913236124067423],[0.026591078048789192,0.019952925803223047,0.007446071097419055],[-0.011976037644199359,0.002759507349484205,0.011686290143255177]]
[[-0.014517968727753829,-0.022792916501768044,-0.018879431220082052],[0.026250893055529866,0.020355426134923776,0.007409878242281245],[-0.011732924327776036,0.0024374903668442673,0.011469552977800807]]
[[-0.014482447247681572,-0.022947980041635188,-0.018656056351930964],[0.025982859431443607,0.02081476434825563,0.007396679572811968],[-0.011500412183762035,0.0021332156933795586,0.011259376779118997]]
[[-0.014506848265639812,-0.023182113866800795,-0.01846175429932157],[0.025784680679435075,0.021336839732798422,0.007406262936693054],[-0.011277832413795262,0.0018452741340023724,0.01105549136262852]]
[[-0.014590526143258203,-0.023501115598493598,-0.018296408235249046],[0.025655089454139766,0.021928725317977807,0.007438773360251681],[-0.011064563310881561,0.0015723902805157917,0.010857634874997364]]
[[-0.014733796683802732,-0.023912330576163116,-0.018160275315226154],[0.025593822834167397,0.022598922678035597,0.007494720431095648],[-0.010860026150364667,0.001313407898127521,0.010665554884130506]]
[[-0.014937952103608173,-0.024424966374496593,-0.01805400842826297],[0.025601633520772944,0.023357689248586527,0.0075749992480705665],[-0.01066368141716477,0.0010672771259100638,0.010479009180192402]]
[[-0.015205312843316065,-0.02505050621329014,-0.017978692803014194],[0.025680338179539748,0.02421746296226848,0.007680926436180869],[-0.010475025336223683,0.0008330432510216605,0.010297766366833326]]
[[-0.015539319923470114,-0.025803255815701726,-0.017935900103274262],[0.02583290659729389,0.02519341896327137,0.007814293795718087],[-0.010293586673823775,0.000609836852430353,0.010121606307556173]]
[[-0.0159446743709956,-0.026701073029774963,-0.017927763985673514],[0.02606359814908039,0.026304207888803423,0.007977443503721727],[-0.01011892377808479,0.00039686514097154286,0.00995032048195179]]
[[-0.016427533711812065,-0.02776635168890706,-0.01795708286964396],[0.026378155539076523,0.027572947339145216,0.008173370569909433],[-0.009950621827264458,0.00019340434976184676,0.009783712299734529]]
[[-0.016995779985087854,-0.029027365069928673,-0.01802745810662096],[0.026784070239349082,0.029028572016714087,0.008405860689824341],[-0.009788290254261228,-1.206946785416575e-6,0.009621597416796619]]
[[-0.017659379616662745,-0.030520127168099143,-0.018143479149999347],[0.027290939931322325,0.030707700852976527,0.00867967505318144],[-0.00963156031465958,-0.00018757368487738247,0.009463804096817907]]
[[-0.018430863302619997,-0.03229101433423131,-0.01831097217864972],[0.02791094606601583,0.03265726374663126,0.009000798514070079],[-0.009480082763395832,-0.0003662494123999513,0.00931017366457964]]
[[-0.019325964295430768,-0.03440052770137512,-0.018537335567177744],[0.028659489896545712,0.03493826839686184,0.009376774463471222],[-0.009333525601114945,-0.0005377406954867232,0.009160561103706524]]
[[-0.02036446628898491,-0.03692880855799275,-0.018831995506903332],[0.029556038133704065,0.03763131942062384,0.009817159643546895],[-0.009191571844719153,-0.0007025108626310891,0.009014835863356437]]
[[-0.021571326159493562,-0.039983920434506014,-0.01920702899839546],[0.030625243425682007,0.04084490352298874,0.010334146040832515],[-0.009053917266188444,-0.0008609830884827218,0.008872882957562946]]
[[-0.02297814624887934,-0.043714632244317354,-0.01967802004760446],[0.031898414276264844,0.04472817502328489,0.010943415576412525],[-0.008920268027385506,-0.0010135427789675347,0.008734604471191936]]
[[-0.024625056115744576,-0.048330781629983416,-0.020265236582121017],[0.033415394228471604,0.049491320789370005,0.011665314948036644],[-0.008790338112727024,-0.0011605391593865924,0.008599921634084375]]
[[-0.026562964655203324,-0.05413692352299925,-0.02099522960645288],[0.03522681107540866,0.05543920939428362,0.012526451905577633],[-0.008663846420205337,-0.0013022858712843648,0.00846877770087525]]
[[-0.02885577711307193,-0.06159037208446488,-0.021902919242035288],[0.037396290416356795,0.06302943230465953,0.013561777244178166],[-0.008540513303284869,-0.0014390602201946512,0.008341141997857123]]
[[-0.03158096277989813,-0.07140656833570505,-0.023033987149120375],[0.04000101902090708,0.07297766875482152,0.014816971442525695],[-0.00842005624100895,-0.0015711004191164722,0.00821701570659468]]
[[-0.03482289413570245,-0.08476255391947435,-0.024446365450937195],[0.043125078246110976,0.08646115351693702,0.016349925133738244],[-0.008302184110408523,-0.001698599597462668,0.00809644031719895]]
[[-0.03863971825463164,-0.10372104431784945,-0.026205566763524764],[0.046826307413126135,0.10554273846885352,0.01822605642022206],[-0.008186589158494496,-0.0018216941510040656,0.007979510343302704]]
[[-0.04293287308791409,-0.13220395439705396,-0.028351967964057256],[0.051005808116446096,0.13414439570764736,0.020485574827415146],[-0.008072935028532001,-0.0019404413105934147,0.00786639313664211]]
[[-0.046923226452523045,-0.17852877609372,-0.03074122501964864],[0.05488406406781882,0.1805835501299186,0.02298386395756248],[-0.007960837615295778,-0.0020547740361986063,0.0077573610620861565]]
[[-0.04672526801441441,-0.26326369877602523,-0.032225127058234805],[0.05457509982278719,0.2654281006137606,0.024572281234145794],[-0.00784983180837278,-0.002164401837735395,0.007652845824089011]]
[[-0.02043751731169972,-0.45039536661182733,-0.025263757621839],[0.028176824410588146,0.4526639248718243,0.017710228273656224],[-0.007739307098888426,-0.0022685582599969605,0.007553529348182777]]
[[0.22954777365991075,-1.0206539249668292,0.0642893885056625],[-0.22191941429204892,1.0230191106086242,-0.07174981750501436],[-0.00762835936786183,-0.002365185641794934,0.007460428999351855]]
[[3.9052499653863837,-1.0028476908906814,1.5520400777347114],[-3.8977347542544676,1.005294788110334,-1.5594134569824067],[-0.0075152111319163415,-0.002447097219652695,0.007373379247695455]]
[[-0.3188596735419031,0.6447561326338159,-0.12287664518129437],[0.3262426289872379,-0.6422455010961331,0.11561866137238949],[-0.007382955445334801,-0.0025106315376828506,0.007257983808904885]]
[[-0.08681400691703765,0.13409800151202234,-0.03948691838045107],[0.0940119331842853,-0.1315265940499436,0.032378813964068304],[-0.00719792626724766,-0.002571407462078728,0.007108104416382769]]
[[-0.037847269554227424,0.058054830448022274,-0.021158534112474307],[0.044820975312156466,-0.05542451493886079,0.014222976168958873],[-0.006973705757929039,-0.002630315509161485,0.006935557943515436]]
[[-0.02010360510942124,0.033253165168269,-0.014379931330766768],[0.026821849466572522,-0.03056581526789046,0.007633551138080333],[-0.006718244357151283,-0.002687349900378538,0.006746380192686435]]
[[-0.011787189877743685,0.02217886485945729,-0.011110820647748227],[0.018225876335841586,-0.019436870143887248,0.004565555028952971],[-0.006438686458097899,-0.0027419947155700444,0.006545265618795256]]
[[-0.007283532060576895,0.01630663492699525,-0.009258421202409418],[0.013425191047175771,-0.013513233890295292,0.002922407384205997],[-0.006141658986598877,-0.0027934010366999565,0.006336013818203421]]
[[-0.004615947310809996,0.012832840607925644,-0.008083500261663525],[0.010449145172678002,-0.009992278684172297,0.0019618031855526564],[-0.005833197861868006,-0.0028405619237533456,0.006121697076110867]]
[[-0.002941201280149173,0.010614008466004445,-0.007271077723615172],[0.008459860404798758,-0.007731547634873843,0.0013662929317819598],[-0.005518659124649586,-0.0028824608311306026,0.005904784791833212]]
[[-0.0018491724148719658,0.009112256202018129,-0.006668839051768609],[0.007051843440066007,-0.006194073003521404,0.0009815848924137269],[-0.005202671025194041,-0.002918183198496725,0.005687254159354882]]
[[-0.0011203337421171215,0.008047461188641098,-0.006196163427393566],[0.00600946384399805,-0.005100471436979351,0.000725475804171683],[-0.004889130101880928,-0.002946989751661748,0.005470687623221882]]
[[-0.0006282512228498408,0.007262210867644192,-0.00580742893648043],[0.005209482840101254,-0.004293855450884633,0.0005510742499785133],[-0.004581231617251413,-0.002968355416759559,0.005256354686501917]]
[[-0.0002957838680640039,0.006662712030099695,-0.0054754815712734625],[0.00457730673546028,-0.0036807315653627657,0.00043020418761092235],[-0.004281522867396276,-0.002981980464736928,0.00504527738366254]]
[[-0.00007363634988997092,0.0061904469559393,-0.005183520437927979],[0.004065605758362354,-0.0032026656748813244,0.00034523978846073074],[-0.003991969408472383,-0.0029877812810579765,0.004838280649467249]]
[[0.00007089634954134203,0.005807545450630492,-0.004920831412075212],[0.0036431302821680394,-0.002821677744481818,0.00028480144650575804],[-0.0037140266317093815,-0.0029858677061486735,0.004636029965569454]]
[[0.000160183326206254,0.005488770073950684,-0.0046804152656258445],[0.003288528084805626,-0.0025122572725130923,0.00024135621177417613],[-0.00344871141101188,-0.0029765128014375914,0.004439059053851668]]
[[0.00020990527645975963,0.005216900239422385,-0.004457607111110739],[0.0029867651439747394,-0.002256780658997779,0.0002098168600391819],[-0.0031966704204344993,-0.0029601195804246053,0.004247790251071557]]
[[0.00023127209848850991,0.00497995934990506,-0.004249241957526195],[0.002726971022474804,-0.0020427713880266187,0.00018669216850303647],[-0.002958243120963314,-0.0029371879618784414,0.004062549789023158]]
[[0.0002324210862092249,0.004769488111790447,-0.004053134590331303],[0.002501097319145957,-0.0018612040235926367,0.00016955488979987905],[-0.0027335184053551816,-0.00290828408819781,0.003883579700531424]]
[[0.00021932727992390205,0.0045794356922856105,-0.0038677472719226206],[0.0023030572759188362,-0.0017054224341087765,0.0001566996857162859],[-0.002522384555842738,-0.002874013258176834,0.003711047586206335]]
[[0.00019641335706389418,0.004405428611536139,-0.0036919733132531043],[0.0021281592414592746,-0.0015704315597715633,0.00014691824710015745],[-0.002324572598523169,-0.0028349970517645763,0.003545055066152947]]
[[0.00016696873932134653,0.00424427771421173,-0.0035249940810473746],[0.001972724661312086,-0.0014524229637016364,0.00013934865762657385],[-0.0021396934006334325,-0.0027918547505100936,0.0033856454234208007]]
[[0.00013344415126470912,0.004093639281867973,-0.0033661835966592468],[0.001833824854224868,-0.0013484504357417766,0.0001333728779458348],[-0.0019672690054895773,-0.002745188846126197,0.0032328107187134117]]
[[0.00009766278165204993,0.0039517783287022715,-0.00321504453752378],[0.0017090959906614737,-0.0012562040843667078,0.0001285460324790319],[-0.0018067587723135238,-0.002695574244335564,0.0030864985050447482]]
[[0.000060974289104717585,0.00381740105521867,-0.003071165248943201],[0.0015966066214965228,-0.0011738503767037445,0.00012454706944186805],[-0.0016575809106012403,-0.0026435506785149254,0.002946618179501333]]
[[0.00002436879591784767,0.003689534959468553,-0.0029341909543420443],[0.001494761193022619,-0.0010999171398582105,0.00012114399381113198],[-0.0015191299889404665,-0.0025896178196103425,0.0028130469605309127]]
[[-0.000011437673509918402,0.003567442303626968,-0.0028038046207521468],[0.0014022286419110434,-0.001033209720475066,0.00011816916154029855],[-0.001390790968401125,-0.0025342325831519017,0.0026856354592118483]]
[[-0.000045938489365092536,0.0034505572362874943,-0.0026797144068049926],[0.001317888758438161,-0.000972749062132384,0.00011550159597962265],[-0.0012719502690730685,-0.0024778081741551102,0.00256421281082537]]
[[-0.00007878700274341945,0.0033384398782859656,-0.0025616455928516297],[0.0012407913334208072,-0.0009177254141870248,0.00011305425206841331],[-0.001162004330677388,-0.0024207144640989407,0.0024485913407832163]]
[[-0.00010975855877765766,0.0032307426844210285,-0.0024493355467965945],[0.001170124637082697,-0.0008674633318186953,0.00011076479569573624],[-0.0010603660783050392,-0.0023632793526023334,0.0023385707511008585]]
[[-0.0001387211491094491,0.003127185754036621,-0.002342530725315613],[0.001105190803977548,-0.0008213949296733881,0.00010858889864519196],[-0.000966469654868099,-0.002305790824363233,0.002233941826670421]]
[[-0.00016561266060845817,0.003027538702267858,-0.0022409850178443866],[0.0010453863951317604,-0.0007790392362572371,0.00010649534529533298],[-0.0008797737345233021,-0.002248499466010621,0.0021344896725490536]]
[[-0.00019042320166902073,0.0029316073612074217,-0.002144458954790932],[0.000990186888907837,-0.0007399861052820465,0.00010446245147104511],[-0.0007997636872388162,-0.002191621255925375,0.002039996503319887]]
[[-0.00021318136311149837,0.0028392240467312786,-0.0020527194511908353],[0.0009391341875585697,-0.0007038835646863315,0.00010247543824293651],[-0.0007259528244470712,-0.002135340482044947,0.001950244012947899]]
[[-0.0002339435440935507,0.002750240461524157,-0.001965539862126939],[0.0008918264637337832,-0.0006704277834153542,0.00010052450363736313],[-0.0006578829196402325,-0.002079812678108803,0.0018650153584895755]]
[[-0.00025278567523974834,0.002664522547531379,-0.0018827002000238447],[0.0008479098410967801,-0.0006393550494498345,0.0000986034062318225],[-0.0005951241658570318,-0.0020251674980815444,0.0017840967937920221]]
[[-0.0002697968221197384,0.0025819467784677502,-0.0018039874156144087],[0.0008070715262669208,-0.0006104353062676544,0.00009670842531201842],[-0.0005372747041471824,-0.001971511472200096,0.0017072789903023902]]
[[-0.00028507426639583753,0.0025023975136134204,-0.0017291956803919194],[0.0007690340994337172,-0.0005834669066859486,0.00009483759869954416],[-0.00048395983303787957,-0.001918930606927472,0.0016343580816923751]]
[[-0.0002987197492487086,0.002425765130825007,-0.0016581266332437105],[0.0007335507377031116,-0.0005582723250481,0.00009299016569077191],[-0.000434830988454403,-0.0018674928057769071,0.0015651364675529386]]
[[-0.0003108366290069391,0.0023519447286165017,-0.0015905895709321972],[0.0007004011951252389,-0.0005346946294329068,0.00009116616167899417],[-0.0003895645661182998,-0.001817250099183595,0.001499423409253203]]
[[-0.00032152775721612146,0.002280835240851817,-0.0015264015734501772],[0.0006693884010234483,-0.0005125945608787214,0.0000893661249983443],[-0.00034786064380732686,-0.0017682406799730955,0.0014370354484518329]]
[[-0.0003308939182904867,0.0022123388477644037,-0.0014653875626794521],[0.0006403355669547304,-0.000491848100706883,0.00008759088676798466],[-0.00030944164866424366,-0.0017204907470575207,0.0013777966759114676]]
[[-0.00033903271004968676,0.0021463605971274377,-0.0014073802974104842],[0.0006130837147081565,-0.0004723444328710671,0.00008584142205203231],[-0.0002740510046584698,-0.0016740161642563706,0.0013215388753584519]]
[[-0.00034603776783444554,0.0020828081719775878,-0.0013522203104868729],[0.0005874895548676033,-0.00045398422799108255,0.0000841187462175535],[-0.0002414517870331578,-0.0016288239439865054,0.0012681015642693194]]
[[-0.0003519982550108143,0.002021591758225323,-0.0012997557952313134],[0.0005634236588481558,-0.000436678190901394,0.00008242384449742782],[-0.00021142540383734145,-0.001584913567323929,0.0012173319507338856]]
[[-0.00035699855865215223,0.0019626239781648388,-0.0012498424488242268],[0.0005407688778580693,-0.0004203458252886577,0.00008075762582900242],[-0.0001837703192059171,-0.0015422781528761811,0.0011690848229952244]]
[[-0.0003611181419067187,0.0019058198653748631,-0.001202343280250875],[0.0005194189706034962,-0.0004049143781422101,0.00007912089432115031],[-0.0001583008286967775,-0.001500905487232653,0.0011232223859297247]]
[[-0.0003644315146963935,0.0018510968635650276,-0.0011571283900241518],[0.0004992774082367853,-0.00039031793391439314,0.00007751433340472206],[-0.00013484589354039182,-0.0014607789296506345,0.0010796140566194296]]
[[-0.0003670082924794108,0.0017983748371647337,-0.0011140747282790524],[0.00048025633042407247,-0.0003764966339448049,0.00007593849899349277],[-0.00011324803794466167,-0.0014218782032199288,0.0010381362292855596]]
[[-0.0003689133192641583,0.0017475760853208283,-0.001073065837123985],[0.0004622756307569956,-0.00036339600119024163,0.00007439381893436598],[-0.00009336231149283732,-0.0013841800841305867,0.0009986720181896188]]
[[-0.00037020683621152205,0.001698625353806172,-0.0010339915823923639],[0.00044526215327308653,-0.0003509663538820459,0.00007288059673800785],[-0.00007505531706156448,-0.001347658999924126,0.000961110985654356]]
[[-0.0003709446812711865,0.0016514498414004896,-0.0009967478792099328],[0.0004291489847461673,-0.00033916229460384273,0.00007139901811447677],[-0.00005820430347498078,-0.001312287546796647,0.0009253488610954561]]
[[-0.0003711785085706407,0.001605979198782422,-0.0009612364151063206],[0.00041387482979108464,-0.0003279422635975986,0.00006994915923761919],[-0.00004269632122044396,-0.0012780369351848234,0.0008912872558687014]]
[[-0.000370956018880305,0.0015621455190151406,-0.0009273643737690855],[0.0003993834577970697,-0.0003172681469817614,0.0000685309959604675],[-0.0000284274389167647,-0.001244877372033379,0.000858833377808618]]
[[-0.0003703211945468828,0.0015198833194289853,-0.0008950441619722165],[0.00038562321234009384,-0.0003071049320926738,0.00006714441342662518],[-0.000015302017793210993,-0.0012127783873363115,0.0008278997485455913]]
[[-0.00036931453392611896,0.0014791295151878464,-0.0008641931417108188],[0.0003725465750893192,-0.0002974204034100253,0.00006578921568842563],[-3.232041163200221e-6,-0.0011817091117778211,0.0007984039260223933]]
[[-0.0003679732816408715,0.001439823385135245,-0.00083473336913783],[0.00036010977736584466,-0.00028818487355402537,0.00006446513506559764],[7.863504275026863e-6,-0.0011516385115812198,0.0007702682340722324]]
[[-0.00036633165200937435,0.0014019065306992953,-0.0008065913415235009],[0.00034827245347317216,-0.00027937094468961855,0.00006317184106888193],[0.000018059198536202192,-0.0011225355860096768,0.000743419500454619]]
[[-0.00036442104378679914,0.0013653228287289125,-0.000779697753139013],[0.0003369973307300716,-0.00027095329637564906,0.00006190894877950904],[0.000027423713056727513,-0.0010943695323532635,0.0007177888043595039]]
[[-0.0003622702449850482,0.0013300183791637224,-0.0007539872606965633],[0.00032624995182364033,-0.00026290849648164937,0.00006067602662371379],[0.00003602029316140788,-0.0010671098826820732,0.0006933112340728495]]
[[-0.00035990562701672347,0.0012959414484270471,-0.0007293982587538834],[0.00031599842568423423,-0.0002552148322835142,0.00005947260351607981],[0.000043907201332489185,-0.0010407266161435327,0.0006699256552378036]]
[[-0.00035735132777807405,0.001263042409389817,-0.000705872665306012],[0.00030621320358169496,-0.00024785215925910906,0.00005829817536992579],[0.00005113812419637906,-0.0010151902501307078,0.0006475744899360861]]
[[-0.00035462942356544327,0.0012312736786940775,-0.0006833557176360479],[0.0002968668775678755,-0.00024080176544981281,0.000057152210989770195],[0.00005776254599756779,-0.0009904719132442646,0.0006262035066462776]]
[[-0.0003517600899288415,0.0012005896521556352,-0.0006617957783748467],[0.0002879339987553851,-0.0002340462495453798,0.0000560341573721042],[0.00006382609117345643,-0.0009665434026102554,0.0006057616210027426]]
[[-0.00034876175171959673,0.0011709466388918825,-0.0006411441516228623],[0.00027939091323623394,-0.00022756941109649008,0.00005494344444775744],[0.00006937083848336279,-0.0009433772277953924,0.0005862007071751049]]
[[-0.00034565122269852275,0.0011423027947468135,-0.000621354908911837],[0.00027121561371452196,-0.00022135615146937974,0.000053879489303169824],[0.00007443560898400076,-0.0009209466432774338,0.0005674754196086672]]
[[-0.0003424438351462275,0.0011146180555132571,-0.000602384724726351],[0.0002633876051610486,-0.00021539238433610094,0.00005284169991973421],[0.00007905622998517889,-0.0008992256711771563,0.0005495430248066167]]
[[-0.0003391535599656981,0.0010878540703841315,-0.0005841927212624743],[0.00025588778300017967,-0.00020966495464725508,0.0000518294784706771],[0.00008326577696551844,-0.0008781891157368764,0.0005323632427917972]]
[[-0.00033579311779526814,0.001061974136001118,-0.0005667403220703958],[0.0002486983225150817,-0.00020416156516558654,0.0000508422242141742],[0.00008709479528018645,-0.0008578125708355315,0.0005158980978562216]]
[[-0.0003323740816623154,0.0010369431314110205,-0.0005499911142076599],[0.00024180257831037528,-0.00019887070975202318,0.00004987933601990339],[0.00009057150335194011,-0.0008380724216589974,0.0005001117781877566]]
[[-0.00032890697170844104,0.0010127274541875079,-0.0005339107185177608],[0.00023518499280460018,-0.0001937816126934259,0.000048940214564281966],[0.00009372197890384086,-0.0008189458414940818,0.0004849705039534788]]
[[-0.0003254013425084988,0.000989294957928852,-0.0005184666676436525],[0.0002288310128413891,-0.00018888417344581183,0.00004802426422740649],[0.00009657032966710967,-0.0008004107844830403,0.000470442403416246]]
[[-0.00032186586349106745,0.0009666148913004923,-0.0005036282913859366],[0.00022272701361022334,-0.00018416891624010418,0.00004713089472235268],[0.00009913884988084411,-0.0007824459750603881,0.00045649739666358397]]
[[-0.00031830839294870136,0.000944657838754453,-0.0004893666090199252],[0.00021686022915707527,-0.0001796269440611817,0.00004625952248509598],[0.00010144816379162612,-0.0007650308946932714,0.0004431070865348292]]
[[-0.0003147360461040247,0.0009233956630255327,-0.00047565422819353617],[0.0002112186888438147,-0.0001752498965665251,0.00004540957185095155],[0.00010351735726021004,-0.0007481457664590076,0.0004302446563425846]]
[[-0.00031115525767359386,0.0009028014494762979,-0.000462465250038242],[0.00020579115918440907,-0.00017102991155925934,0.00004458047604115205],[0.00010536409848918479,-0.0007317715379170386,0.00041788477399709]]
[[-0.00030757183934632674,0.0008828494523389255,-0.0004497751801374291],[0.00020056709054690482,-0.0001669595896728384,0.00004377167798101199],[0.0001070047487994219,-0.0007158898626660872,0.00040600350215641714]]
[[-0.0003039910325678523,0.000863515042881415,-0.00043756084500999127],[0.00019553656826400834,-0.00016303196196185883,0.000042982630969090144],[0.00010845446430384396,-0.0007004830809195562,0.0003945782140409011]]
[[-0.0003004175569968702,0.0008447746595082984,-0.00042580031378135083],[0.0001906902677426896,-0.00015924046012621588,0.00004221279921486228],[0.00010972728925418059,-0.0006855341993820826,0.00038358751456648855]]
[[-0.0002968556549749026,0.0008266057597913303,-0.0004144728247290065],[0.00018601941320539917,-0.00015557888912463827,0.000041461658260661706],[0.00011083624176950345,-0.000671026870666692,0.0003730111664683448]]
[[-0.00029330913232691956,0.000808986774413439,-0.00040355871640486424],[0.00018151573973289144,-0.00015204140195907153,0.00004072869530203248],[0.00011179339259402813,-0.0006569453724543674,0.0003628300211028318]]
[[-0.00028978139578742385,0.0007918970629991434,-0.0003930393630518081],[0.00017717145831187535,-0.00014862247643385824,0.0000400134094191653],[0.0001126099374755485,-0.0006432745865652852,0.00035302595363264277]]
[[-0.0002862754873248001,0.0007753168717964496,-0.0003828971140469998],[0.00017297922362027304,-0.00014531689371357232,0.000039315311730742604],[0.00011329626370452703,-0.0006299999780828773,0.00034358180231625724]]
[[-0.00028279411561614047,0.0007592272931686597,-0.0003731152371191628],[0.0001689321043091936,-0.00014211971852102042,0.00003863392548030099],[0.00011386201130694685,-0.0006171075746476392,0.00033448131163886177]]
[[-0.0002793396849053777,0.0007436102268493339,-0.0003636778651014485],[0.00016502355556421706,-0.00013902628083261524,0.000037968786064115674],[0.00011431612934116067,-0.0006045839460167186,0.0003257090790373328]]
[[-0.00027591432145941165,0.0007284483429097004,-0.0003545699459953918],[0.00016124739374955764,-0.00013603215894228751,0.00003731944100861687],[0.00011466692770985398,-0.0005924161839674129,0.00031725050498677493]]
[[-0.0002725198978199586,0.0007137250463848458,-0.00034577719613480286],[0.00015759777295743145,-0.0001331331637775484,0.000036685449904450614],[0.00011492212486252716,-0.0005805918826072975,0.00030909174623035225]]
[[-0.00026915805503308017,0.000699424443502978,-0.0003372860562512552],[0.00015406916330174643,-0.000130325324362424,0.00003606638430349167],[0.00011508889173133376,-0.000569099119140554,0.0003012196719477635]]
[[-0.0002658302230236968,0.000685531309460735,-0.00032908365025502526],[0.00015065633081028676,-0.00012760487433191635,0.000035461827584392866],[0.00011517389221341,-0.0005579264351288186,0.0002936218226706324]]
[[-0.0002625376392688225,0.0006720310576868406,-0.0003211577465569613],[0.00014735431878307203,-0.00012496823941153513,0.00003487137479160725],[0.00011518332048575046,-0.0005470628182753054,0.00028628637176535403]]
[[-0.000259281365910698,0.0006589097105362304,-0.0003134967217677502],[0.00014415843049670862,-0.0001224120257834171,0.000034294632452240224],[0.00011512293541398938,-0.0005364976847528133,0.00027920208931551]]
[[-0.00025606230543941897,0.0006461538713570851,-0.0003060895266214882],[0.00014106421314547001,-0.00011993300926770514,0.00003373121837457112],[0.00011499809229394897,-0.00052622086208938,0.00027235830824691703]]
[[-0.000252881215063964,0.0006337506978738144,-0.0002989256539802729],[0.00013806744291966917,-0.00011752812525428976,0.00003318076143162086],[0.00011481377214429485,-0.0005162225726195246,0.00026574489254865206]]
[[-0.00024973871988068897,0.0006216878768299883,-0.00029199510878581],[0.0001351641111307507,-0.00011519445932580631,0.000032642901332731104],[0.00011457460874993831,-0.000506493417504182,0.0002593522074530789]]
[[-0.0002466353249392994,0.0006099535998363681,-0.00028528837983273576],[0.00013235041130052306,-0.00011292923851799556,0.000032117288385752627],[0.00011428491363877632,-0.0004970243613183725,0.00025317109144698313]]
[[-0.0002435714262979909,0.0005985365403705493,-0.00027879641324655237],[0.00012962272713917363,-0.00011072982316824223,0.00003160358325211408],[0.00011394869915881728,-0.000487806717202307,0.0002471928299944383]]
[[-0.00024054732115180318,0.000587425831876212,-0.0002725105875567437],[0.00012697762134323876,-0.00010859369930735597,0.00003110145669675265],[0.0001135696998085644,-0.00047883213256885607,0.00024140913085999108]]
[[-0.00023756321711121582,0.0005766110469115882,-0.0002664226902628542],[0.0001244118251506102,-0.00010651847155350262,0.000030610589334629105],[0.00011315139196060562,-0.00047009257535808553,0.0002358121009282251]]
[[-0.00023461924070157622,0.0005660821772984218,-0.0002605248957980413],[0.00012192222859501152,-0.00010450185647067357,0.00003013067137532202],[0.00011269701210656472,-0.0004615803208277482,0.00023039422442271932]]
[[-0.00023171544514804845,0.0005558296152244372,-0.00025480974480093777],[0.00011950587140723341,-0.00010254167635723374,0.000029661402366992534],[0.00011220957374081504,-0.00045328793886720357,0.00022514834243394526]]
[[-0.00022885181750535765,0.0005458441352540796,-0.0002492701246125461],[0.00011715993451481951,-0.00010063585343294835,0.00002920249094083111],[0.00011169188299053812,-0.0004452082818211312,0.000220067633671715]]
[[-0.0002260282851866495,0.0005361168772040702,-0.0002438992509204126],[0.00011488173209589881,-0.00009878240439548814,0.000028753654556939805],[0.0001111465530907507,-0.00043733447280858205,0.00021514559636347282]]
[[-0.00022324472194123592,0.0005266393298420726,-0.0002386906504774683],[0.0001126687041464953,-0.00009697943531977119,0.00002831461925246176],[0.00011057601779474062,-0.0004296598945223014,0.00021037603122500657]]
[[-0.00022050095332684321,0.0005174033153685295,-0.00023363814482774167],[0.00011051840952395888,-0.00009522513687565054,0.00002788511939264675],[0.00010998254380288433,-0.000422178178492879,0.0002057530254350949]]
[[-0.00021779676171816275,0.0005084009746434413,-0.00022873583497562552],[0.00010842851943217524,-0.00009351777984141191,0.00002746489742543154],[0.00010936824228598751,-0.00041488319480202933,0.00020127093755019398]]
[[-0.00021513189089001847,0.0004996247531215541,-0.00022397808693957737],[0.00010639681131696007,-0.00009185571089233033,0.000027053703640017847],[0.00010873507957305841,-0.0004077690422292238,0.0001969243832995595]]
[[-0.0002125060502102674,0.0004910673874610713,-0.0002193595181350263],[0.00010442116314255092,-0.0000902373486451619,0.000026651295929845878],[0.00010808488706771647,-0.0004008300388159095,0.00019270822220518043]]
[[-0.0002099189184746266,0.0004827218927726089,-0.00021487498453491013],[0.00010249954802239811,-0.00008866117994093322,0.000026257439560287097],[0.00010741937045222846,-0.0003940607128316757,0.00018861754497462302]]
[[-0.0002073701474129388,0.00047458155047666345,-0.0002105195685596565],[0.00010063002917954768,-0.00008712575634975041,0.000025871906941314614],[0.00010674011823339112,-0.00038745579412691303,0.00018464766161834187]]
[[-0.00020485936489394007,0.00046663989673937826,-0.0002062885676515893],[0.0000988107552138212,-0.00008562969088259147,0.000025494477405352823],[0.00010604860968011888,-0.0003810102058567868,0.0001807940902462365]]
[[-0.00020238617785334228,0.00045889071145782597,-0.00020217748349169067],[0.0000970399556547472,-0.00008417165489618464,0.00002512493699045754],[0.00010534622219859509,-0.00037471905656164136,0.00017705254650123313]]
[[-0.00019995017496799347,0.0004513280077674359,-0.000198182011819402],[0.00009531593678080227,-0.00008275037517811848,0.000024763078228935414],[0.00010463423818719122,-0.00036857763258931744,0.00017341893359046657]]
[[-0.00019755092909699048,0.0004439460220455276,-0.00019429803281870956],[0.0000936370776869868,-0.00008136463120028437,0.000024408699941472773],[0.00010391385141000368,-0.0003625813908452432,0.0001698893328772368]]
[[-0.0001951879995088975,0.00043673920438619846,-0.00019052160203615083],[0.00009200182658410864,-0.0000800132525296312,0.000024061607036811997],[0.00010318617292478887,-0.00035672595185656726,0.00016645999499933882]]
[[-0.0001928609339126439,0.0004297022095230476,-0.00018684894179860572],[0.0000904086973143844,-0.00007869511638601838,0.000023721610316985466],[0.00010245223659825951,-0.0003510070931370292,0.00016312733148162025]]
[[-0.000190569270308227,0.00042282988817739,-0.0001832764331008145],[0.00008885626606910092,-0.00007740914533769231,0.000023388526288092222],[0.00010171300423912609,-0.00034542074283969767,0.0001598879068127223]]
[[-0.00018831253867202126,0.000416117278810744,-0.00017980060793449943],[0.00008734316829512643,-0.00007615430512559565,0.0000230621769765826],[0.00010096937037689485,-0.0003399629736851484,0.00015673843095791683]]
[[-0.0001860902624902796,0.0004095595997614461,-0.00017641814203277366],[0.00008586809577801701,-0.00007492960260834457,0.00002274238975099784],[0.00010022216671226258,-0.00033462999715310154,0.00015367575228177584]]
[[-0.00018390196015330196,0.00040315224174627197,-0.0001731258480052062],[0.00008442979389034977,-0.00007373408382028724,0.00002242899714909712],[0.00009947216626295219,-0.00032941815792598473,0.0001506968508561091]]
[[-0.00018174714622172172,0.00039689076070891204,-0.00016992066884047725],[0.00008302705899472518,-0.00007256683213559053,0.000022121836710291754],[0.00009872008722699654,-0.0003243239285733215,0.0001477988321301855]]
[[-0.00017962533257543007,0.0003907708709980823,-0.0001667996717550292],[0.00008165873599163207,-0.00007142696653179213,0.000021820750813295885],[0.000097966596583798,-0.0003193439044662901,0.0001449789209417333]]
[[-0.0001775360294547985,0.00038478843885893173,-0.00016376004236748104],[0.00008032371600305866,-0.00007031363994671025,0.00002152558651889476],[0.00009721231345173983,-0.0003144747989122215,0.0001422344558485863]]
[[-0.00017547874640307202,0.0003789394762222436,-0.00016079907917984976],[0.0000790209341833707,-0.00006922603772302038,0.000021236195417724145],[0.00009645781221970134,-0.00030971343849922324,0.0001395628837621256]]
[[-0.0001734529931180891,0.0003732201347767282,-0.00015791418834781404],[0.00007774936764956679,-0.00006816337613519826,0.000020952433482949648],[0.00009570362546852229,-0.00030505675864152997,0.0001369617548648644]]
[[-0.0001714582802208155,0.0003676267003104557,-0.00015510287872336348],[0.000076508033523564,-0.0000671249009938836,0.000020674160927729915],[0.00009495024669725147,-0.0003005017993165721,0.00013442871779563358]]
[[-0.00016949411994757999,0.0003621555873082036,-0.00015236275715421708],[0.00007529598707966992,-0.0000661098863230528,0.000020401242067344732],[0.00009419813286791007,-0.00029604570098515083,0.00013196151508687234]]
[[-0.00016756002677233603,0.0003568033337921658,-0.00014969152402536035],[0.00007411231999086165,-0.00006511763310569478,0.000020133545185866943],[0.00009344770678147439,-0.000291685700686471,0.0001295579788394934]]
[[-0.00016565551796476644,0.00035156659639412293,-0.0001470869690289565],[0.00007295615866792266,-0.00006414746809396837,0.00001987094240725538],[0.00009269935929684378,-0.00028741912830015454,0.0001272160266217011]]
[[-0.00016378011408957674,0.0003464421456477841,-0.00014454696714973178],[0.00007182666268588678,-0.00006319874268008391,0.00001961330957074572],[0.00009195345140368995,-0.0002832434029677002,0.00012493365757898606]]
[[-0.00016193333945189103,0.00034142686149058984,-0.00014206947485372536],[0.00007072302329260688,-0.00006227083182439559,0.000019360526110415776],[0.00009121031615928415,-0.0002791560296661942,0.0001227089487433096]]
[[-0.00016011472249327053,0.0003365177289648187,-0.00013965252646903073],[0.0000696444619946088,-0.00006136313303741876,0.000019112474938802387],[0.00009047026049866172,-0.00027515459592739993,0.00012054005153022835]]
[[-0.00015832379614250867,0.00033171183410836267,-0.0001372942307478486],[0.00006859022921570732,-0.00006047506541269638,0.000018869042334447876],[0.00008973356692680136,-0.0002712367686956663,0.00011842518841340074]]
[[-0.00015656009812502452,0.0003270063600260271,-0.0001349927675998128],[0.00006755960302415606,-0.00005960606870763561,0.000018630117833255404],[0.00008900049510086846,-0.00026740029131839144,0.00011636264976655741]]
[[-0.0001548231712343673,0.00032239858313268347,-0.00013274638498715814],[0.00006655188792437637,-0.00005875560246961689,0.00001839559412353409],[0.00008827128330999093,-0.00026364298066306656,0.00011435079086362405]]
[[-0.00015311256356906398,0.00031788586956004513,-0.00013055339597286078],[0.00006556641370956354,-0.000057923145204847536,0.000018165366944616768],[0.00008754614985950042,-0.0002599627243551976,0.000112388029028244]]
[[-0.00015142782873778232,0.0003134656717192566,-0.00012841217591341318],[0.00006460253437170577,-0.000057108193587589545,0.000017939334988935163],[0.00008682529436607655,-0.000256357478131667,0.00011047284092447801]]
[[-0.00014976852603554143,0.0003091355250118848,-0.00012632115978838707],[0.00006365962706576941,-0.00005631026170753797,0.000017717399807439705],[0.00008610889896977202,-0.00025282526330434684,0.00010860375998094736]]
[[-0.00014813422059348455,0.0003048930446822798,-0.00012427883965940477],[0.00006273709112500977,-0.00005552888035326343,0.000017499465718253766],[0.00008539712946847478,-0.0002493641643290164,0.00010677937394115101]]
[[-0.00014652448350452725,0.00030073592280462774,-0.0001222837622515711],[0.00006183434712455515,-0.00005476359632975865,0.000017285439718454168],[0.0000846901363799721,-0.00024597232647486907,0.00010499832253311693]]
[[-0.00014493889192700496,0.00029666192539835553,-0.00012033452665082331],[0.000060950835990590024,-0.000054013971808249655,0.000017075231398873107],[0.00008398805593641493,-0.00024264795359010588,0.0001032592952519502]]
[[-0.00014337702916827853,0.00029266888966587347,-0.00011842978211104222],[0.0000600860181526276,-0.00005327958370654118,0.000016868752861818855],[0.00008329101101565092,-0.00023938930595933226,0.00010156102924922336]]
[[-0.00014183848475009394,0.0002887547213469351,-0.0001165682259651183],[0.00005923937273651583,-0.000052560023098270744,0.00001666591864161546],[0.00008259911201357809,-0.00023619469824866435,0.00009990230732350285]]
[[-0.0001403228544573518,0.00028491739218419363,-0.00011474860163450764],[0.000058410396795964316,-0.000051854894649542094,0.000016466645627864675],[0.0000819124576613875,-0.00023306249753465155,0.00009828195600664297]]
[[-0.00013882974037180654,0.000281154937494794,-0.00011296969673212178],[0.00005759860458051362,-0.00005116381608149914,0.000016270852991335827],[0.00008123113579129292,-0.00022999112141329486,0.00009669884374078595]]
[[-0.00013735875089209408,0.00027746545384310726,-0.00011123034125369344],[0.00005680352683799275,-0.000050486417657485606,0.000016078462112392247],[0.00008055522405410131,-0.00022697903618562167,0.00009515187914130119]]
[[-0.00013590950074137214,0.0002738470968099511,-0.00010952940585303388],[0.00005602471014962775,-0.000049822341693515345,0.000015889396511865764],[0.0000798847905917444,-0.00022402475511643577,0.00009364000934116812]]
[[-0.0001344816109637578,0.0002702980788538787,-0.0001078658001968607],[0.00005526171629607331,-0.00004917124209085151,0.00001570358178429333],[0.00007921989466768448,-0.00022112683676302718,0.00009216221841256737]]
[[-0.00013307470891064347,0.00026681666726032877,-0.00010623847139511335],[0.000054514121652740636,-0.00004853278388956207,0.00001552094553343262],[0.00007856058725790284,-0.00021828388337076667,0.00009071752586168073]]
[[-0.00013168842821789358,0.0002634011821746458,-0.00010464640250290854],[0.00005378151661289075,-0.00004790664284198441,0.000015341417309976256],[0.00007790691160500282,-0.00021549453933266137,0.00008930498519293228]]
[[-0.0001303224087748355,0.0002600499947151712,-0.00010308861109049731],[0.000053063505037051144,-0.000047292505005091876,0.000015164928551386715],[0.00007725890373778437,-0.00021275748971007934,0.0000879236825391106]]
[[-0.00012897629668588757,0.00025676152516279307,-0.00010156414787779126],[0.000052359703727396985,-0.00004669006635081211,0.000014991412523776751],[0.00007661659295849059,-0.000210071458811981,0.00008657273535401452]]
[[-0.00012764974422559738,0.0002535342412235219,-0.0001000720954302134],[0.00005166974192581663,-0.000046099032393400727,0.00001482080426576255],[0.00007598000229978076,-0.0002074352088301212,0.00008525129116445084]]
[[-0.00012634240978779885,0.0002503666563608235,-0.00009861156691280816],[0.00005099326083445391,-0.0000455191178330236,0.000014653040534219465],[0.00007534914895334495,-0.0002048475385277999,0.00008395852637858869]]
[[-0.0001250539578295397,0.00024725732819460194,-0.00009718170489971331],[0.000050329913157588524,-0.000044950046214747905,0.000014488059751872403],[0.00007472404467195117,-0.00020230728197985403,0.00008269364514784091]]
[[-0.00012378405881037613,0.00024420485696387474,-0.0000957816802362538],[0.00004967936266377999,-0.00004439154960218636,0.000014325801956655416],[0.00007410469614659615,-0.0001998133073616884,0.00008145587827959837]]
[[-0.00012253238912758227,0.00024120788405032596,-0.00009441069095106714],[0.00004904128376726096,-0.00004384336826508053,0.000014166208752777369],[0.00007349110536032132,-0.00019736451578524544,0.00008024448219828976]]
[[-0.00012129863104777568,0.00023826509056005797,-0.0000930679612158091],[0.00004841536112762217,-0.000043305250380147665,0.000014009223263432597],[0.00007288326992015352,-0.00019495984017991032,0.00007905873795237651]]
[[-0.00012008247263541848,0.00023537519596098996,-0.00009175274035011986],[0.000047801289266884546,-0.00004277695174455235,0.000013854790085097833],[0.00007228118336853393,-0.00019259824421643762,0.00007789795026502203]]
[[-0.00011888360767861502,0.0002325369567734767,-0.00009046430186965626],[0.0000471987722031037,-0.00004225823550139851,0.000013702855243358669],[0.00007168483547551132,-0.0001902787212720782,0.00007676144662629758]]
[[-0.00011770173561259095,0.00022974916531183322,-0.0000892019425751119],[0.00004660752309969886,-0.000041748871876669746,0.000013553366150210873],[0.00007109421251289208,-0.00018800029343516347,0.00007564857642490103]]
[[-0.00011653656144120461,0.00022701064847456163,-0.00008796498168025576],[0.00004602726392974263,-0.00004124863792707629,0.000013406271562783877],[0.00007050929751146198,-0.00018576201054748534,0.00007455871011747188]]
[[-0.00011538779565681342,0.0002243202665811819,-0.00008675275997712614],[0.00004545772515448841,-0.00004075731729829536,0.000013261521543435589],[0.00006993007050232501,-0.00018356294928288655,0.00007349123843369055]]
[[-0.00011425515415878774,0.0002216769122536659,-0.00008556463903661279],[0.000044898645415452666,-0.00004027469999311913,0.000013119067421169614],[0.00006935650874333508,-0.00018140221226054675,0.00007244557161544319]]
[[-0.00011313835817094047,0.00021907950934056813,-0.00008440000044275308],[0.000044349771239404356,-0.00003980058214904948,0.000012978861754327751],[0.00006878858693153611,-0.00017927892719151866,0.00007142113868842533]]
[[-0.00011203713415811546,0.00021652701188203642,-0.00008325824505915513],[0.000043810856755649196,-0.000039334765824902706,0.000012840858294512227],[0.00006822627740246627,-0.00017719224605713371,0.00007041738676464291]]
[[-0.00011095121374215749,0.0002140184031139694,-0.00008213879232604275],[0.000043281663425028436,-0.00003887705879601013,0.000012705011951693959],[0.00006766955031712906,-0.00017514134431795926,0.0000694337803743488]]
[[-0.00010988033361746476,0.00021155269450966877,-0.00008104107958649465],[0.00004276195978008262,-0.0000384272743576216,0.000012571278760464675],[0.00006711837383738216,-0.00017312542015204715,0.00006846980082602997]]
[[-0.0001088242354663082,0.00020912892485741168,-0.00007996456144052403],[0.00004225152117585929,-0.00003798523113613925,0.000012439615847392248],[0.0000665727142904489,-0.00017114369372127241,0.00006752494559313179]]
[[-0.0001077826658740818,0.00020674615937243737,-0.00007890870912571259],[0.00004175012955087086,-0.00003755075290782721,0.000012309981399440144],[0.00006603253632321095,-0.00016919540646461017,0.00006659872772627245]]
[[-0.00010675537624463665,0.00020440348884191687,-0.00007787300992317963],[0.00004125757319773438,-0.00003712366842466161,0.000012182334633413276],[0.00006549780304690228,-0.00016727982041725526,0.00006569067528976636]]
[[-0.00010574212271583216,0.00020210002880153498,-0.00007685696658772786],[0.00004077364654304905,-0.000036703811247001634,0.000012056635766394038],[0.00006496847617278311,-0.00016539621755453333,0.00006480033082133383]]
[[-0.00010474266607542895,0.00019983491874237897,-0.00007586009680106587],[0.00004029814993609006,-0.00003629101958277828,0.000011932845987133544],[0.00006444451613933889,-0.00016354389915960066,0.00006392725081393233]]
[[-0.00010375677167743239,0.00019760732134688783,-0.00007488193264706273],[0.000039830889445918586,-0.00003588513613291276,0.000011810927428364402],[0.0000639258822315138,-0.00016172218521397504,0.00006307100521869834]]
[[-0.00010278420935898579,0.00019541642175266864,-0.00007392202010804136],[0.000039371676666528324,-0.0000354860079426907,0.000011690843140002658],[0.00006341253269245747,-0.00015993041380997795,0.0000622311769680387]]
[[-0.00010182475335790254,0.00019326142684304633,-0.00007297991858116772],[0.000038920328529668076,-0.000035093486258831565,0.000011572557063207754],[0.00006290442482823446,-0.00015816794058421478,0.00006140736151795997]]
[[-0.00010087818223091544,0.00019114156456325813,-0.00007205520041403895],[0.0000384766671249973,-0.000034707426392005734,0.000011456034005270313],[0.00006240151510591813,-0.0001564341381712524,0.000060599166408768635]]
[[-0.0000999442787727141,0.00018905608326125656,-0.00007114745045861736],[0.00003804051952724957,-0.000034327687584563286,0.000011341239615298969],[0.00006190375924546453,-0.0001547283956766933,0.00005980621084331839]]
[[-0.00009902282993583181,0.00018700425105212828,-0.00007025626564269932],[0.000037611717630094336,-0.00003395413288325058,0.000011228140360678307],[0.00006141111230573748,-0.0001530501181688777,0.000059028125282021016]]
[[-0.00009811362675143763,0.000184985355205183,-0.00006938125455814802],[0.00003719009798640281,-0.0000335866290167008,0.000011116703504271107],[0.00006092352876503481,-0.0001513987261884822,0.00005826455105387691]]
[[-0.00009721646425108103,0.00018299870155280456,-0.00006852203706515523],[0.000036775501654638185,-0.000033225046277495434,0.000011006897082339019],[0.000060440962596442846,-0.00014977365527530913,0.00005751513998281622]]
[[-0.00009633114138943163,0.0001810436139202007,-0.00006767824391183426],[0.00003636777405110418,-0.00003286925840860283,0.000010898689883156857],[0.00005996336733832745,-0.00014817435551159788,0.000056779554028677414]]
[[-0.0000954574609680489,0.0001791194335752214,-0.00006684951636847827],[0.00003596676480779856,-0.00003251914249400968,0.000010792051426296467],[0.00005949069616025035,-0.00014660029108121172,0.00005605746494218181]]
[[-0.00009459522956021473,0.00017722551869745617,-0.0000660355058758516],[0.00003557232763563078,-0.00003217457885336946,0.000010686951942557163],[0.00005902290192458395,-0.0001450509398440867,0.00005534855393329443]]
[[-0.00009374425743685283,0.00017536124386585054,-0.00006523587370690993],[0.00003518432019277412,-0.000031835450940500384,0.000010583362354520458],[0.00005855993724407871,-0.00014352579292535017,0.00005465251135238947]]
[[-0.00009290435849355834,0.00017352599956411947,-0.00006445029064137594],[0.00003480260395793398,-0.000031501645245573215,0.000010481254257707716],[0.000058101754535624355,-0.00014202435431854627,0.00005396903638366822]]
[[-0.00009207535017875482,0.00017171919170326259,-0.00006367843665262238],[0.000034427044108324124,-0.00003117305120083648,0.000010380599902320015],[0.000057648306070430706,-0.00014054614050242612,0.00005329783675030237]]
[[-0.00009125705342299316,0.00016994024116051925,-0.00006292000060634133],[0.00003405750940215273,-0.000030849561089734084,0.00001028137217554054],[0.000057199544020840426,-0.00013909068007078517,0.00005263862843080078]]
[[-0.0000904492925694021,0.00016818858333412617,-0.00006217467997050173],[0.00003369387206542907,-0.00003053106995927641,0.000010183544584380148],[0.00005675542050397302,-0.00013765751337484975,0.00005199113538612159]]
[[-0.00008965189530530018,0.00016646366771327226,-0.00006144218053612248],[0.00003333600768291092,-0.000030217475535532886,0.000010087091239047823],[0.00005631588762238925,-0.00013624619217773938,0.00005135508929707466]]
[[-0.00008886469259497239,0.00016476495746266611,-0.00006072221614840736],[0.000032983795093020766,-0.000029908678142119572,9.991986836828196e-6],[0.000055880897501951624,-0.00013485627932054652,0.00005073022931157916]]
[[-0.00008808751861361485,0.0001630919290211592,-0.00006001450844781183],[0.00003263711628656728,-0.00002960458062156145,9.89820664644907e-6],[0.000055450402327047565,-0.00013348734839959778,0.000050116301801362756]]
[[-0.000087320210682448,0.000161444071713892,-0.000059318786620629965],[0.00003229585630911546,-0.000029305088259413983,9.80572649292235e-6],[0.00005502435437333255,-0.00013213898345447802,0.00004951306012770762]]
[[-0.00008656260920499624,0.0001598208873774485,-0.00005863478715870842],[0.000031959903166856675,-0.000029010108711034242,9.714522742842608e-6],[0.000054602706038139564,-0.00013081077866641428,0.000048920264415865816]]
[[-0.00008581455760453027,0.00015822188999753146,-0.00005796225362791358],[0.0000316291477358362,-0.000028719551930896427,9.62457229012792e-6],[0.00005418540986869407,-0.00012950233806663502,0.00004833768133778566]]
[[-0.00008507590226266777,0.00015664660535868736,-0.00005730093644499374],[0.00003130348367440249,-0.00002843333010435141,9.535852542188202e-6],[0.000053772418588265286,-0.00012821327525433597,0.000047765083902805535]]
[[-0.00008434649245912435,0.00015509457070563034,-0.00005665059266249479],[0.000030982807338748306,-0.000028151357581734173,9.448341406506813e-6],[0.00005336368512037605,-0.00012694321312389616,0.00004720225125598798]]
[[-0.00008362618031260772,0.00015356533441573378,-0.00005601098576140342],[0.00003066701770142012,-0.000027873550814727653,9.362017277621756e-6],[0.000052959162611187596,-0.00012569178360100612,0.00004664896848378166]]
[[-0.00008291482072284514,0.0001520584556822753,-0.000055381885451205965],[0.000030356016272677347,-0.000027599828294895005,9.276859024493247e-6],[0.00005255880445016778,-0.0001244586273873803,0.00004610502642671272]]
[[-0.00008221227131373422,0.00015057350420803837,-0.00005476306747706566],[0.000030049707024588235,-0.00002733011049429643,9.19284597824483e-6],[0.00005216256428914599,-0.00012324339371374193,0.00004557022149882083]]
[[-0.00008151839237760538,0.000149110059908889,-0.00005415431343383345],[0.00002974799631775466,-0.000027064319808110265,9.109957920265884e-6],[0.00005177039605985072,-0.00012204574010077875,0.00004504435551356757]]
[[-0.00008083304682058357,0.00014766771262696314,-0.00005355541058662052],[0.000029450792830562226,-0.000026802380499181593,9.028175070663562e-6],[0.00005138225399002134,-0.00012086533212778155,0.00004452723551595696]]
[[-0.00008015610010903719,0.00014624606185311337,-0.00005296615169767294],[0.00002915800749085724,-0.00002654421864442455,8.947478077052783e-6],[0.000050998092618179946,-0.00011970184320868882,0.00004401867362062015]]
[[-0.00007948742021709935,0.00014484471645827857,-0.00005238633485929921],[0.000028869553409955764,-0.00002628976208300821,8.867848003673253e-6],[0.000050617866807143586,-0.00011855495437527036,0.00004351848685562595]]
[[-0.00007882687757524839,0.00014346329443345438,-0.00005181576333261378],[0.000028585345818894847,-0.000026038940366258546,8.789266320822895e-6],[0.00005024153175635354,-0.00011742435406719583,0.00004302649701179088]]
[[-0.00007817434501993253,0.00014210142263795382,-0.000051254245391868786],[0.000028305302006839107,-0.000025791684709211764,8.711714894597413e-6],[0.000049869043013093426,-0.00011630973792874205,0.00004254253049727137]]
[[-0.0000775296977442232,0.00014075873655566018,-0.0000507015941741561],[0.00002802934126156029,-0.000025547927943757364,8.635175976926134e-6],[0.0000495003564826629,-0.00011521080861190281,0.000042066418197229965]]
[[-0.00007689281324948275,0.00013943488005898797,-0.000050157627534272485],[0.000027757384811910315,-0.00002530760447331146,8.559632195894536e-6],[0.00004913542843757244,-0.00011412727558567651,0.00004159799533837795]]
[[-0.0000762635712980294,0.00013812950518027553,-0.00004962216790454754],[0.00002748935577221246,-0.000025070650228963828,8.485066546344333e-6],[0.00004877421552581695,-0.00011305885495131172,0.000041137101358203205]]
[[-0.00007564185386678476,0.00013684227189034704,-0.00004909504215944465],[0.0000272251790884977,-0.000024837002627043964,8.411462380742169e-6],[0.00004841667477828706,-0.00011200526926330308,0.00004068357977870248]]
[[-0.00007502754510188659,0.0001355728478839899,-0.00004857608148475143],[0.000026964781486516966,-0.000024606600528054216,8.338803400308371e-6],[0.00004806276361536963,-0.00011096624735593566,0.00004023727808444306]]
[[-0.00007442053127425177,0.00013432090837210489,-0.00004806512125118571],[0.000026708091421462623,-0.00002437938419691975,8.267073646397483e-6],[0.000047712439852789154,-0.00010994152417518515,0.00003979804760478823]]
[[-0.00007382070073607214,0.00013308613588029484,-0.000047562000892248857],[0.000026455039029335556,-0.000024155295264507548,8.196257492122648e-6],[0.00004736566170673658,-0.0001089308406157873,0.00003936574340012621]]
[[-0.00007322794387822674,0.00013186822005366606,-0.000047066563786166054],[0.000026205556079896435,-0.000023934276690368244,8.126339634216008e-6],[0.0000470223877983303,-0.00010793394336329782,0.00003894022415195004]]
[[-0.00007264215308859543,0.0001306668574676294,-0.00004657865714176055],[0.00002595957593114302,-0.000023716272726656835,8.057305085117855e-6],[0.000046682577157452417,-0.00010695058474097257,0.000038521352056642695]]
[[-0.00007206322271125487,0.0001294817514444888,-0.00004609813188811312],[0.000025717033485256815,-0.00002350122888318958,7.989139165287171e-6],[0.00004634618922599805,-0.00010598052256129923,0.00003810899272282595]]
