[[-0.8054561733765548,-0.5358218836750721,1.4014587260796583],[0.11393149071279873,0.16200499752596423,0.05498792744423632],[0.6915246826637561,0.37381688614910785,-1.4564466535238947]]
[[-0.6581300950574133,-0.7253654145259061,1.4207495067473968],[0.13051573214200515,0.1907136259596936,0.07610346260082974],[0.5276143629154081,0.5346517885662125,-1.4968529693482264]]
[[-0.5271643097262364,-0.9948350036529775,1.5322949242380666],[0.1534613669156365,0.23169962278161665,0.10750509680602335],[0.37370294281059996,0.7631353808713609,-1.63980002104409]]
[[-0.34598945586458674,-1.458794418020722,1.7731085422076027],[0.18667723264348335,0.2951783916975593,0.15861655268807165],[0.1593122232211034,1.1636160263231627,-1.9317250948956743]]
[[0.09086541453602089,-2.440711748257053,2.227641571451031],[0.2375862083494093,0.40505285172348,0.2541456734157838],[-0.3284516228854302,2.035658896533573,-2.481787244866815]]
[[1.9628625595777998,-5.225783030630752,2.8109063111285564],[0.32051859451080317,0.6279997776240152,0.47558622019219576],[-2.283381154088603,4.597783253006737,-3.2864925313207523]]
[[13.330367998458051,-9.52623424501322,-6.984242270814882],[0.4384741771347027,1.2184227440748714,1.1722030514429642],[-13.768842175592754,8.307811500938348,5.8120392193719175]]
[[-2.133596962165524,5.005435430320524,-4.418235116560659],[-0.945061918051034,1.537539840715406,2.8683576526494687],[3.078658880216558,-6.54297527103593,1.5498774639111907]]
[[-0.8792389391741425,2.017509249901364,-0.60729571122608],[-1.828790952551765,-0.4844345857667224,-0.20291799260462906],[2.7080298917259076,-1.5330746641346418,0.810213703830709]]
[[-0.497711740477748,0.8924628017786361,-0.1364243312313623],[-0.5910820028889425,-0.4286328065742097,-0.40322409891205263],[1.0887937433666905,-0.46382999520442636,0.5396484301434149]]
[[-0.3226908003278655,0.5204109595414065,-0.05092450616356152],[-0.2396523044491532,-0.26209842435630265,-0.2508549432503364],[0.5623431047770187,-0.2583125351851038,0.30177944941389795]]
[[-0.22838328251302606,0.3488029257912918,-0.022141064711670988],[-0.12134858272789739,-0.17132779272939036,-0.16296959327053012],[0.3497318652409235,-0.17747513306190144,0.1851106579822011]]
[[-0.1713372320699506,0.2532831840612294,-0.009685243532736323],[-0.07081393548050756,-0.12030518394503367,-0.11348354239863317],[0.24215116755045818,-0.1329780001161957,0.12316878593136948]]
[[-0.1339483392349285,0.19378824668024697,-0.003572905428488784],[-0.04541116799461648,-0.08920625248890529,-0.08348453555290863],[0.17935950722954497,-0.10458199419134168,0.08705744098139742]]
[[-0.10797786526764944,0.15385212453362515,-0.0003555875312719597],[-0.03112240915723559,-0.06890290536250065,-0.06402799183298499],[0.13910027442488504,-0.0849492191711245,0.06438357936425694]]
[[-0.08912994542043005,0.12556853652581673,0.0014007442860498312],[-0.02240482041120829,-0.05491183367635728,-0.05070704679912672],[0.11153476583163834,-0.07065670284945944,0.04930630251307689]]
[[-0.07497422531315101,0.1047110776772877,0.00236781379353309],[-0.016750515884216846,-0.04485129400463912,-0.04118618104751011],[0.09172474119736784,-0.059859783672648575,0.03881836725397702]]
[[-0.06404585175127826,0.08883531191823646,0.002887659993847349],[-0.01290398926100158,-0.03736617993460683,-0.03414194029073035],[0.07694984101227983,-0.05146913198362964,0.03125428029688301]]
[[-0.0554161674064222,0.07643933030601352,0.0031455489368880027],[-0.010185467232234853,-0.03164019063488126,-0.02878067002779183],[0.06560163463865705,-0.04479913967113226,0.025635121090903826]]
[[-0.048471670849549904,0.06655496701346317,0.003246682992779722],[-0.008203206357464143,-0.02715773287738344,-0.02460335196010395],[0.05667487720701404,-0.039397234136079734,0.02135666896732423]]
[[-0.04279293267733162,0.05853324226119065,0.0032530326571106774],[-0.0067196858019350734,-0.02357997911188619,-0.021283495876411616],[0.0495126184792667,-0.03495326314930446,0.01803046321930094]]
[[-0.038084780628427614,0.051924764047684785,0.003202158831819463],[-0.005584691361902799,-0.020676677216116445,-0.018600169431387995],[0.043669471990330416,-0.03124808683156834,0.01539801059956853]]
[[-0.034134274646694863,0.04640968000083126,0.00311732988103083],[-0.004699786086961975,-0.018286812300656374,-0.0163994944659256],[0.03883406073365684,-0.028122867700174886,0.01328216458489477]]
[[-0.030784464431666617,0.041754913295053736,0.0030131913459747377],[-0.003998473524132688,-0.01629496833205631,-0.014571589616380701],[0.0347829379557993,-0.025459944962997423,0.011558398270405962]]
[[-0.027917475170809197,0.037787117271403915,0.0028990564801161037],[-0.003434638427184854,-0.014616612978820928,-0.013036265632931062],[0.03135211359799405,-0.023170504292582987,0.010137209152814958]]
[[-0.025443300495681213,0.034375042380320193,0.002780873451955635],[-0.002975558031928385,-0.013188650332637214,-0.01173387209365153],[0.028418858527609597,-0.02118639204768298,0.008952998641695896]]
[[-0.0232921943786099,0.031417730584184775,0.0026624315414672415],[-0.002597538900368925,-0.011963188884526594,-0.010619278714544603],[0.025889733278978824,-0.019454541699658177,0.007956847173077363]]
[[-0.021409393795842387,0.028836424560039684,0.0025461169167351975],[-0.002283115048978387,-0.01090333052906846,-0.009657821104029735],[0.023692508844820773,-0.017933094030971222,0.0071117041872945375]]
[[-0.019751387038513556,0.0265689066927981,0.002433395051148338],[-0.0020192031845127504,-0.009980263594410448,-0.00882251034592578],[0.021770590223026305,-0.016588643098387652,0.006389115294777441]]
[[-0.018283228979657805,0.02456546413412965,0.002325123560345455],[-0.0017958607455716494,-0.009171217173383012,-0.008092074977004305],[0.020079089725229454,-0.015394246960746639,0.00576695141665885]]
[[-0.01697657916824961,0.02278596457307636,0.002221757794433374],[-0.0016054328880909243,-0.008457996425597379,-0.0074495629033266945],[0.01858201205634054,-0.01432796814747898,0.00522780510889332]]
[[-0.01580824766420527,0.021197704820959704,0.002123487450260648],[-0.0014419559393128853,-0.00782591727709444,-0.0068813272389058175],[0.017250203603518158,-0.013371787543865265,0.00475783978864517]]
[[-0.014759103177634103,0.019773806164590287,0.0020303281519136822],[-0.0013007333224753568,-0.007263020469856789,-0.0063762799858166005],[0.016059836500109458,-0.012510785694733496,0.004345951833902918]]
[[-0.013813243471898126,0.01849200248517012,0.001942183249065886],[-0.001178029555050263,-0.006759484094419782,-0.005925335552104317],[0.014991273026948389,-0.011732518390750336,0.0039831523030384305]]
[[-0.01295735812950098,0.01733371446464703,0.0018588856953263002],[-0.0010708464087420073,-0.006307179194091213,-0.005520990784455656],[0.014028204538242987,-0.011026535270555814,0.0036621050891293555]]
[[-0.012180234131030195,0.01628333485068593,0.0017802264736122317],[-0.0009767571026076843,-0.005899329872682074,-0.005157004486362952],[0.01315699123363788,-0.010384004978003857,0.003376778012750721]]
[[-0.011472368654412481,0.015327671268522226,0.0017059738621466713],[-0.0008937820539120336,-0.005530250671631726,-0.0048281503324400414],[0.012366150708324515,-0.0097974205968905,0.00312217647029337]]
[[-0.010825663211831392,0.014455507919347228,0.0016358864233768193],[-0.000820294768652595,-0.0051951417281748315,-0.0045300245499596764],[0.011645957980483988,-0.009260366191172396,0.0028941381265828576]]
[[-0.010233180087349665,0.013657257899525339,0.0015697216697525096],[-0.0007549498491796763,-0.004889927596108499,-0.00425889489997189],[0.010988129936529343,-0.00876733030341684,0.0026891732302193796]]
[[-0.0096889469243876,0.012924685244887416,0.0015072417424133106],[-0.0006966274098590807,-0.00461112938329655,-0.004011581109019928],[0.01038557433424668,-0.008313555861590867,0.002504339366606617]]
[[-0.009187798839902766,0.012250681092819366,0.0014482170231773829],[-0.0006443897897171927,-0.004355762543368399,-0.0037853594712370306],[0.009832188629619957,-0.007894918549450966,0.0023371424480596475]]
[[-0.00872525001647233,0.011629082192384219,0.0013924283179047434],[-0.0005974475688797148,-0.004121254589730817,-0.0035778861853038493],[0.009322697585352046,-0.007507827602653403,0.0021854578673991057]]
[[-0.008297388621042305,0.011054522806577621,0.0013396680558782573],[-0.0005551326869419118,-0.003905378404149849,-0.0033871353298655996],[0.008852521307984218,-0.007149144402427772,0.0020474672739873427]]
[[-0.0079007903110039,0.010522313134332072,0.0012897408162848185],[-0.0005168770278194863,-0.003706197843704894,-0.0032113483630040944],[0.008417667338823386,-0.006816115290627178,0.001921607546719276]]
[[-0.007532446648098472,0.010028338936815547,0.0012424634000188556],[-0.0004821952452838935,-0.0035220231149324594,-0.003048992758345934],[0.008014641893382366,-0.006506315821883088,0.0018065293583270784]]
[[-0.0071897055428592335,0.009568978226064517,0.0011976646000771759],[-0.0004506709025705992,-0.0033513739563922765,-0.0028987279334157924],[0.007640376445429833,-0.006217604269672241,0.0017010633333386165]]
[[-0.006870221464272548,0.009141031765682772,0.001155184778146468],[-0.00042194521996788653,-0.0031929491027922145,-0.0027593770348902672],[0.007292166684240434,-0.005948082662890557,0.0016041922567437996]]
[[-0.006571913619662467,0.008741664816100721,0.0011148753227390989],[-0.00039570788824326033,-0.003045600832275826,-0.002629903455986899],[0.006967621507905727,-0.005696063983824896,0.0015150281332478002]]
[[-0.0062929306737967376,0.008368358083470945,0.0010765980413884682],[-0.00037168952865588786,-0.0029083136501509865,-0.00250939119881506],[0.006664620202452625,-0.005460044433319959,0.0014327931574265916]]
[[-0.006031620859794054,0.008018866240190256,0.0010402245231936574],[-0.0003496554731335778,-0.002780186356540508,-0.0023970283775688068],[0.006381276332927632,-0.005238679883649748,0.0013568038543751494]]
[[-0.005786506556740177,0.007691182704645396,0.0010056354964706495],[-0.00032940060883019956,-0.002660416896297417,-0.0022920933004292356],[0.006115907165570376,-0.00503076580834798,0.0012864578039585863]]
[[-0.0055562625842720285,0.007383509619127083,0.0009727201980693441],[-0.0003107450854042441,-0.002548289507468523,-0.0021939426788845605],[0.005867007669676272,-0.0048352201116585595,0.0012212224808152163]]
[[-0.005339697603478891,0.007094232163683929,0.0009413757650973197],[-0.0002935307251060437,-0.0024431637773531614,-0.0021020016002305034],[0.005633228328584934,-0.004651068386330767,0.0011606258351331837]]
[[-0.005135738124397399,0.006821896501847442,0.0009115066556763815],[-0.00027761800816339984,-0.0023444652885851527,-0.0020157549677828047],[0.0054133561325607985,-0.004477431213262289,0.0011042483121064231]]
[[-0.00494341470930249,0.006565190780638806,0.0008830241024647112],[-0.0002628835312554888,-0.0022516775960340326,-0.0019347401679589923],[0.005206298240557979,-0.004313513184604772,0.001051716065494281]]
[[-0.004761850032637827,0.006322928708928074,0.0008558456006616316],[-0.0002492178567325186,-0.002164335321991435,-0.0018585407670059348],[0.005011067889370346,-0.004158593386936639,0.0010026951663443032]]
[[-0.004590248516417865,0.006094035320322079,0.0008298944308262245],[-0.00023652368592524432,-0.002082018194611521,-0.001786781075156016],[0.004826772202343109,-0.004012017125710558,0.0009568866443297916]]
[[-0.004427887307085005,0.005877534593378741,0.000805099215907448],[-0.00022471430233858236,-0.0020043458848554045,-0.0017191214442242257],[0.004652601609423587,-0.0038731887085233364,0.0009140222283167776]]
[[-0.004274108398310141,0.00567253865624195,0.0007813935112733711],[-0.0002137122404541753,-0.0019309735217512853,-0.0016552541875277738],[0.004487820638764317,-0.0037415651344906648,0.0008738606762544028]]
[[-0.004128311735799855,0.005478238347231265,0.0007587154261477613],[-0.00020344814382556166,-0.0018615877857921285,-0.0015949000296187274],[0.004331759879625417,-0.0036166505614391373,0.000836184603470966]]
[[-0.003989949166168856,0.0052938949394416845,0.0007370072746461787],[-0.00019385978255728923,-0.0017959034966632276,-0.0015378050085262409],[0.004183808948726145,-0.003497991442778457,0.0008007977338800621]]
[[-0.0038585191134201885,0.005118832867539473,0.0007162152545022306],[-0.0001848912054408199,-0.0017336606249389814,-0.0014837377656811454],[0.004043410318861008,-0.0033851722426004914,0.0007675225111789147]]
[[-0.0037335618843960215,0.004952433319891684,0.0006962891515523264],[-0.00017649200622770272,-0.0016746216684765133,-0.0014324871689717499],[0.003910053890623724,-0.003277811651415171,0.0007361980174194236]]
[[-0.0036146555193961507,0.0047941285799047795,0.0006771820680787075],[-0.00016861668695111553,-0.0016185693434112608,-0.001383860222875618],[0.003783272206347266,-0.003175559236493518,0.0007066781547969103]]
[[-0.003501412116551597,0.004643397017742929,0.0006588501731772623],[-0.00016122410401486108,-0.001565304547282739,-0.0013376802266613567],[0.0036626362205664583,-0.00307809247046019,0.0006788300534840945]]
[[-0.003393474568923733,0.004499758648068962,0.0006412524734054803],[-0.00015427698507588112,-0.0015146445581725647,-0.001293785147523866],[0.003547751553999614,-0.0029851140898963973,0.0006525326741183855]]
[[-0.0032905136620279274,0.004362771181600403,0.000624350602067511],[-0.00014774150664853986,-0.0014664214390503623,-0.0012520261804197766],[0.003438255168676467,-0.00289634974255004,0.0006276755783522656]]
[[-0.0031922254868405825,0.004232026508503849,0.0006081086256009522],[-0.00014158692393279683,-0.0014204806209809008,-0.0012122664704792114],[0.0033338124107733795,-0.002811545887522948,0.0006041578448782591]]
[[-0.0030983291295727977,0.0041071475602922625,0.0005924928656391983],[-0.00013578524567500096,-0.001376679642597242,-0.001174379977324818],[0.0032341143752477987,-0.00273046791769502,0.0005818871116856199]]
[[-0.0030085646047726122,0.003987785504209316,0.0005774717354306907],[-0.00013031094795825312,-0.0013348870264109712,-0.001138250463542171],[0.0031388755527308656,-0.002652898477798346,0.0005607787281114802]]
[[-0.0029226910028070964,0.003873617230302517,0.000563015589400235],[-0.0001251407217284635,-0.0012949812752108538,-0.0011037705920092203],[0.0030478317245355596,-0.002578635955091663,0.0005407550026089853]]
[[-0.002840484826603424,0.003764343096682388,0.0005490965847363182],[-0.00012025324962410497,-0.0012568499740763211,-0.001070841118881674],[0.0029607380762275287,-0.0025074931226060668,0.0005217445341453558]]
[[-0.0027617384958005357,0.0036596849029872976,0.0005356885539813523],[-0.00011562900831798019,-0.0012203889854685386,-0.001039370170807719],[0.002877367504118516,-0.002439295917518759,0.0005036816168263666]]
[[-0.0026862589992674053,0.0035593840659448816,0.0005227668876885744],[-0.00011125009311897571,-0.0011855017265141974,-0.001009272596460102],[0.002797509092386381,-0.0023738823394306844,0.0004865057087715277]]
[[-0.002613866679353246,0.003463199974243659,0.0005103084262899054],[-0.00010710006203785127,-0.001152098519010698,-0.0009804693837681543],[0.002720966741391097,-0.002311101455232961,0.00047016095747824904]]
[[-0.002544394133309479,0.003370908502786561,0.0004982913603934316],[-0.00010316379690756624,-0.0011200960038936772,-0.0009528871353415923],[0.0026475579302170454,-0.002250812498892883,0.00045459577494816073]]
[[-0.002477685219113741,0.003282300668862503,0.0004866951387975968],[-0.00009942737947694238,-0.0010894166129498286,-0.000926457595530587],[0.0025771125985906834,-0.0021928840559126746,0.0004397624567329902]]
[[-0.0024135941544746746,0.003197181414901658,0.00047550038357191],[-0.0000958779806760571,-0.0010599880914557945,-0.000901117223386741],[0.0025094721351507318,-0.0021371933234458633,0.000425616839814831]]
[[-0.002351984699138559,0.0031153685043243365,0.0004646888116113705],[-0.00009250376149044137,-0.0010317430661991298,-0.0008768068064971795],[0.002444488460629,-0.0020836254381252067,0.00041211799488580903]]
[[-0.0022927294117845586,0.0030366915185938113,0.00045424316212420247],[-0.0000892937840853938,-0.0010046186540081867,-0.0008534711112757822],[0.0023820231958699522,-0.0020320728645856247,0.00039922794915157975]]
[[-0.002235708973810023,0.0029609909449751825,0.00044414712956027027],[-0.00008623793199688334,-0.000978556106499526,-0.0008310585658257196],[0.0023219469058069066,-0.001982434838475657,0.0003869114362654493]]
[[-0.002180811573191965,0.0028881173457150234,0.0004343853015310548],[-0.00008332683835606115,-0.0009535004872569398,-0.0008095209719477288],[0.0022641384115480263,-0.0019346168584580834,0.00037513567041667396]]
[[-0.0021279323423837914,0.002817930600415134,0.0004249431013116567],[-0.00008055182124408564,-0.0009294003780962938,-0.0007888132432690239],[0.002208484163627877,-0.0018885302223188402,0.0003638701419573672]]
[[-0.0020769728448829378,0.0027502992142997076,0.0004158067345513157],[-0.00007790482538589253,-0.0009062076114542999,-0.0007688931668167724],[0.0021548776702688304,-0.0018440916028454077,0.0003530864322654566]]
[[-0.002027840605698211,0.0026850996858863952,0.0004069631398516453],[-0.00007537836948835771,-0.0008838770262748732,-0.0007497211856649163],[0.002103218975186569,-0.001801222659611522,0.00034275804581327106]]
[[-0.0019804486814667564,0.002622215928283953,0.00039839994290154755],[-0.00007296549861219135,-0.0008623662450604863,-0.000731260200549808],[0.0020534141800789478,-0.001759849683223467,0.00033286025764826045]]
[[-0.0019347152664289994,0.002561538738965242,0.00039010541388479],[-0.00007065974103974988,-0.0008416354700135982,-0.0007134753885838854],[0.002005375007468749,-0.0017199032689516436,0.00032336997469909547]]
[[-0.0018905633308739754,0.002502965313415848,0.00038206842790079574],[-0.00006845506916431803,-0.0008216472964196281,-0.0006963340374018558],[0.0019590184000382936,-0.0016813180169962202,0.00031426560950105996]]
[[-0.0018479202890241393,0.0024463987985451074,0.00037427842816152134],[-0.000066345863981631,-0.0008023665416221729,-0.0006798053932543416],[0.0019142661530057704,-0.0016440322569229344,0.00030552696509282025]]
[[-0.0018067176936440894,0.0023917478821761417,0.0003667253917475771],[-0.00006432688281262023,-0.0007837600881168034,-0.0006638605217229579],[0.0018710445764567097,-0.0016079877940593382,0.0002971351299753807]]
[[-0.001766890954936875,0.002338926415311993,0.0003593997977252015],[-0.00006239322992852118,-0.0007657967394448491,-0.0006484721798710808],[0.001829284184865396,-0.0015731296758671439,0.00028907238214587937]]
[[-0.0017283790815392146,0.0022878530642120795,0.0003522925974424686],[-0.00006054032978641439,-0.0007484470877056941,-0.0006336146987685521],[0.0017889194113256289,-0.0015394059765063853,0.0002813221013260835]]
[[-0.0016911244416468177,0.0022384509896124357,0.0003453951868383706],[-0.000058763902615674457,-0.0007316833916275776,-0.0006192638754382908],[0.001749888344262492,-0.0015067675979848582,0.00027386868859992017]]
[[-0.001655072542496677,0.0021906475506893093,0.000338699380612309],[-0.00005705994212427735,-0.0007154794642445768,-0.0006053968733700508],[0.0017121324846209542,-0.0014751680864447322,0.00026669749275774177]]
[[-0.001620171826607318,0.0021443740316023753,0.0003321973881141733],[-0.00005542469511898449,-0.0006998105693231619,-0.0005919921308329096],[0.0016755965217263027,-0.0014445634622792134,0.00025979474271873627]]
[[-0.0015863734833333812,0.0020995653886649633,0.00032588179082670065],[-0.00005385464285551576,-0.000684653325766777,-0.000579029276294796],[0.0016402281261888969,-0.0014149120628981864,0.0002531474854680953]]
[[-0.0015536312744296454,0.0020561600163770694,0.00031974552132231954],[-0.00005234648395433258,-0.000669985619302737,-0.0005664890503257198],[0.001605977758383978,-0.0013861743970743324,0.0002467435290034002]]
[[-0.0015219013724436254,0.0020140995307252646,0.00031378184358624254],[-0.00005089711873489846,-0.0006557865208233056,-0.0005543532334222271],[0.0015727984911785239,-0.0013583130099019591,0.00024057138983598462]]
[[-0.001491142210866939,0.0019733285683043106,0.0003079843346063149],[-0.00004950363483655618,-0.0006420362108132167,-0.0005426045792449825],[0.001540645845703495,-0.001331292357491094,0.00023462024463866764]]
[[-0.0014613143450751917,0.001933794599950264,0.00030234686713809423],[-0.00004816329400769854,-0.0006287159093498839,-0.0005312267528099389],[0.0015094776390828903,-0.0013050786906003801,0.00022887988567184468]]
[[-0.0014323803231754539,0.0018954477576959353,0.0002968635935609184],[-0.00004687351995692995,-0.0006158078112108733,-0.0005202042732170263],[0.0014792538431323838,-0.0012796399464850622,0.00022334067965610783]]
[[-0.0014043045659607113,0.0018582406739683802,0.0002915289307473773],[-0.00004563188717060235,-0.0006032950256665622,-0.000509522460539231],[0.0014499364531313137,-0.001254945648301818,0.00021799352979185363]]
[[-0.001377053255242839,0.0018221283320458332,0.00028633754587468],[-0.00004443611061062074,-0.0005911615205747816,-0.0004991673865298669],[0.00142148936585346,-0.0012309668114710518,0.00021282984065518695]]
[[-0.0013505942299007407,0.0017870679268795942,0.0002812843431119864],[-0.00004328403621489059,-0.0005793920704291939,-0.0004891258288372079],[0.0013938782661156311,-0.0012076758564504003,0.00020784148572522152]]
[[-0.0013248968890388793,0.0017530187354656795,0.00027636445112285866],[-0.00004217363213034587,-0.0005679722080445912,-0.00047938522844385723],[0.0013670705211692251,-0.0011850465274210885,0.0002030207773209986]]
[[-0.0012999321017043834,0.0017199419960226615,0.00027157321132666417],[-0.000041102980615254356,-0.0005568881795906097,-0.00046993365007361697],[0.0013410350823196378,-0.001163053816432052,0.00019836043874695277]]
[[-0.0012756721226587122,0.0016878007952967533,0.0002669061668670328],[-0.00004007027055354435,-0.0005461269027108787,-0.00046075974533149204],[0.0013157423932122565,-0.0011416738925858747,0.00019385357846445924]]
[[-0.001252090513743127,0.001656559963373682,0.00026235905223940306],[-0.0000390737905293113,-0.000535675927487667,-0.000451852718363106],[0.0012911643042724382,-0.001120884035886015,0.00018949366612370296]]
[[-0.0012291620704163529,0.0016261859754297617,0.0002579277835332854],[-0.0000381119224145172,-0.0005255234000328933,-0.0004432022938384377],[0.00126727399283087,-0.0011006625753968683,0.0001852745103051523]]
[[-0.0012068627530783184,0.0015966468599025335,0.00025360844924818016],[-0.000037183135427254805,-0.0005156580285052046,-0.0004347986870816347],[0.0012440458885055732,-0.0010809888313973288,0.00018119023783345458]]
[[-0.0011851696228260605,0.0015679121126048112,0.00024939730164512744],[-0.0000362859806218621,-0.0005060690513698561,-0.00042663257618390146],[0.0012214556034479225,-0.0010618430612349549,0.00017723527453877402]]
[[-0.0011640607813170882,0.0015399526163454012,0.00024529074859865323],[-0.00003541908577569714,-0.000496746207733587,-0.00041869507595027413],[0.0011994798670927854,-0.0010432064086118142,0.0001734043273516209]]
[[-0.001143515314442095,0.0015127405656556385,0.0002412853459164481],[-0.00003458115064055266,-0.0004876797096006833,-0.0004109777135436055],[0.0011780964650826477,-0.0010250608560549552,0.00016969236762715735]]
[[-0.0011235132395330783,0.0014862493962534843,0.00023737779009648036],[-0.00003377094252955132,-0.0004788602159091538,-0.000403472405700454],[0.0011572841820626295,-0.0010073891803443306,0.00016609461560397368]]
[[-0.0011040354558549135,0.0014604537189065892,0.00023356491149341632],[-0.000032987292212938865,-0.00047027880821749496,-0.00039617143740388374],[0.0011370227480678524,-0.0009901749106890944,0.00016260652591046742]]
[[-0.0010850636981485165,0.0014353292573827847,0.00022984366786823416],[-0.000032229090098526085,-0.0004619269679230487,-0.00038906744190757547],[0.0011172927882470425,-0.0009734022894597361,0.00015922377403934128]]
[[-0.0010665804930120135,0.0014108527902011215,0.0002262111382967608],[-0.00003149528267463375,-0.00045379655490252813,-0.0003821533820141833],[0.0010980757756866473,-0.0009570562352985933,0.00015594224371742247]]
[[-0.0010485691179230293,0.0013870020959190525,0.00022266451741457104],[-0.00003078486919530289,-0.00044587978747401367,-0.0003754225325186562],[0.001079353987118332,-0.0009411223084450388,0.00015275801510408515]]
[[-0.0010310135627204947,0.0013637559017119609,0.00021920110997726317],[-0.000030096898589258454,-0.00043816922358768295,-0.00036886846373433094],[0.001061110461309753,-0.0009255866781242778,0.00014966735375706775]]
[[-0.0010138984933783061,0.0013410938350199664,0.0002158183257165766],[-0.000029430466575680158,-0.00043065774315980294,-0.0003624850260260804],[0.0010433289599539861,-0.0009104360918601635,0.00014666670030950382]]
[[-0.0009972092179159537,0.00131899637805419,0.0002125136744741649],[-0.000028784712971254342,-0.0004233385314711507,-0.00035626633528070445],[0.0010259939308872082,-0.0008956578465830391,0.0001437526608065396]]
[[-0.0009809316543029415,0.0012974448249703664,0.00020928476159607888],[-0.000028158819174271754,-0.0004162050635570996,-0.0003502067592501599],[0.0010090904734772132,-0.0008812397614132667,0.000140921997654081]]
[[-0.0009650523002245239,0.0012764212415321335,0.0002061292835721625],[-0.000027552005812707462,-0.0004092510895221617,-0.0003443009047081582],[0.0009926043060372314,-0.0008671701520099717,0.0001381716211359957]]
[[-0.0009495582045861523,0.001255908427099564,0.00020304502390563185],[-0.00002696353054428758,-0.00040247062071686456,-0.0003385436053651895],[0.0009765217351304398,-0.0008534378063826994,0.00013549858145955768]]
[[-0.0009344369406430265,0.001235889878790632,0.00020002984919908928],[-0.00002639268599751804,-0.00039585791671950207,-0.0003329299104911727],[0.0009608296266405446,-0.00084003196207113,0.00013290006129208337]]
[[-0.0009196765806494599,0.001216349757674478,0.00019708170544414108],[-0.00002583879784353643,-0.00038940747306957595,-0.0003274550741987275],[0.0009455153784929962,-0.0008269422846049021,0.00013037336875458644]]
[[-0.0009052656719303922,0.001197272856865575,0.00019419861450263156],[-0.000025301222989454945,-0.0003831140097036684,-0.000322114545343556],[0.0009305668949198472,-0.0008141588471619064,0.00012791593084092445]]
[[-0.0008911932142843989,0.0011786445713973365,0.00019137867076829296],[-0.00002477934788460096,-0.0003769724600480955,-0.0003169039580016169],[0.0009159725621689999,-0.000801672111349241,0.00012552528723332393]]
[[-0.0008774486386340046,0.001160450869762381,0.00018862003799833836],[-0.00002427258693173265,-0.0003709779607259996,-0.00031181912248571863],[0.0009017212255657373,-0.0007894729090363814,0.0001231990844873803]]
[[-0.0008640217868450712,0.0011426782670146607,0.00018592094630520367],[-0.000023780380995924943,-0.00036512584183959483,-0.0003068560168668632],[0.0008878021678409961,-0.0007775524251750658,0.00012093507056165954]]
[[-0.0008509028926425019,0.001125313799336038,0.0001832796892992694],[-0.00002330219600438322,-0.0003594116177910818,-0.0003020107789681592],[0.0008742050886468852,-0.0007659021815449563,0.00011873108966888981]]
[[-0.0008380825635545895,0.001108344999976687,0.0001806946213739825],[-0.00002283752163095722,-0.0003538309786083341,-0.00029727969880141393],[0.0008609200851855467,-0.0007545140213683528,0.0001165850774274314]]
[[-0.0008255517638229795,0.0010917598764849591,0.00017816415512533724],[-0.0000223858700596011,-0.00034837978174384485,-0.00029265921141862985],[0.0008479376338825806,-0.0007433800947411143,0.00011449505629329261]]
[[-0.0008133017982195694,0.0010755468891481708,0.00017568675889818324],[-0.00002194677482145781,-0.0003430540443176159,-0.00028814589015257075],[0.0008352485730410273,-0.0007324928448305549,0.00011245913125438751]]
[[-0.0008013242967156277,0.0010596949305710917,0.00017326095445229688],[-0.00002151978970064418,-0.0003378499357767058,-0.0002837364402223675],[0.0008228440864162719,-0.0007218449947943859,0.00011047548577007061]]
[[-0.0007896111999521259,0.0010441933063238943,0.00017088531474159231],[-0.00002110448770417691,-0.00033276377094602444,-0.00027942769268178493],[0.0008107156876563028,-0.0007114295353778699,0.00010854237794019259]]
[[-0.0007781547454636851,0.001029031716595886,0.00016855846180025626],[-0.000020700460091815864,-0.0003277920034466929,-0.00027521659868930777],[0.0007988552055555009,-0.0007012397131491931,0.00010665813688905148]]
[[-0.0007669474546116964,0.0010142002387955858,0.0001662790647299705],[-0.000020307315461909003,-0.0003229312194598939,-0.00027110022408061943],[0.0007872547700736054,-0.000691269019335692,0.00010482115935064895]]
[[-0.0007559821201851251,0.0009996893110416623,0.00016404583778274284],[-0.000019924678889606913,-0.00031817813181561497,-0.0002670757442253568],[0.000775906799074732,-0.0006815111792260473,0.00010302990644261401]]
[[-0.0007452517946301968,0.0009854897164928505,0.00016185753853419698],[-0.00001955219111407507,-0.00031352957438706086,-0.0002631404391512363],[0.0007648039857442718,-0.0006719601421057897,0.00010128290061703929]]
[[-0.0007347497788727126,0.000971592568468383,0.0001597129661424817],[-0.000019189507771574582,-0.00030898249677278547,-0.0002592916889197732],[0.0007539392866442872,-0.0006626100716955975,0.00009957872277729152]]
[[-0.0007244696116990619,0.0009579892963135781,0.000157610959688249],[-0.00001883629867150118,-0.0003045339592497677,-0.00025552696923885287],[0.0007433059103705631,-0.0006534553370638104,0.00009791600955060388]]
[[-0.0007144050596641828,0.0009446716319681562,0.00015555039659141939],[-0.000018492247112679198,-0.0003001811279817531,-0.0002518438472983798],[0.0007328973067768619,-0.0006444905039864031,0.00009629345070696044]]
[[-0.0007045501074967349,0.000931631597197545,0.00015353019110070598],[-0.00001815704923739389,-0.00029592127046819373,-0.00024823997781612503],[0.0007227071567341288,-0.0006357103267293513,0.00009470978671541908]]
[[-0.0006948989489736335,0.0009188614914499658,0.00015154929285210442],[-0.000017830413420821628,-0.00029175175122006503,-0.0002447130992817251],[0.0007127293623944551,-0.0006271097402299007,0.00009316380642962069]]
[[-0.0006854459782378304,0.0009063538803044124,0.00014960668549277609],[-0.000017512059693676608,-0.00028767002764970876,-0.00024126103038755328],[0.000702958037931507,-0.0006186838526547037,0.00009165434489477718]]
[[-0.0006761857815348609,0.0008941015844768256,0.0001477013853669592],[-0.00001720171919604373,-0.00028367364616267027,-0.00023788166663590903],[0.0006933875007309046,-0.0006104279383141553,0.00009018028126894983]]
[[-0.0006671131293451856,0.0008820976693537826,0.00014583244026073483],[-0.00001689913366050283,-0.0002797602384402482,-0.0002345729771126277],[0.0006840122630056884,-0.0006023374309135343,0.00008874053685189288]]
[[-0.000658222968890768,0.0008703354350249118,0.0001439989282026568],[-0.000016604054922778984,-0.0002759275179021867,-0.00023133300141784361],[0.0006748270238135471,-0.0005944079171227251,0.00008733407321518683]]
[[-0.00064951041699564,0.0008588084067870031,0.00014219995631742412],[-0.000016316244458270234,-0.0002721732763395899,-0.00022815984674521035],[0.0006658266614539103,-0.0005866351304474132,0.00008595989042778624]]
[[-0.0006409707532814378,0.0008475103260944197,0.0001404346597299329],[-0.00001603547294291419,-0.00026849538070874946,-0.00022505168510142154],[0.000657006226224352,-0.0005790149453856702,0.00008461702537148864]]
[[-0.000632599413680032,0.0008364351419319503,0.00013870220051719512],[-0.000015761519836956352,-0.00026489177007715104,-0.00022200675065837803],[0.0006483609335169884,-0.0005715433718547992,0.0000833045501411829]]
[[-0.0006243919842464421,0.0008255770025876718,0.0001370017667057503],[-0.000015494172990277052,-0.00026136045271344755,-0.00021902333723081147],[0.0006398861572367192,-0.0005642165498742243,0.00008202157052506115]]
[[-0.000616344195256228,0.0008149302478047207,0.00013533257131232958],[-0.000015233228268021057,-0.0002578995033136893,-0.000216099795872613],[0.000631577423524249,-0.0005570307444910315,0.00008076722456028341]]
[[-0.0006084519155724757,0.0008044894012921172,0.0001336938514256517],[-0.000014978489195355714,-0.00025450706035656025,-0.00021323453258552014],[0.0006234304047678315,-0.000549982340935557,0.00007954068115986846]]
[[-0.0006007111472683727,0.0007942491635759572,0.00013208486732735024],[-0.000014729766620257781,-0.0002511813235808005,-0.00021042600613419425],[0.0006154409138886305,-0.0005430678399951567,0.000078341138806844]]
[[-0.0005931180204921807,0.0007842044051733744,0.00013050490165013792],[-0.000014486878393300208,-0.00024792055157840074,-0.00020767272596207713],[0.0006076048988854809,-0.0005362838535949736,0.00007716782431193922]]
[[-0.0005856687885621704,0.0007743501600726821,0.00012895325857141565],[-0.000014249649063474932,-0.00024472305949752824,-0.0002049732502027446],[0.0005999184376256454,-0.0005296271005751539,0.00007601999163132895]]
[[-0.0005783598232798084,0.0007646816195040799,0.0001274292630406336],[-0.000014017909589147893,-0.00024158721684949976,-0.00020232618378178538],[0.0005923777328689563,-0.0005230944026545801,0.00007489692074115177]]
[[-0.0005711876104501436,0.0007551941259861844,0.00012593226003879777],[-0.000013791497063300002,-0.00023851144541444335,-0.00019973017660452307],[0.0005849791075134436,-0.0005166826805717411,0.00007379791656572531]]
[[-0.0005641487455989704,0.0007458831676344851,0.0001244616138686032],[-0.000013570254452259034,-0.00023549421724060012,-0.0001971839218251687],[0.0005777190000512294,-0.000510388950393885,0.0000727223079565655]]
[[-0.0005572399298769385,0.0007367443727186194,0.00012301670747375679],[-0.000013354030347177904,-0.0002325340527325093,-0.00019468615419324757],[0.0005705939602241165,-0.0005042103199861101,0.00007166944671949079]]
[[-0.000550457966141318,0.0007277735044560819,0.00012159694178612347],[-0.00001314267872755906,-0.0002296295188235847,-0.00019223564847337856],[0.000563600644868877,-0.0004981439856324972,0.00007063870668725507]]
[[-0.0005437997552066575,0.0007189664560306837,0.00012020173509940597],[-0.000012936058736168482,-0.00022677922722885008,-0.00018983121793470856],[0.0005567358139428259,-0.0004921872288018336,0.00006962948283530259]]
[[-0.0005372622922560468,0.0007103192458247178,0.00011883052246813112],[-0.000012734034464721669,-0.0002239818327738348,-0.0001874717129065125],[0.0005499963267207685,-0.000486337413050883,0.00006864119043838138]]
[[-0.0005308426634051607,0.0007018280128544011,0.00011748275513078288],[-0.00001253647474976173,-0.00022123603179585589,-0.0001851560193966648],[0.0005433791381549224,-0.00048059198105854516,0.0000676732642658819]]
[[-0.0005245380424116751,0.0006934890123987221,0.00011615789995597772],[-0.000012343252978184049,-0.00021854056061412194,-0.00018288305776987211],[0.0005368812953898592,-0.0004749484517846002,0.0000667251578138944]]
[[-0.0005183456875230644,0.0006852986118123779,0.00011485543891063776],[-0.000012154246901894487,-0.00021589419406529,-0.0001806517814827297],[0.0005304999344249589,-0.00046940441774708793,0.00006579634257209196]]
[[-0.0005122629384561511,0.0006772532865139661,0.00011357486854916837],[-0.000011969338461118341,-0.00021329574410129174,-0.0001784611758728229],[0.0005242322769172694,-0.00046395754241267443,0.00006488630732365455]]
[[-0.0005062872135021436,0.0006693496161410903,0.00011231569952269718],[-0.00001178841361590559,-0.0002107440584464185,-0.000176310256999251],[0.0005180756271180491,-0.00045860555769467175,0.00006399455747655382]]
[[-0.000500416006751227,0.0006615842808644697,0.00011107745610747958],[-0.000011611362185404597,-0.0002082380193108167,-0.00017419807053209013],[0.0005120273689366316,-0.00045334626155365306,0.00006312061442461055]]
[[-0.0004946468854310903,0.0006539540578535721,0.00010985967575161923],[-0.00001143807769450093,-0.0002057765421577002,-0.00017212369068844686],[0.0005060849631255912,-0.00044817751569587187,0.00006226401493682763]]
[[-0.0004889774873540625,0.0006464558178866772,0.00010866190863929593],[-0.000011268457227441704,-0.00020335857452172883,-0.0001700862192128817],[0.0005002459445815041,-0.00044309724336494835,0.00006142431057358576]]
[[-0.0004834055184678184,0.0006390865220986527,0.00010748371727173117],[-0.00001110240128808684,-0.000200983094876137,-0.000168084784400097],[0.0004945079197559053,-0.00043810342722251563,0.00006060106712836581]]
[[-0.0004779287505048654,0.0006318432188600757,0.00010632467606416175],[-0.000010939813666449755,-0.00019864911154632666,-0.0001661185401578991],[0.0004888685641713152,-0.00043319410731374895,0.000059793864093737374]]
[[-0.00047254501872628213,0.0006247230407816595,0.00010518437095812467],[-0.000010780601311209023,-0.00019635566166775674,-0.00016418666510854775],[0.00048332562003749113,-0.00042836737911390273,0.000059002294150423097]]
[[-0.000467252219755403,0.0006177232018382596,0.00010406239904839392],[-0.000010624674207889625,-0.00019410181018607442,-0.00016228836172670313],[0.0004778768939632926,-0.0004236213916521852,0.0000582259626783092]]
[[-0.00046204830949737007,0.0006108409946070236,0.00010295836822393778],[-0.000010471945262430535,-0.00019188664889754166,-0.0001604228555122779],[0.00047252025475980064,-0.0004189543457094819,0.00005746448728834011]]
[[-0.0004569313011406757,0.0006040737876145294,0.00010187189682229868],[-0.000010322330189870209,-0.00018970929552790985,-0.00015858939419658666],[0.00046725363133054594,-0.0004143644920866195,0.00005671749737428799]]
[[-0.0004518992632370179,0.0005974190227880124,0.00010080261329682464],[-0.000010175747407896588,-0.0001875688928479898,-0.00015678724698026778],[0.00046207501064491447,-0.0004098501299400227,0.000055984633683443146]]
[[-0.000446950317855977,0.0005908742130060358,0.00009975015589620899],[-0.000010032117935022359,-0.00018546460782425456,-0.00015501570380153253],[0.00045698243579099935,-0.00040540960518178123,0.00005526554790532355]]
[[-0.0004420826388111911,0.0005844369397441817,0.00009871417235582047],[-9.89136529315931e-6,-0.00018339563080289802,-0.0001532740746333697],[0.0004519740041043504,-0.00040104130894128367,0.000054559902277549215]]
[[-0.0004372944499548801,0.0005781048508115714,0.00009769431960033077],[-9.75341541437742e-6,-0.00018136117472584772,-0.00015156168880840098],[0.00044704786536925754,-0.0003967436760857237,0.00005386736920807022]]
[[-0.0004325840235377172,0.000571875658174222,0.00009669026345716897],[-9.618196551646427e-6,-0.00017936047437731075,-0.0001498778943701518],[0.0004422022200893636,-0.00039251518379691125,0.000053187630912982845]]
[[-0.00042794967863119747,0.0005657471358614426,0.00009570167838035432],[-9.485639193368487e-6,-0.00017739278565949882,-0.00014822205744956105],[0.00043743531782456594,-0.00038835435020194377,0.000052520379069206734]]
[[-0.00042338977960979646,0.0005597171179516747,0.00009472824718428082],[-9.355675981520176e-6,-0.0001754573848962478,-0.00014659356166561396],[0.00043274545559131663,-0.0003842597330554269,0.00005186531448133314]]
[[-0.00041890273469033024,0.0005537834966343269,0.00009376966078704416],[-9.228241633232476e-6,-0.00017355356816330813,-0.00014499180754903531],[0.0004281309763235627,-0.00038022992847101887,0.000051222146761991156]]
[[-0.0004144869945260736,0.0005479442203443585,0.00009282561796292388],[-9.103272865646013e-6,-0.00017168065064414624,-0.00014341621198803582],[0.00042359026739171966,-0.00037626356970021224,0.00005059059402511194]]
[[-0.0004101410508532884,0.0005421972919664829,0.00009189582510364719],[-8.980708323887471e-6,-0.00016983796601014925,-0.00014186620769515005],[0.0004191217591771759,-0.0003723593259563337,0.00004997038259150284]]
[[-0.0004058634351879443,0.0005365407671060488,0.0000909799959880817],[-8.860488512020957e-6,-0.00016802486582418258,-0.00014034124269425387],[0.0004147239236999653,-0.00036851590128186623,0.000049361246706172164]]
[[-0.00040165271757051013,0.0005309727524237696,0.0000900778515600179],[-8.74255572683629e-6,-0.00016624071896649895,-0.00013884077982689297],[0.00041039527329734637,-0.0003647320334572706,0.00004876292826687506]]
[[-0.0003975075053567978,0.0005254914040316202,0.000089189119713718],[-8.626853994342556e-6,-0.00016448491108204586,-0.00013736429627709504],[0.00040613435935114037,-0.0003610064929495744,0.00004817517656337704]]
[[-0.00039342644205293267,0.000520094925947342,0.00008831353508692227],[-8.513329008842517e-6,-0.0001627568440482635,-0.00013591128311387816],[0.0004019397710617752,-0.00035733808189907857,0.00004759774802695587]]
[[-0.00038940820619261934,0.0005147815686051168,0.00008745083886101845],[-8.401928074469775e-6,-0.00016105593546251014,-0.00013448124485070695],[0.0003978101342670891,-0.00035372563314260664,0.0000470304059896885]]
[[-0.0003854515102549525,0.000509549627420085,0.00008660077856809134],[-8.292600049076475e-6,-0.00015938161814828993,-0.00013307369902118126],[0.00039374411030402895,-0.0003501680092717951,0.00004647292045308994]]
[[-0.0003815550996211073,0.000504397441404494,0.00008576310790458392],[-8.185295290365008e-6,-0.0001577333396794984,-0.00013168817577027703],[0.0003897403949114723,-0.0003466641017249955,0.000045925067865693105]]
[[-0.000377717751568315,0.000499323391833354,0.00008493758655131132],[-8.079965604162714e-6,-0.00015611056192193926,-0.00013032421746049158],[0.00038579771717247766,-0.00034321282991141484,0.00004538663090918025]]
[[-0.0003739382742996118,0.0004943259009575963,0.00008412397999958206],[-7.97656419474352e-6,-0.00015451276059139657,-0.00012898137829227467],[0.00038191483849435535,-0.0003398131403661997,0.000044857398292692604]]
[[-0.0003702155060079064,0.0004894034307627936,0.00008332205938318992],[-7.875045617105039e-6,-0.00015293942482758375,-0.00012765922393815526],[0.0003780905516250114,-0.00033646400593520987,0.00004433716455496532]]
[[-0.0003665483139729887,0.00048455448177161885,0.00008253160131605183],[-7.775365731114609e-6,-0.00015139005678331972,-0.00012635733119000303],[0.0003743236797041033,-0.0003331644249882991,0.0000438257298739512]]
[[-0.00036293559369015644,0.00047977759188827675,0.00008175238773527485],[-7.677481657441815e-6,-0.00014986417122831298,-0.00012507528761888728],[0.0003706130753475983,-0.00032991342065996377,0.000043322899883612426]]
[[-0.0003593762680291987,0.0004750713352832376,0.0000809842057494464],[-7.58135173519879e-6,-0.00014836129516696242,-0.00012381269124702132],[0.0003669576197643975,-0.00032671004011627523,0.00004282848549757491]]
[[-0.00035586928642253476,0.00047043432131667177,0.00008022684749194956],[-7.486935481214017e-6,-0.0001468809674696106,-0.00012256915023130466],[0.0003633562219037488,-0.00032355335384706116,0.000042342302739355105]]
[[-0.0003524136240813538,0.00046586519349905444,0.00007948010997911412],[-7.394193550868357e-6,-0.00014542273851671063,-0.00012134428255799504],[0.0003598078176322222,-0.0003204424549823438,0.00004186417257888092]]
[[-0.0003490082812386559,0.0004613626284874772,0.00007874379497302162],[-7.303087700426078e-6,-0.00014398616985539188,-0.0001201377157480667],[0.0003563113689390819,-0.0003173764586320853,0.00004139392077504507]]
[[-0.00034565228241814584,0.00045692533511627333,0.00007801770884879135],[-7.213580750796208e-6,-0.00014257083386793308,-0.0001189490865728277],[0.00035286586316894203,-0.0003143545012483403,0.00004093137772403636]]
[[-0.0003423446757279709,0.0004525520534606176,0.00007730166246617974],[-7.125636552663303e-6,-0.00014117631345167262,-0.00011777804077939098],[0.0003494703122806342,-0.000311375740008945,0.00004047637831321124]]
[[-0.00033908453217834113,0.00044824155393182136,0.00007659547104533443],[-7.039219952929107e-6,-0.0001398022017099071,-0.00011662423282561004],[0.00034612375213127024,-0.00030843935222191427,0.000040028761780275616]]
[[-0.00033587094502211454,0.0004439926364031054,0.00007589895404654933],[-6.954296762409636e-6,-0.00013844810165334866,-0.00011548732562410795],[0.0003428252417845242,-0.0003055445347497567,0.000039588371577558606]]
[[-0.0003327030291174648,0.000439804129364677,0.00007521193505387462],[-6.870833724734714e-6,-0.0001371136259117312,-0.00011436699029504553],[0.0003395738628421995,-0.00030269050345294577,0.00003915505524117092]]
[[-0.0003295799203117893,0.00043567488910699386,0.00007453424166244043],[-6.788798486399496e-6,-0.00013579839645517142,-0.00011326290592728761],[0.0003363687187981888,-0.00029987649265182247,0.000038728664264847195]]
[[-0.0003265007748460524,0.00043160379893114294,0.00007386570536935971],[-6.708159567919951e-6,-0.00013450204432491073,-0.00011217475934764451],[0.00033320893441397234,-0.00029710175460623224,0.00003830905397828481]]
[[-0.0003234647687787906,0.00042758976838530994,0.00007320616146808074],[-6.628886336046253e-6,-0.00013322420937307737,-0.00011110224489787658],[0.00033009365511483683,-0.00029436555901223255,0.000037896083429795825]]
[[-0.0003204710974290403,0.0004236317325263553,0.00007255544894606511],[-6.5509489769905746e-6,-0.00013196454001112527,-0.00011004506421916558],[0.0003270220464060309,-0.00029166719251523006,0.00003748961527310048]]
[[-0.0003175189748374812,0.0004197286512055587,0.00007191341038567174],[-6.474318470627319e-6,-0.0001307226929666201,-0.00010900292604376761],[0.00032399329330810855,-0.0002890059582389386,0.000037089515658095884]]
[[-0.0003146076332451162,0.00041587950837762886,0.0000712798918681334],[-6.39896656562604e-6,-0.00012949833304805758,-0.00010797554599357608],[0.0003210065998107422,-0.0002863811753295713,0.00003669565412544269]]
[[-0.00031173632258883543,0.00041208331143211555,0.00007065474288051458],[-6.324865755479106e-6,-0.0001282911329174115,-0.00010696264638533288],[0.0003180611883443145,-0.00028379217851470405,0.0000363079035048183]]
[[-0.00030890431001324596,0.0004083390905463972,0.0000700378162255465],[-6.2519892553877455e-6,-0.0001271007728701231,-0.00010596395604223931],[0.0003151562992686337,-0.00028123831767627413,0.00003592613981669281]]
[[-0.0003061108793981658,0.00040464589805944986,0.00006942896793423735],[-6.1803109799717035e-6,-0.00012592694062225335,-0.00010497921011172576],[0.0003122911903781375,-0.00027871895743719654,0.000035550242177488414]]
[[-0.0003033553309012111,0.00040100280786563877,0.00006882805718116075],[-6.109805521769687e-6,-0.00012476933110453425,-0.00010400814988915294],[0.0003094651364229808,-0.0002762334767611045,0.00003518009270799219]]
[[-0.00030063698051492746,0.0003974089148277997,0.00006823494620232859],[-6.040448130498648e-6,-0.0001236276462630632,-0.00010305052264722325],[0.0003066774286454261,-0.00027378126856473654,0.00003481557644489466]]
[[-0.0002979551596379378,0.0003938633342089153,0.00006764950021555922],[-5.972214693042e-6,-0.00012250159486639736,-0.00010210608147089297],[0.00030392737433097985,-0.00027136173934251795,0.00003445658125533376]]
[[-0.00029530921465960194,0.00039036520112171075,0.00006707158734325359],[-5.905081714137606e-6,-0.00012139089231881343,-0.00010117458509758214],[0.0003012142963737396,-0.0002689743088028973,0.00003410299775432854]]
[[-0.00029269850655770234,0.00038691366999552777,0.00006650107853749758],[-5.839026297738155e-6,-0.00012029526047950897,-0.00010025579776249031],[0.00029853753285544047,-0.0002666184095160188,0.00003375471922499272]]
[[-0.00029012241050869103,0.0003835079140598587,0.00006593784750740982],[-5.774026129017401e-6,-0.00011921442748752975,-0.00009934948904883058],[0.00029589643663770844,-0.000264293486572329,0.000033411641541420766]]
[[-0.00028758031551005114,0.00038014712484394546,0.00006538177064865888],[-5.710059456997068e-6,-0.00011814812759221679,-0.00009845543374280549],[0.0002932903749670482,-0.0002619989972517287,0.00003307366309414661]]
[[-0.0002850716240143426,0.0003768305116918769,0.00006483272697507564],[-5.647105077770258e-6,-0.00011709610098897482,-0.00009757341169315274],[0.0002907187290921129,-0.00025973441070290204,0.00003274068471807708]]
[[-0.00028259575157452154,0.0003735573012926346,0.0000642905980522905],[-5.585142318298297e-6,-0.00011605809366017223,-0.00009670320767509756],[0.00028818089389281987,-0.0002574992076324624,0.000032412609622807077]]
[[-0.00028015212650013755,0.00037032673722456496,0.0000637552679333263],[-5.524151020758861e-6,-0.00011503385722098954,-0.00009584461125855403],[0.00028567627752089646,-0.00025529288000357544,0.00003208934332522772]]
[[-0.0002777401895240277,0.0003671380795137699,0.00006322662309608241],[-5.464111527424237e-6,-0.00011402314877004164,-0.00009499741668042414],[0.000283204301051452,-0.00025311493074372827,0.00003177079358434173]]
[[-0.000275359393479143,0.00036399060420593443,0.00006270455238264553],[-5.4050046660495714e-6,-0.00011302573074460512,-0.00009416142272085],[0.00028076439814519257,-0.0002509648734613293,0.00003145687033820447]]
[[-0.00027300920298515603,0.0003608836029511227,0.00006218894694036745],[-5.346811735751444e-6,-0.000112041370780289,-0.0000933364325832793],[0.0002783560147209075,-0.00024884223217083376,0.00003114748564291185]]
[[-0.0002706890941445124,0.0003578163826010972,0.00006167970016465059],[-5.289514493358512e-6,-0.00011106984157499401,-0.00009252225377821094],[0.0002759786086378709,-0.0002467465410261032,0.00003084255361356036]]
[[-0.00026839855424760207,0.0003547882648187285,0.0000611767076433852],[-5.233095140216247e-6,-0.00011011092075701069,-0.00009171869801049179],[0.0002736316493878183,-0.0002446773440617178,0.00003054199036710659]]
[[-0.0002661370814867383,0.0003517985856990838,0.00006067986710298354],[-5.1775363094287176e-6,-0.00010916439075711289,-0.00009092558107004083],[0.000271314617796167,-0.00024263419494197089,0.00003024571396705729]]
[[-0.000263904184678644,0.0003488466954017944,0.000060189078355959446],[-5.122821053521178e-6,-0.00010823003868450955,-0.000090142722725883],[0.00026902700573216515,-0.00024061665671728486,0.000029953644369923545]]
[[-0.00026169938299515854,0.00034593195779432113,0.00005970424325000202],[-5.0689328325077e-6,-0.00010730765620652131,-0.00008936994662337743],[0.00026676831582766623,-0.00023862430158779982,0.000029665703373375414]]
[[-0.0002595222057018866,0.00034305375010574933,0.00005922526561849583],[-5.015855502348962e-6,-0.00010639703943185518,-0.00008860708018453147],[0.00026453806120423556,-0.00023665671067389416,0.000029381814566035637]]
[[-0.0002573721919045217,0.000340211462590758,0.000058752051232440087],[-4.963573303785668e-6,-0.00010549798879735478,-0.00008785395451129412],[0.00026233576520830735,-0.00023471347379340322,0.000029101903278854036]]
[[-0.0002552488903025877,0.0003374044982034226,0.00005828450775372186],[-4.912070851533944e-6,-0.00010461030895810768,-0.0000871104042917283],[0.00026016096115412163,-0.00023279418924531496,0.000028825896538006434]]
[[-0.0002531518589503535,0.00033463227228052627,0.00005782254468970058],[-4.8613331238293125e-6,-0.00010373380868079722,-0.00008637626770896361],[0.0002580131920741828,-0.00023089846359972905,0.000028553723019263034]]
[[-0.00025108066502467816,0.00033189421223405894,0.00005736607334906089],[-4.811345452306767e-6,-0.00010286830074018931,-0.00008565138635283643],[0.0002558920104769849,-0.00022902591149386964,0.000028285313003775538]]
[[-0.0002490348845995618,0.00032918975725260407,0.00005691500679889419],[-4.7620935122044796e-6,-0.00010201360181864945,-0.00008493560513412662],[0.00025379697811176626,-0.0002271761554339546,0.000028020598335232427]]
[[-0.0002470141024271796,0.0003265183580113198,0.000056469259822969764],[-4.713563312879765e-6,-0.00010116953240858875,-0.00008422877220130409],[0.0002517276657400593,-0.00022534882560273104,0.000027759512378334324]]
[[-0.00024501791172518676,0.0003238794763902309,0.00005602874888115785],[-4.665741188625844e-6,-0.00010033591671774194,-0.0000835307388597016],[0.00024968365291381264,-0.0002235435596724889,0.000027501989978543762]]
[[-0.00024304591397008844,0.00032127258520056037,0.00005559339206996824],[-4.618613789778672e-6,-0.00009951258257718335,-0.0000828413594930331],[0.0002476645277598671,-0.00022176000262337704,0.00002724796742306486]]
[[-0.000241097718696481,0.00031869716791884257,0.000055163109084170035],[-4.572168074103708e-6,-0.0000986993613519916,-0.00008216049148718072],[0.0002456698867705847,-0.000219997806566851,0.000026997382403010678]]
[[-0.00023917294330197034,0.0003161527184285605,0.00005473782117945824],[-4.526391298452283e-6,-0.00009789608785447463,-0.00008148799515617452],[0.00024369933460042262,-0.00021825663057408587,0.00002675017397671628]]
[[-0.0002372712128575871,0.00031363874076906814,0.00005431745113613495],[-4.481271010678462e-6,-0.00009710260025987321,-0.00008082373367029476],[0.00024175248386826558,-0.0002165361405091949,0.00002650628253415981]]
[[-0.0002353921599235217,0.0003111547488915629,0.00005390192322377368],[-4.436795041806919e-6,-0.00009631874002446107,-0.0000801675729862259],[0.0002398289549653286,-0.00021483600886710184,0.000026265649762452217]]
[[-0.00023353542437000725,0.0003087002664218813,0.000053491163166836386],[-4.3929514984431805e-6,-0.00009554435180596448,-0.00007951938177919666],[0.00023792837586845042,-0.00021315591461591683,0.000026028218612360265]]
[[-0.00023170065320318996,0.00030627482642990285,0.00005308509811121413],[-4.349728755417743e-6,-0.00009477928338622633,-0.00007887903137704113],[0.0002360503819586077,-0.00021149554304367653,0.000025793933265827]]
[[-0.00022988750039582494,0.00030387797120534925,0.00005268365659166296],[-4.307115448655877e-6,-0.00009402338559604314,-0.00007824639569611976],[0.0002341946158444808,-0.0002098545856093061,0.0000255627391044568]]
[[-0.00022809562672264767,0.0003015092520397796,0.000052286768500107756],[-4.265100468265385e-6,-0.00009327651224210443,-0.00007762135117903973],[0.00023236072719091304,-0.0002082327397976752,0.00002533458267893197]]
[[-0.0002263246996002726,0.00029916822901458447,0.000051894365054787616],[-4.223672951834721e-6,-0.00009253852003596834,-0.00007700377673411749],[0.0002305483725521073,-0.00020662970897861616,0.00002510941167932988]]
[[-0.00022457439293147786,0.0002968544707947921,0.000051506378770217615],[-4.182822277934279e-6,-0.00009180926852500876,-0.00007639355367652826],[0.00022875721520941215,-0.0002050452022697833,0.000024887174906310647]]
[[-0.00022284438695373808,0.00029456755442850276,0.00005112274342794171],[-4.142538059813953e-6,-0.00009108862002527103,-0.00007579056567108826],[0.00022698692501355204,-0.00020347893440323173,0.000024667822243146562]]
[[-0.0002211343680918741,0.00029230706515177997,0.000050743394048053897],[-4.102810139290088e-6,-0.00009037643955617678,-0.00007519469867661876],[0.0002252371782311642,-0.00020193062559560317,0.00002445130462856486]]
[[-0.0002194440288146921,0.00029007259619882544,0.00005036826686146384],[-4.063628580815694e-6,-0.00008967259477701975,-0.0000746058408918418],[0.00022350765739550778,-0.00020040000142180567,0.00002423757403037797]]
[[-0.00021777306749548822,0.0002878637486172774,0.00004999729928288528],[-4.024983665727408e-6,-0.00008897695592519613,-0.00007402388270275959],[0.00022179805116121564,-0.00019888679269208128,0.000024026583419874305]]
[[-0.00021612118827629972,0.00028568013108847185,0.00004963042988452542],[-3.9868658866635114e-6,-0.00008828939575611631,-0.00007344871663147117],[0.00022010805416296323,-0.00019739073533235556,0.00002381828674694575]]
[[-0.00021448810093579015,0.00028352135975251913,0.00004926759837045505],[-3.949265942147074e-6,-0.00008760978948474518,-0.00007288023728638201],[0.00021843736687793722,-0.00019591157026777398,0.000023612638915926964]]
[[-0.00021287352076065474,0.00028138705803804396,0.000048908745551638695],[-3.912174731328875e-6,-0.000086938014728721,-0.00007231834131376288],[0.00021678569549198363,-0.00019444904330932295,0.00002340959576212419]]
[[-0.00021127716842044068,0.00027927685649644957,0.000048553813321606],[-3.875583348884578e-6,-0.00008627395145300425,-0.00007176292735061647],[0.00021515275176932526,-0.0001930029050434453,0.000023209114029010478]]
[[-0.00020969876984567896,0.00027719039264056976,0.00004820274463274525],[-3.839483080061305e-6,-0.00008561748191600967,-0.000071213895978812],[0.00021353825292574026,-0.0001915729107245601,0.000023011151346066742]]
[[-0.00020813805610922734,0.00027512731078757423,0.000047855483473200895],[-3.803865395868397e-6,-0.00008496849061717582,-0.00007067114968044812],[0.00021194192150509572,-0.0001901588201703984,0.000022815666207247223]]
[[-0.00020659476331072845,0.0002730872619060009,0.000047511974844357804],[-3.7687219484078748e-6,-0.00008432686424592924,-0.00007013459279440759],[0.00021036348525913632,-0.00018876039766007162,0.00002262261795004978]]
[[-0.00020506863246408909,0.0002710699034667909,0.000047172164738894924],[-3.7340445663398214e-6,-0.00008369249163199988,-0.00006960413147406665],[0.0002088026770304289,-0.000187377411834791,0.000022431966735171735]]
[[-0.000203559409387892,0.0002690748992982079,0.000046836000119392245],[-3.699825250478419e-6,-0.0000830652636970481,-0.00006907967364612474],[0.00020725923463837042,-0.0001860096356011598,0.000022243673526732498]]
[[-0.00020206684459865134,0.00026710191944452426,0.00004650342889747493],[-3.6660561695142626e-6,-0.00008244507340756302,-0.00006856112897052031],[0.0002057329007681656,-0.00018465684603696125,0.00002205770007304538]]
[[-0.0002005906932068289,0.0002651506400283646,0.00004617439991347935],[-3.6327296558590164e-6,-0.00008183181572899456,-0.00006804840880140044],[0.00020422342286268794,-0.00018331882429937002,0.0000218740088879211]]
[[-0.00019913071481552974,0.00026322074311659814,0.00004584886291662623],[-3.5998382016083228e-6,-0.00008122538758108215,-0.00006754142614911254],[0.00020273055301713806,-0.00018199535553551597,0.0000216925632324863]]
[[-0.00019768667342179706,0.0002613119165896747,0.000045526768545686216],[-3.567374454619296e-6,-0.00008062568779434488,-0.00006704009564318766],[0.00020125404787641637,-0.00018068622879532977,0.00002151332709750145]]
[[-0.00019625833732043262,0.00025942385401430475,0.00004520806831012422],[-3.5353312146987173e-6,-0.00008003261706769805,-0.00006654433349628592],[0.00019979366853513134,-0.00017939123694660672,0.0000213362651861617]]
[[-0.0001948454790102667,0.00025755625451938537,0.00004489271457170888],[-3.5037014298986596e-6,-0.00007944607792716353,-0.00006605405746907547],[0.00019834918044016537,-0.00017811017659222187,0.000021161342897366584]]
[[-0.0001934478751028081,0.0002557088226750777,0.00004458066052657413],[-3.4724781929159694e-6,-0.0000788659746856415,-0.00006556918683601797],[0.00019692035329572406,-0.0001768428479894362,0.000020988526309443845]]
[[-0.0001920653062332043,0.0002538812683749442,0.000044271860187719966],[-3.441654737592349e-6,-0.00007829221340371244,-0.00006508964235203303],[0.00019550696097079664,-0.00017558905497123175,0.000020817782164313055]]
[[-0.00019069755697344635,0.00025207330672105953,0.00004396626836794072],[-3.4112244355118072e-6,-0.00007772470185143936,-0.00006461534622001672],[0.00019410878140895817,-0.00017434860486962016,0.000020649077852075994]]
[[-0.00018934441574775237,0.0002502846579120061,0.000043663840663168206],[-3.3811807926925974e-6,-0.00007716334947114127,-0.00006414622205918898],[0.00019272559654044495,-0.00017312130844086485,0.00002048238139602078]]
[[-0.00018800567475006836,0.000248515047133675,0.000043364533436218754],[-3.3515174463704414e-6,-0.00007660806734110953,-0.00006368219487424529],[0.0001913571921964388,-0.00017190697979256543,0.000020317661438026524]]
[[-0.00018668112986362616,0.0002467642044527897,0.00004306830380093299],[-3.322228161870385e-6,-0.00007605876814024027,-0.00006322319102529035],[0.00019000335802549654,-0.00017070543631254946,0.000020154887224357354]]
[[-0.00018537058058249906,0.0002450318647130772,0.00004277510960669707],[-3.2933068295644217e-6,-0.00007551536611355595,-0.00006276913819853025],[0.0001886638874120635,-0.00016951649859952122,0.000019994028591833184]]
[[-0.0001840738299350993,0.00024331776743400927,0.000042484909423335366],[-3.264747461912271e-6,-0.00007497777703859112,-0.00006231996537770169],[0.00018733857739701158,-0.00016833999039541817,0.00001983505595436632]]
[[-0.0001827906844095626,0.00024162165671204422,0.000042197662526364515],[-3.236544190582755e-6,-0.00007444591819261754,-0.00006187560281621748],[0.00018602722860014536,-0.0001671757385194267,0.000019677940289852953]]
[[-0.0001815209538809663,0.00023994328112429537,0.00004191332888259832],[-3.2086912636532196e-6,-0.0000739197083206845,-0.00006143598201000707],[0.00018472964514461954,-0.00016602357280361086,0.000019522653127408744]]
[[-0.00018026445154032978,0.00023828239363456115,0.00004163186913609481],[-3.1811830428847228e-6,-0.00007339906760445167,-0.000061001035671033145],[0.0001834456345832145,-0.00016488332603010949,0.000019369166534938336]]
[[-0.00017902099382534738,0.00023663875150164868,0.000041353244594435575],[-3.1540140010705672e-6,-0.00007288391763179168,-0.000060570697701464593],[0.00018217500782641795,-0.000163754833869857,0.000019217453107029018]]
[[-0.0001777904003528068,0.00023501211618992933,0.000041077417215328854],[-3.1271787194560483e-6,-0.00007237418136714124,-0.0000601449031684876],[0.00018091757907226285,-0.00016263793482278806,0.000019067485953158748]]
[[-0.0001765724938526435,0.00023340225328206105,0.00004080434959352721],[-3.1006718852271346e-6,-0.00007186978312257928,-0.00005972358827973664],[0.00017967316573787062,-0.00016153247015948178,0.000018919238686209435]]
[[-0.00017536710010358919,0.00023180893239382105,0.00004053400494805189],[-3.0744882890661373e-6,-0.00007137064852961204,-0.00005930669035932839],[0.0001784415883926553,-0.00016043828386420902,0.000018772685411276498]]
[[-0.00017417404787036794,0.00023023192709098846,0.00004026634710971526],[-3.048622822772239e-6,-0.00007087670451164564,-0.000058894147824481153],[0.00017722267069314018,-0.00015935522257934284,0.000018627800714765884]]
[[-0.00017299316884239916,0.00022867101480822133,0.00004000134050893357],[-3.023070476945009e-6,-0.00007038787925712651,-0.00005848590016270403],[0.00017601623931934418,-0.00015828313555109482,0.000018484559653770465]]
[[-0.0001718242975739643,0.0002271259767698729,0.000039738950163822233],[-2.9978263387289624e-6,-0.00006990410219333176,-0.00005808188790953977],[0.00017482212391269324,-0.00015722187457654113,0.00001834293774571754]]
[[-0.00017066727142580032,0.00022559659791269605,0.00003947914166856645],[-2.9728855896174117e-6,-0.00006942530396079121,-0.00005768205262684583],[0.00017364015701541773,-0.00015617129395190484,0.000018202910958279377]]
[[-0.00016952193050807763,0.00022408266681038175,0.000039221881182059486],[-2.9482435033138002e-6,-0.00006895141638832383,-0.00005728633688159921],[0.00017247017401139143,-0.0001551312504220579,0.000018064455699539727]]
[[-0.0001683881176247288,0.00022258397559988494,0.00003896713541680194],[-2.9238954436487956e-6,-0.0000684823724686719,-0.00005689468422521025],[0.00017131201306837759,-0.00015410160313121307,0.000017927548808408308]]
[[-0.00016726567821908782,0.00022110031990948685,0.0000387148716280549],[-2.899836862551619e-6,-0.00006801810633471631,-0.00005650703917333188],[0.00017016551508163943,-0.00015308221357477052,0.00001779216754527698]]
[[-0.00016615446032080766,0.0002196314987885488,0.000038465057603240596],[-2.876063298073873e-6,-0.0000675585532362576,-0.000056123347186150446],[0.00016903052361888154,-0.0001520729455522912,0.000017658289582909846]]
[[-0.00016505431449402057,0.0002181773146389119,0.00003821766165158403],[-2.852570372464379e-6,-0.00006710364951734678,-0.000055743554649145045],[0.00016790688486648494,-0.00015107366512156513,0.000017525892997561018]]
[[-0.00016396509378670786,0.00021673757314789795,0.000037972652593989164],[-2.829353790293622e-6,-0.00006665333259415193,-0.00005536760885430321],[0.00016679444757700148,-0.00015008424055374604,0.00001739495626031405]]
