[[0.16748241373624678,0.17837575117737997,-0.03262836228934188],[0.17802476869952746,-0.05505431453462378,-0.046920918017774954],[-0.3455071824357743,-0.12332143664275619,0.07954928030711683]]
[[0.18107478603829189,0.20536389302614608,-0.021881270026498756],[0.20943573022070647,-0.10769328073300571,-0.05737914079320807],[-0.39051051625899835,-0.09767061229314036,0.07926041081970683]]
[[0.1951916003870381,0.23611005114484354,-0.006504467680418479],[0.25011056758812567,-0.17316919439669773,-0.07080864473044687],[-0.4453021679751637,-0.06294085674814583,0.07731311241086535]]
[[0.20996795713378816,0.27089596349370093,0.014981889485426884],[0.3034562584354965,-0.2574460906339148,-0.08702621500456229],[-0.5134242155692846,-0.013449872859786095,0.0720443255191354]]
[[0.22592481375983584,0.31019653233502215,0.04477695421974548],[0.3737606730235639,-0.3716844413820254,-0.10472089210037447],[-0.5996854867833997,0.06148790904700322,0.05994393788062899]]
[[0.24414646146724084,0.35507009818693575,0.08669051436086415],[0.46488217614524363,-0.5387563995415849,-0.11971206401324327],[-0.7090286376124845,0.18368630135464914,0.03302154965237912]]
[[0.2657514346557165,0.40780612195880683,0.14832419979312386],[0.5719625813294934,-0.8089103754517335,-0.12005112336962266],[-0.8377140159852099,0.40110425349292667,-0.028273076423501204]]
[[0.2873603427674528,0.4719381557792187,0.24505632862577076],[0.6371961475912347,-1.292096235698311,-0.07201273634583251],[-0.9245564903586874,0.8201580799190922,-0.17304359227993824]]
[[0.2838078886087188,0.5454915943732878,0.39639403443496035],[0.3455328471104733,-2.1368182187417863,0.10251132359221113],[-0.6293407357191921,1.5913266243684985,-0.4989053580271715]]
[[0.20665015374814055,0.5991138603774294,0.5749392825774696],[-1.1348177341002612,-2.7329990027913653,0.3536745034017384],[0.9281675803521207,2.133885142413936,-0.9286137859792081]]
[[0.0937284817612763,0.5966347051681901,0.7271262031756531],[-2.5123409386063114,-1.243030812735715,0.00714873261399207],[2.418612456845035,0.646396107567525,-0.7342749357896452]]
[[-0.036809140209925345,0.5143762086013148,0.8925277732312589],[-1.7579537310230082,0.1922217211131763,-0.6267320172491402],[1.7947628712329335,-0.7065979297144912,-0.2657957559821187]]
[[-0.21539612913484624,0.3273623690855386,0.9846791986478587],[-0.7680326466788564,0.614968777329658,-0.9060151334919153],[0.9834287758137026,-0.9423311464151967,-0.07866406515594335]]
[[-0.37313753830585283,0.10857471192891693,0.9102041340951964],[-0.17012310630019173,0.7404203494578196,-0.8722474614205571],[0.5432606446060446,-0.8489950613867365,-0.03795667267463934]]
[[-0.4503853458089855,-0.04392689446225116,0.7339093846974702],[0.12126707641100845,0.7680653038652321,-0.6940975097354527],[0.329118269397977,-0.7241384094029809,-0.03981187496201749]]
[[-0.46552699155749494,-0.11777799261823906,0.5604105357050138],[0.24179206202468573,0.7378834352345,-0.50970760532287],[0.2237349295328092,-0.6201054426162609,-0.05070293038214381]]
[[-0.45691910130779634,-0.14913599929480387,0.4300563555943545],[0.28740557557720225,0.6829275300014607,-0.37009487053920176],[0.16951352573059408,-0.5337915307066569,-0.05996148505515274]]
[[-0.4440246650705415,-0.1696632937879939,0.3378375211871706],[0.3071826022865041,0.6234429388544853,-0.27573222117645607],[0.13684206278403738,-0.4537796450664914,-0.06210530001071449]]
[[-0.4277202099761486,-0.1941459088109461,0.26691051433038115],[0.321310636292042,0.5661109710827481,-0.21421175098728062],[0.10640957368410664,-0.37196506227180204,-0.05269876334310057]]
[[-0.40030228078332647,-0.22207777345141927,0.20398062866470362],[0.3358334098210404,0.5106271964572733,-0.17385231036450055],[0.06446887096228612,-0.28854942300585396,-0.030128318300203072]]
[[-0.35693423300081817,-0.2432516296930651,0.14502585665609222],[0.35030497174975384,0.4551346071106565,-0.14613434113356233],[0.006629261251064278,-0.2118829774175914,0.001108484477470098]]
[[-0.3025961719184024,-0.2485072756073607,0.0936997626833736],[0.36211754440153454,0.3992137430002236,-0.12548052163865753],[-0.05952137248313219,-0.15070646739286295,0.03178075895528393]]
[[-0.24800514241465088,-0.23765423879906436,0.05429484216144147],[0.3693202710975797,0.3442919685595719,-0.10869661095802377],[-0.12131512868292882,-0.10663772976050753,0.05440176879658232]]
[[-0.2011592364553939,-0.21711384425625774,0.027190675361559842],[0.3716874739195756,0.2923693523615134,-0.09424884065963796],[-0.1705282374641817,-0.07525550810525568,0.0670581652980781]]
[[-0.1644895811764338,-0.19359827756778292,0.00977871053616175],[0.3702794701644851,0.24479864310316723,-0.08150510984317035],[-0.20578988898805128,-0.05120036553538432,0.0717263993070086]]
[[-0.13693509571414947,-0.17116107218155927,-0.0010954974024540258],[0.366578834428171,0.20193770290982538,-0.07019206646076862],[-0.22964373871402155,-0.030776630728266127,0.07128756386322264]]
[[-0.11638446598651797,-0.15144873638971068,-0.007893851764815657],[0.3619237849123428,0.16337964816083483,-0.06012658005350142],[-0.24553931892582484,-0.01193091177112414,0.06802043181831707]]
[[-0.10087867134308068,-0.13476056163339456,-0.01222731297285273],[0.35731284684149145,0.12829244593718292,-0.05112347025663999],[-0.25643417549841074,0.006468115696211647,0.06335078322949272]]
[[-0.08893099805945037,-0.12082948588934854,-0.015071735545604323],[0.35341355431705956,0.09565681842143653,-0.04297740289697943],[-0.2644825562576092,0.025172667467912007,0.058049138442583754]]
[[-0.07949643090196291,-0.10922392972021833,-0.01700171565663222],[0.35063517855414916,0.06437880577013219,-0.035463780372031725],[-0.2711387476521862,0.04484512395008615,0.05246549602866395]]
[[-0.07185949000870726,-0.09951593805987928,-0.018354657128505706],[0.3491974081289003,0.03331085450317725,-0.028337491108208233],[-0.27733791812019304,0.06620508355670203,0.04669214823671394]]
[[-0.06553128127357276,-0.09133701029947283,-0.01933076142416127],[0.34917002020767307,0.001213010509149813,-0.021323062440431747],[-0.28363873893410035,0.09012399979032303,0.040653823864593014]]
[[-0.060174194041126394,-0.08438736416532688,-0.02005072776687209],[0.35047313555802023,-0.03333031669720974,-0.014093485620040456],[-0.29029894151689384,0.11771768086253662,0.03414421338691255]]
[[-0.05555106823317559,-0.07842869167819123,-0.020588456408851992],[0.352824486362665,-0.07203755579377427,-0.0062337981957262326],[-0.2972734181294894,0.15046624747196552,0.026822254604578225]]
[[-0.051491878697443635,-0.07327276233670521,-0.020989561190172097],[0.35560294468862313,-0.11711228023498071,0.002818342159394976],[-0.3041110659911795,0.19038504257168593,0.01817121903077712]]
[[-0.04787206375292183,-0.06877039628616569,-0.02128189380583621],[0.35756006820499425,-0.17149869280343344,0.01386934079602806],[-0.30968800445207245,0.24026908908959915,0.007412553009808149]]
[[-0.04459841467350875,-0.064802112741383,-0.021481526653865015],[0.35623339302339135,-0.23922095137355096,0.028127575477130046],[-0.31163497834988263,0.30402306411493396,-0.006646048823265033]]
[[-0.04159991513610782,-0.06127053596120704,-0.021596096716876713],[0.34675246900561923,-0.3257549724939021,0.04745735599627357],[-0.3051525538695114,0.38702550845510914,-0.025861259279396857]]
[[-0.038821986244144305,-0.05809424038065714,-0.02162658795804339],[0.31940388210054715,-0.4381214514203861,0.07475697156032934],[-0.2805818958564028,0.4962156918010433,-0.05313038360228596]]
[[-0.03622340411915646,-0.055202668509010046,-0.02156826573488542],[0.25479559255985523,-0.5834562423059851,0.11437037271456121],[-0.21857218844069878,0.6386589108149952,-0.0928021069796758]]
[[-0.03377590514714671,-0.05253197815299043,-0.021411554717389633],[0.11538689429551513,-0.7618270874193951,0.17182501067568878],[-0.08161098914836842,0.8143590655723856,-0.15041345595829914]]
[[-0.03146725995386522,-0.050022490931601556,-0.021144477611266872],[-0.16258839478836115,-0.9416235635859248,0.2498479123720735],[0.19405565474222639,0.9916460545175263,-0.22870343476080662]]
[[-0.029308578322281464,-0.04762077029347258,-0.02076042594707959],[-0.6427894794947431,-1.0021459894071933,0.33241214631040095],[0.6720980578170246,1.049766759700666,-0.31165172036332134]]
[[-0.02734126428410314,-0.045293500638460105,-0.020276918553553784],[-1.234919457072284,-0.7089663446939247,0.3568795239121592],[1.262260721356387,0.7542598453323848,-0.3366026053586054]]
[[-0.025620702483543648,-0.043054842015919824,-0.019758210876055317],[-1.5265428061832735,-0.005748546089450614,0.250616124707535],[1.552163508666817,0.04880338810537044,-0.23085791383147974]]
[[-0.024156428649926467,-0.04096760977482276,-0.0192945545341118],[-1.253033721563833,0.653007012243663,0.07033267971219423],[1.2771901502137593,-0.6120394024688401,-0.051038125178082434]]
[[-0.022882538645067497,-0.03908072117867843,-0.01892926785428327],[-0.7420658734101524,0.9131554063016526,-0.060996598941172986],[0.7649484120552199,-0.8740746851229741,0.07992586679545625]]
[[-0.02171539073533224,-0.037388264882522726,-0.018640037418601978],[-0.3268004317162197,0.8868965706797617,-0.11777254410924938],[0.34851582245155194,-0.8495083057972389,0.13641258152785135]]
[[-0.020603292609923246,-0.03585310714638446,-0.01838165439178471],[-0.06717112767560628,0.7621275027564575,-0.13068841732039274],[0.08777442028552952,-0.726274395610073,0.14907007171217745]]
[[-0.019528313295027577,-0.034436350842275025,-0.01811755338016044],[0.08143568647008237,0.6290925614797819,-0.12533762997643902],[-0.061907373175054785,-0.5946562106375068,0.14345518335659946]]
[[-0.018491774033369865,-0.03310885187061127,-0.017827516242999775],[0.16460775744831851,0.5146018389402417,-0.11411336879180861],[-0.14611598341494864,-0.4814929870696304,0.1319408850348084]]
[[-0.017502188687609586,-0.03185206728954622,-0.017504998296334003],[0.21119233669450235,0.42193870148955814,-0.1019851799239828],[-0.19369014800689277,-0.39008663420001194,0.1194901782203168]]
[[-0.01656846594682049,-0.030655513867147235,-0.017152306659309145],[0.23750584057910173,0.3478925349343637,-0.09070269391712141],[-0.22093737463228122,-0.31723702106721646,0.10785500057643055]]
[[-0.015696932151768043,-0.02951389915167097,-0.016776417820833826],[0.2525858142233103,0.2883171000655206,-0.0807405296809648],[-0.23688888207154224,-0.2588032009138496,0.09751694750179864]]
[[-0.014890549897246618,-0.02842484839077079,-0.016386031215803776],[0.26149156420814346,0.23961344939162668,-0.07209811204506075],[-0.24660101431089684,-0.2111886010008559,0.08848414326086453]]
[[-0.014149213898562135,-0.027387356663737816,-0.015989753812219152],[0.26712020689075283,0.19895312045406058,-0.06461530836578253],[-0.25297099299219067,-0.17156576379032276,0.08060506217800167]]
[[-0.013470460026428169,-0.026400845549504393,-0.015595133143329176],[0.2711780603446943,0.16416611605796308,-0.05809274020760935],[-0.2577076003182662,-0.1377652705084587,0.07368787335093852]]
[[-0.01285023456917454,-0.025464653536205875,-0.015208257146821126],[0.2747034068900275,0.13357293446235635,-0.0523339682141438],[-0.2618531723208529,-0.10810828092615048,0.06754222536096494]]
[[-0.012283562569740837,-0.024577808274365717,-0.014833695927067975],[0.2783529271558293,0.10583403637334177,-0.04715634168768643],[-0.2660693645860885,-0.08125622809897605,0.061990037614754405]]
[[-0.011765062190287483,-0.023738966068493593,-0.01447462591682979],[0.2825616204759031,0.07982770895453561,-0.04238904547623863],[-0.27079655828561566,-0.05608874288604202,0.05686367139306842]]
[[-0.011289306533852664,-0.02294644022528037,-0.014133032945532444],[0.2876326807468374,0.05454999325709589,-0.03786535967215911],[-0.2763433742129847,-0.03160355303181552,0.051998392617691555]]
[[-0.010851057206754125,-0.022198268626698395,-0.013809932494332756],[0.29378595840466853,0.02902636120427058,-0.03341119574040011],[-0.2829349011979144,-0.006828092577572182,0.04722112823473286]]
[[-0.010445399815488329,-0.0214922913321057,-0.01350557373151283],[0.30117814549007005,0.002223886975883589,-0.028829484649946238],[-0.29073274567458174,0.019268404356222114,0.04233505838145907]]
[[-0.010067809556345715,-0.02082622240307734,-0.013219611597582993],[0.3098974331102087,-0.027048679881956417,-0.02387818130112234],[-0.29982962355386295,0.04787490228503376,0.03709779289870533]]
[[-0.009714170157681447,-0.02019770825568654,-0.012951241288550418],[0.31992526996462095,-0.06026863817747221,-0.01823752180242073],[-0.3102110998069395,0.08046634643315875,0.03118876309097115]]
[[-0.009380764328724948,-0.019604369260830718,-0.012699294496231648],[0.33104288602463217,-0.09937615744340285,-0.011458843267668144],[-0.3216621216959072,0.11898052670423358,0.024158137763899794]]
[[-0.009064249892333516,-0.01904382320766304,-0.012462298561879375],[0.3426318735399189,-0.14702941681133436,-0.0028815902522796987],[-0.3335676236475854,0.1660732400189974,0.015343888814159073]]
[[-0.008761633760949341,-0.018513689361963865,-0.012238499601410517],[0.35325850940208714,-0.20697330983935755,0.008504486938433706],[-0.3444968756411378,0.2254869992013214,0.003734012662976811]]
[[-0.00847025685762936,-0.018011570578323248,-0.01202584981994804],[0.3598015333685701,-0.28454053576002486,0.02428946824576368],[-0.35133127651094076,0.3025521063383481,-0.012263618425815638]]
[[-0.008187808960347535,-0.017535008504655537,-0.011821959525507308],[0.355600886796808,-0.3871826626597585,0.047016213007289434],[-0.34741307783646047,0.40471767116441404,-0.03519425348178213]]
[[-0.007912407328212542,-0.017081404195143368,-0.011624020835173669],[0.3265387419197705,-0.5243988627033295,0.08071028949890208],[-0.3186263345915579,0.5414802668984728,-0.0690862686637284]]
[[-0.007642803794184147,-0.01664789778069739,-0.011428738146858346],[0.2431789741795806,-0.7044604153389818,0.13126236082266932],[-0.23553617038539643,0.7211083131196793,-0.11983362267581098]]
[[-0.007378834914133445,-0.016231224706936276,-0.011232394694409502],[0.048312222322312685,-0.9191297324397034,0.2048412318497099],[-0.04093338740817924,0.9353609571466397,-0.1936088371553004]]
[[-0.00712224426767399,-0.015827676033859726,-0.01103144647051845],[-0.3439221733848087,-1.095655271309239,0.2975830329354769],[0.3510444176524827,1.1114829473430985,-0.28655158646495843]]
[[-0.006877638782453962,-0.015433622130821365,-0.010824497269208023],[-0.9549350930887912,-1.020626095566038,0.36607858287347267],[0.9618127318712452,1.0360597176968593,-0.35525408560426464]]
[[-0.006651700305957445,-0.015047410431199526,-0.010615991367347852],[-1.486375221233642,-0.464821505996165,0.31895990423815523],[1.4930269215395995,0.4798689164273645,-0.3083439128708074]]
[[-0.006447590574810041,-0.014671646241013622,-0.010416859863531507],[-1.4678740438968632,0.30747910988556404,0.1481804073878126],[1.4743216344716732,-0.2928074636445504,-0.1377635475242811]]
[[-0.006259983792303048,-0.014311106835196642,-0.01023552967396698],[-1.012493812868837,0.7636683145557811,-0.0147245636513818],[1.01875379666114,-0.7493572077205845,0.024960093325348782]]
[[-0.006080351010834019,-0.013967945310274642,-0.010071007171142418],[-0.5447329222638766,0.8522826928065497,-0.09943188561892553],[0.5508132732747106,-0.838314747496275,0.10950289279006795]]
[[-0.005903497008442102,-0.013641201915310933,-0.009917259916094308],[-0.22512107183911378,0.7731480947008357,-0.12701109965701618],[0.2310245688475559,-0.7595068927855247,0.13692835957311048]]
[[-0.005728080370288576,-0.013328782475958496,-0.009768587835006476],[-0.0334679439580709,0.6549771755188482,-0.12825112423330504],[0.039196024328359474,-0.6416483930428897,0.13801971206831148]]
[[-0.005554845248784515,-0.013028701840830825,-0.009621325864718991],[0.078001305339923,0.5442386424125084,-0.1199093478694803],[-0.07244646009113849,-0.5312099405716776,0.1295306737341993]]
[[-0.005385241006409065,-0.01273944327557949,-0.009473668174596767],[0.1433297603435878,0.4517361126574474,-0.10907922814541034],[-0.13794451933717872,-0.4389966693818679,0.11855289632000711]]
[[-0.005220717564191317,-0.012459946485723685,-0.00932508783887745],[0.18252871265044127,0.3768956787399958,-0.09842663104724148],[-0.17730799508624995,-0.3644357322542721,0.10775171888611892]]
[[-0.00506243848466574,-0.01218949940981124,-0.009175826773610264],[0.2068677411169807,0.3164576780512628,-0.08881556445842659],[-0.20180530263231497,-0.30426817864145156,0.09799139123203686]]
[[-0.004911202293437826,-0.011927629018515438,-0.009026534474682926],[0.22272203012846836,0.2671022103032797,-0.08041468469180454],[-0.21781082783503053,-0.2551745812847642,0.08944121916648747]]
[[-0.004767457250805568,-0.01167401518781411,-0.0088780329123789],[0.2337793364534902,0.22607445200124943,-0.07314065794564556],[-0.22901187920268462,-0.21440043681343532,0.08201869085802445]]
[[-0.004631352691804071,-0.011428428959209704,-0.008731171597880899],[0.24223861916241393,0.1912142573458305,-0.06683160975316307],[-0.23760726647060987,-0.1797858283866208,0.07556278135104398]]
[[-0.004502799868872099,-0.011190690638637235,-0.008586743254336261],[0.24945958497674706,0.16083835490959197,-0.06131204698660006],[-0.24495678510787494,-0.14964766427095472,0.06989879024093631]]
[[-0.0043815300109118355,-0.010960642594675564,-0.00844543889871621],[0.2563206500427301,0.13360771638767138,-0.05641392714816517],[-0.25193912003181823,-0.12264707379299582,0.06485936604688138]]
[[-0.004267144603315829,-0.010738132433578965,-0.00830782780438499],[0.26342085629722684,0.10841219530403247,-0.05197972838328552],[-0.259153711693911,-0.0976740628704535,0.06028755618767051]]
[[-0.004159156465554576,-0.010523003246513288,-0.008174352551182474],[0.2711962607544284,0.08427390253540037,-0.047857660911497985],[-0.26703710428887384,-0.07375089928888709,0.056032013462680455]]
[[-0.004057021899956605,-0.01031508850482859,-0.008045332612217468],[0.27998739247064136,0.06026207399872031,-0.04389254182115709],[-0.27593037057068476,-0.04994698549389171,0.05193787443337455]]
[[-0.003960164927334498,-0.010114209857674538,-0.007920972104371631],[0.290076053260438,0.035409596941563704,-0.03991274046930071],[-0.28611588833310353,-0.025295387083889165,0.04783371257367234]]
[[-0.003867994888378171,-0.009920176576814533,-0.007801368760333998],[0.301698550195144,0.00861950382618598,-0.03571164001572198],[-0.29783055530676583,0.0013006727506285542,0.043513008776055975]]
[[-0.0037799187344713533,-0.00973278572505668,-0.007686522078787789],[0.315033226249003,-0.02145354749393607,-0.031020064158017124],[-0.3112533075145316,0.031186333218992748,0.03870658623680491]]
[[-0.0036953493160678174,-0.009551822320004838,-0.007576339114684253],[0.33014831581875304,-0.05656783969701448,-0.025463164674122518],[-0.32645296650268524,0.06611966201701933,0.03303950378880677]]
[[-0.0036137110247511915,-0.009377058831821473,-0.007470636568515135],[0.3468748727388649,-0.09913609546902312,-0.018490190946946664],[-0.3432611617141137,0.1085131543008446,0.025960827515461797]]
[[-0.0035344444035243956,-0.009208253279077382,-0.0073691377779182745],[0.3645249389123322,-0.15258795454270643,-0.009256580258916668],[-0.3609904945088078,0.16179620782178383,0.016625718036834942]]
[[-0.0034570120582505907,-0.00904514492789181,-0.007271462980260177],[0.38127601089394253,-0.22190520304868472,0.0035774424610030588],[-0.3778189988356919,0.23095034797657654,0.0036940205192571183]]
[[-0.0033809098777924955,-0.008887446079799258,-0.007177111030941005],[0.39281866464097703,-0.3143399440415772,0.022189117031465068],[-0.38943775476318454,0.32322739012137647,-0.015012006000524063]]
[[-0.003305691210213541,-0.008734827578212872,-0.007085431463968489],[0.38937153918595585,-0.44005378785623045,0.05014136626317194],[-0.3860658479757423,0.44878861543444337,-0.04305593479920345]]
[[-0.0032310191103703447,-0.008586894650708561,-0.0069955902426845264],[0.3492410695210728,-0.6112332437175079,0.09306964161089654],[-0.3460100504107025,0.6198201383682164,-0.08607405136821202]]
[[-0.0031567751803256894,-0.00844315016421592,-0.006906549942166282],[0.22646579319013388,-0.8339249037511877,0.1585824421178987],[-0.22330901800980818,0.8423680539154035,-0.15167589217573244]]
[[-0.0030832669981645305,-0.008302952029196207,-0.006817140600600491],[-0.06281280001478422,-1.0750190702263518,0.25089011679905654],[0.06589606701294874,1.083322022255548,-0.24407297619845603]]
[[-0.003011531575837619,-0.008165516267669311,-0.006726430437660908],[-0.6038320733614121,-1.1810663922985707,0.34801989618721074],[0.6068436049372496,1.18923190856624,-0.34129346574954983]]
[[-0.0029434109050919793,-0.008030129599036574,-0.006634690067992384],[-1.2649466123171234,-0.8612764544003331,0.3682393912145703],[1.2678900232222154,0.8693065839993697,-0.3616047011465779]]
[[-0.002880465638145215,-0.007896700843305418,-0.006544351358422186],[-1.5451260032299725,-0.1123483606244708,0.24230052284047982],[1.5480064688681177,0.12024506146777622,-0.23575617148205763]]
[[-0.0028220791198365763,-0.007765990200747224,-0.006458534263859539],[-1.2523243634849652,0.5258093651361099,0.062263981956020904],[1.255146442604802,-0.5180433749353627,-0.055805447692161364]]
[[-0.0027659774133576495,-0.007638815861761619,-0.006378128644483292],[-0.7775016832495796,0.7707753295466646,-0.056495659864805925],[0.7802676606629373,-0.763136513684903,0.06287378850928922]]
[[-0.0027103882126095396,-0.00751544294156717,-0.006301905159200983],[-0.40311574539055783,0.7674447468390758,-0.10709321303443023],[0.4058261336031674,-0.7599293038975086,0.11339511819363121]]
[[-0.002654683979266539,-0.00739573287297161,-0.006228202362229605],[-0.1634113378148566,0.6786481565046891,-0.12052730144618137],[0.16606602179412314,-0.6712524236317174,0.126755503808411]]
[[-0.002598967162819364,-0.0072794176685461245,-0.006155767785205141],[-0.01827542193862187,0.5777515254821177,-0.11836297478394898],[0.020874389101441234,-0.5704721078135716,0.12451874256915411]]
[[-0.0025436344793326694,-0.00716623525118963,-0.006083864856144091],[0.0697200098055299,0.4876924191572352,-0.11074742607274987],[-0.06717637532619723,-0.4805261839060456,0.11683129092889397]]
[[-0.002489137163590484,-0.007055969360498808,-0.006012153898828964],[0.12439117669250195,0.4126893091143979,-0.10186388574213517],[-0.12190203952891146,-0.4056333397538991,0.10787603964096415]]
[[-0.0024358763861440456,-0.006948451786812904,-0.005940556692451206],[0.15961828633510464,0.35131931199473476,-0.09330013094822714],[-0.1571824099489606,-0.34437086020792185,0.09924068764067835]]
[[-0.002384166989179441,-0.006843553706840278,-0.005869152950760982],[0.1834042449618258,0.3009610263138104,-0.08557721234687879],[-0.18102007797264638,-0.2941174726069701,0.09144636529763978]]
[[-0.00233423211912519,-0.006741175673122756,-0.005798109538289226],[0.20044140303955438,0.2591202361868523,-0.07879105646401854],[-0.19810717092042918,-0.25237906051372955,0.08458916600230777]]
[[-0.0022862106634830262,-0.006641239065502994,-0.005727634170720039],[0.21356065011395303,0.22372952351824546,-0.07287634738918078],[-0.21127443945047003,-0.21708828445274245,0.07860398155990082]]
[[-0.0022401691366143745,-0.00654367949672573,-0.0056579458964917395],[0.22453201253955707,0.1931369580075056,-0.06771357042734406],[-0.2222918434029427,-0.1865932785107799,0.0733715163238358]]
[[-0.002196114254362314,-0.006448441962563986,-0.005589256738768923],[0.2345112827511703,0.16601685347150047,-0.06317055657640372],[-0.232315168496808,-0.1595684115089365,0.06875981331517264]]
[[-0.002154004581175856,-0.006355477374264173,-0.005521760660066146],[0.2442947986681671,0.14127307414096543,-0.05911614680465853],[-0.24214079408699124,-0.13491759676670126,0.06463790746472467]]
[[-0.0021137606356334184,-0.006264740129647118,-0.005455627267766072],[0.2544688000077068,0.11795156852028887,-0.055421451615001525],[-0.2523550393720734,-0.11168682839064176,0.0608770788827676]]
[[-0.002075273307469088,-0.006176186439410113,-0.0053909985122563946],[0.26549927076528246,0.0951612750867012,-0.051954797114853825],[-0.26342399745781336,-0.08898508864729109,0.05734579562711022]]
[[-0.0020384106525535707,-0.006089773184946062,-0.005327987169522625],[0.27778639371430974,0.07199658133966068,-0.04857216231218443],[-0.27574798306175613,-0.06590680815471461,0.05390014948170706]]
[[-0.002003023225529197,-0.0060054571310811265,-0.005266676241794306],[0.29169516624415615,0.04745145387916321,-0.04510252054557915],[-0.289692143018627,-0.04144599674808208,0.050369196787373456]]
[[-0.0019689481503738777,-0.0059231943485611605,-0.005207118613539252],[0.3075647631816855,0.020311766035656764,-0.041325485437694265],[-0.3055958150313116,-0.014388571687095605,0.04653260405123352]]
[[-0.0019360121564218826,-0.005842939715523328,-0.005149336399910042],[0.325689599811471,-0.010993709580541277,-0.03693601907798572],[-0.32375358765504914,0.016836649296064606,0.04208535547789576]]
[[-0.0019040338536336645,-0.005764646361297761,-0.00509331943608202],[0.34624929226069917,-0.04861348250189794,-0.031486555202893445],[-0.3443452584070655,0.0543781288631957,0.03657987463897547]]
[[-0.0018728256289710509,-0.005688264881659005,-0.005039022281337049],[0.36913236120004705,-0.09561066144246226,-0.024288957311821655],[-0.36725953557107605,0.10129892632412127,0.029327979593158703]]
[[-0.0018421957937744678,-0.005613742075230349,-0.004986358950610599],[0.3935258538785432,-0.156483599598708,-0.014244429292705725],[-0.39168365808476874,0.16209734167393833,0.019230788243316324]]
[[-0.0018119521616990059,-0.005541018793991006,-0.004935194365412773],[0.4169741441289556,-0.23794069501533108,0.0004544262354861479],[-0.41516219196725657,0.2434817138093221,0.004480768129926626]]
[[-0.0017819094306734539,-0.005470026212235733,-0.0048853313989896344],[0.4332180665155483,-0.3498907264699836,0.022834307383071677],[-0.43143615708487487,0.35536075268221934,-0.01794897598408204]]
[[-0.0017519052742500998,-0.005400679333386584,-0.004836493054165855],[0.42727661984183785,-0.5059749054639899,0.0579250153083422],[-0.4255247145675877,0.5113755847973765,-0.053088522254176346]]
[[-0.0017218350533491984,-0.005332865942276448,-0.004788303177317172],[0.3649060716992945,-0.7202811624376986,0.11346616799914139],[-0.3631842366459453,0.725614028379975,-0.10867786482182422]]
[[-0.0016917227074640666,-0.005266429458322782,-0.0047402838162527786],[0.17502214058061902,-0.9878072300959503,0.19799472611290386],[-0.17333041787315495,0.9930736595542731,-0.1932544422966511]]
[[-0.001661844340289543,-0.005201150267463372,-0.00469193095647659],[-0.2508010125838121,-1.2193659947693476,0.30659974058718237],[0.25246285692410164,1.224567145036811,-0.3019078096307058]]
[[-0.001632847906929259,-0.005136757126333453,-0.004643004968394855],[-0.9242711875896077,-1.150945526504482,0.3828148810317844],[0.925904035496537,1.1560822836308153,-0.37817187606338953]]
[[-0.001605556051386803,-0.00507304529192838,-0.004594050978781227],[-1.4654120117041196,-0.5593590939235588,0.3260421914260696],[1.4670175677555064,0.5644321392154872,-0.32144814044728837]]
[[-0.0015801814866740513,-0.005010069612114639,-0.0045463682214036145],[-1.4267837880534942,0.19344215258586991,0.15520240970093266],[1.4283639695401682,-0.18843208297375527,-0.15065604147952905]]
[[-0.001556000768448624,-0.004948093849585224,-0.004500830682705999],[-1.0112935370077654,0.6196578359466578,0.005074134845677482],[1.012849537776214,-0.6147097420970725,-0.0005733041629714833]]
[[-0.0015321548433397695,-0.004887331709468398,-0.004457300208970325],[-0.5991660756420573,0.7246373837393403,-0.07395853665360748],[0.600698230485397,-0.719750052029872,0.07841583686257782]]
[[-0.001508205690690723,-0.004827858986704433,-0.00441517736579774],[-0.31065321163661036,0.6836556619694605,-0.104128959338854],[0.31216141732730107,-0.678827802982756,0.10854413670465174]]
[[-0.0014840832407395374,-0.004769665396400541,-0.0043738980820344],[-0.12803159302515957,0.601539897903016,-0.11089020457473914],[0.1295156762658991,-0.5967702325066154,0.11526410265677355]]
[[-0.001459900204764641,-0.0047127073479354565,-0.004333078077026072],[-0.014078784112036514,0.518243276556208,-0.10807500735238022],[0.015538684316801155,-0.5135305692082727,0.1124080854294063]]
[[-0.0014358298924203577,-0.004656934037204829,-0.004292500197258211],[0.0584041091881041,0.4452593356437715,-0.10189922553101964],[-0.05696827929568374,-0.4406024016065667,0.10619172572827786]]
[[-0.001412046787137832,-0.004602297287929794,-0.004252068450238075],[0.10610527434559129,0.38412306939728647,-0.09496374772789103],[-0.10469322755845346,-0.37952077210935664,0.0992158161781291]]
[[-0.0013887020155051856,-0.004548754324328442,-0.0042117667086680535],[0.13888570000806646,0.33341890648127287,-0.08829486245566229],[-0.1374969979925613,-0.32887015215694443,0.09250662916433035]]
[[-0.001365915455165663,-0.004496267883549669,-0.004171628488751883],[0.16260993982130875,0.2911518992217949,-0.08224947759915004],[-0.1612440243661431,-0.28665563133824523,0.08642110608790192]]
[[-0.0013437752341596337,-0.004444805475876051,-0.0041317162240809835],[0.18085062368723662,0.25546521674793365,-0.07690401465078961],[-0.17950684845307696,-0.2510204112720576,0.08103573087487059]]
[[-0.0013223402612651232,-0.004394338480796183,-0.004092107383832983],[0.19585770185012943,0.22479930207094517,-0.07222083661169768],[-0.1945353615888643,-0.22040496359014897,0.07631294399553065]]
[[-0.0013016437789651458,-0.004344841318152881,-0.004052885267426619],[0.20910755838981004,0.1978747087894752,-0.06811893637102079],[-0.20780591461084488,-0.1935298674713223,0.0721718216384474]]
[[-0.0012816970303770835,-0.004296290759880587,-0.004014132938594022],[0.22161951165321855,0.17362751333352847,-0.06450265293182063],[-0.22033781462284147,-0.16933122257364788,0.06851678587041465]]
[[-0.0012624926446990793,-0.004248665383710064,-0.003975929250352577],[0.2341433120300076,0.15113757422653254,-0.06127131899755483],[-0.23288081938530852,-0.14688890884282246,0.0652472482479074]]
[[-0.0012440075859330617,-0.004201945148975619,-0.003938346245782591],[0.24727399703443118,0.12955881154012755,-0.05831949854120278],[-0.24602998944849813,-0.12535686639115193,0.06225784478698537]]
[[-0.0012262056216770642,-0.004156111069579594,-0.003901447436067321],[0.2615247034814877,0.10804936747130144,-0.055531492461430826],[-0.26029849785981063,-0.10389325640172184,0.05943293989749815]]
[[-0.001209039320413358,-0.004111144959403772,-0.0038652865925429725],[0.2773735646707477,0.08569441600781912,-0.05277070801047719],[-0.2761645253503343,-0.08158327104841534,0.056635994603020164]]
[[-0.0011924516099853402,-0.0040670292263897114,-0.003829906767581758],[0.29529156149494046,0.06141022427189551,-0.049862316218189276],[-0.29409910988495513,-0.0573431950455058,0.05369222298577103]]
[[-0.0011763769449020763,-0.004023746690746228,-0.0037953392934296486],[0.31574996971504443,0.03381213724297914,-0.0465652025231236],[-0.3145735927701424,-0.029788390552232914,0.05036054181655325]]
[[-0.0011607421491255233,-0.003981280398208146,-0.0037616025035113695],[0.33919438402714525,0.001019190291204775,-0.042525445614445684],[-0.3380336418780197,0.0029620901070033716,0.04628704811795705]]
[[-0.0011454670405082062,-0.003939613387859643,-0.0037286998748835955],[0.3659494039229368,-0.03964859416436924,-0.037196803053140465],[-0.36480393688242857,0.043588207552228884,0.04092550292802406]]
[[-0.0011304650326455982,-0.003898728349879729,-0.0036966171955960586],[0.39596650624033897,-0.09214965094630367,-0.029701113861930563],[-0.3948360412076934,0.09604837929618341,0.03339773105752662]]
[[-0.001115644111808087,-0.003858607059957816,-0.003665318209776243],[0.42820531377024423,-0.16247535407242888,-0.018578668657947058],[-0.42708966965843614,0.16633396113238672,0.0222439868677233]]
[[-0.0011009090374074315,-0.003819229380827,-0.003634738008495072],[0.45914361520591945,-0.2597634767597735,-0.0013419847311958739],[-0.458042706168512,0.26358270614060053,0.004976722739690946]]
[[-0.0010861666103710581,-0.003780571434251959,-0.003604773377111936],[0.4792192226271102,-0.3975680053883165,0.026283843137925565],[-0.4781330560167391,0.40134857682256847,-0.02267906976081363]]
[[-0.001071337978249169,-0.0037426022079191687,-0.003575270075420833],[0.4646015397050133,-0.5935719874939593,0.07140785576159327],[-0.4635302017267641,0.5973145897018785,-0.06783258568617244]]
[[-0.0010563859409531307,-0.003705277397285862,-0.00354601113289315],[0.3604990965413851,-0.8599877581242741,0.14411048248037492],[-0.359442710600432,0.8636930355215598,-0.14056447134748176]]
[[-0.0010413694510197236,-0.003668529475690129,-0.00351672519282162],[0.06259481168322109,-1.1599473520576906,0.25034217616559334],[-0.06155344223220137,1.1636158815333808,-0.24682545097277173]]
[[-0.001026523882971735,-0.0036322580101281897,-0.0034871718210255373],[-0.528317710931415,-1.3029665133685089,0.3615272719820133],[0.5293442348143867,1.3065987713786371,-0.35804010016098775]]
[[-0.001012271298941452,-0.003596343717130858,-0.0034573799525425123],[-1.2257703956284376,-0.9628649988558671,0.38066353988384594],[1.226782666927379,0.966461342572998,-0.3772061599313034]]
[[-0.0009989338558677031,-0.0035607209966192366,-0.003427856103637052],[-1.488805962188269,-0.21408876111870637,0.25117438172936624],[1.4898048960441366,0.2176494821153256,-0.2477465256257292]]
[[-0.000986354286090829,-0.0035254415453522875,-0.0033992158401879324],[-1.21898891496096,0.3857595438698786,0.08260544091280907],[1.219975269247051,-0.3822341023245263,-0.07920622507262114]]
[[-0.0009740941833361759,-0.003490612923348842,-0.0033716340333392516],[-0.8043114292010113,0.6305015975286462,-0.027285448623770994],[0.8052855233843474,-0.6270109846052974,0.030657082657110247]]
[[-0.0009618339813623937,-0.0034563146066650652,-0.0033449143893282936],[-0.473062705101049,0.6602508884548765,-0.07856277051366821],[0.4740245390824114,-0.6567945738482114,0.0819076849029965]]
[[-0.0009494569085020292,-0.0034225831603826276,-0.003318778088148384],[-0.25121078290385934,0.6090439801242465,-0.09724689086171619],[0.2521602398123614,-0.6056213969638639,0.10056566894986457]]
[[-0.000936973539271687,-0.0033894275206523827,-0.003293000898290207],[-0.10860957054653105,0.5386720207435599,-0.10101522008457181],[0.10954654408580274,-0.5352825932229076,0.10430822098286202]]
[[-0.0009244503571388249,-0.0033568427425758433,-0.0032674364684439103],[-0.0161387791826162,0.4709673943173144,-0.09860533638285837],[0.017063229539755025,-0.4676105515747385,0.10187277285130228]]
[[-0.0009119697962148782,-0.0033248176805757493,-0.003242002990371757],[0.045593243203360584,0.4119025014904631,-0.09394899938331694],[-0.04468127340714571,-0.40857768380988735,0.09719100237368869]]
[[-0.0008996114868355437,-0.003293338746656886,-0.003216664873927596],[0.0884468178629303,0.3619571054630391,-0.08875210680535704],[-0.08754720637609474,-0.3586637667163822,0.09196877167928463]]
[[-0.0008874444892705499,-0.0032623916640178875,-0.003191417656525721],[0.11959855251635276,0.3199662798094873,-0.08372640368457801],[-0.11871110802708221,-0.3167038881454694,0.08691782134110373]]
[[-0.0008755247554626479,-0.003231962259447085,-0.003166277028873346],[0.14346337785559926,0.28445032217321853,-0.07914170177152437],[-0.1425878531001366,-0.2812183599137715,0.08230797880039771]]
[[-0.0008638949623988243,-0.003202036802119864,-0.003141271168977091],[0.16283754670163794,0.25403032228236755,-0.07507160913930593],[-0.1619736517392391,-0.2508282854802477,0.07821288030828301]]
[[-0.0008525853503049102,-0.0031726021296365923,-0.003116435449105029],[0.1795602541707654,0.22752205172583093,-0.07150346617615452],[-0.1787076688204605,-0.22434944959619432,0.07461990162525954]]
[[-0.0008416149175862438,-0.0031436456757758533,-0.0030918087825120644],[0.1948995344275415,0.20392188412134557,-0.06838730272120544],[-0.19405791950995524,-0.20077823844556972,0.0714791115037175]]
[[-0.0008309926672572406,-0.0031151554547902156,-0.003067431088507319],[0.20978274106939962,0.18235983246616425,-0.06565658437063943],[-0.2089517484021424,-0.17924467701137403,0.06872401545914673]]
[[-0.000820718763627066,-0.003087120028565796,-0.003043341513378591],[0.2249390400513035,0.1620437987941937,-0.06323515104253717],[-0.22411832128767642,-0.1589566787656279,0.06627849255591575]]
[[-0.0008107855367181571,-0.0030595284690881205,-0.0030195771521813464],[0.2409914816491083,0.14219979106618366,-0.06103646233108285],[-0.24018069611239015,-0.13914026259709555,0.06405603948326419]]
[[-0.0008011783094972429,-0.003032370321706364,-0.002996172084811268],[0.25851949178255,0.12200457864504144,-0.058957183012396504],[-0.25771831347305274,-0.11897220832333508,0.06195335509720777]]
[[-0.0007918760409060149,-0.003005635570965205,-0.002973156579554013],[0.27810261428329813,0.10050202993065123,-0.05686464016569767],[-0.2773107382423921,-0.09749639435968603,0.059837796745251685]]
[[-0.0007828517870349513,-0.00297931460835173,-0.0029505563346852418],[0.3003488415768467,0.07648846992741108,-0.05457537154541821],[-0.29956598978981175,-0.07350915531905935,0.05752592788010345]]
[[-0.0007740729907942771,-0.0029533981989367138,-0.002928391625722781],[0.32590209226774625,0.048343104658034514,-0.051818754829110227],[-0.32512801927695195,-0.045389706459097796,0.05474714645483301]]
[[-0.0007655016245275544,-0.0029278774403219197,-0.0029066762005162264],[0.35540753415391463,0.013763732633192305,-0.04817408489627266],[-0.35464203252938703,-0.010835855192870385,0.051080761096788885]]
[[-0.000757094242565142,-0.0029027437005552485,-0.0028854157100239534],[0.3893780228289963,-0.030658438544011492,-0.04295888170711384],[-0.38862092858643116,0.03356118224456674,0.04584429741713779]]
[[-0.0007488020777409912,-0.002877988507780621,-0.0028646053690196474],[0.42781943688131385,-0.09013036036310255,-0.03502605136822577],[-0.4270706348035729,0.09300834887088318,0.03789065673724542]]
[[-0.0007405714961772854,-0.0028536033347557137,-0.0028442264000691497],[0.4692604129763801,-0.17275666654039742,-0.02239102965794563],[-0.4685198414802028,0.17561026987515313,0.025235256058014778]]
[[-0.0007323455425249414,-0.0028295791570692314,-0.0028242406518750015],[0.5083061812703187,-0.29110773915557464,-0.0015572052179501764],[-0.5075738357277937,0.2939373183126439,0.004381445869825178]]
[[-0.0007240682583633625,-0.0028059055251004883,-0.002804582789961893],[0.5296189245550705,-0.4635726429673953,0.033591627210862784],[-0.5288948562967072,0.4663785484924958,-0.03078704442090089]]
[[-0.0007156954835775439,-0.002782568609091679,-0.0027851504699357823],[0.49416217550012914,-0.7112100689497849,0.09294617367981575],[-0.4934464800165516,0.7139926375588765,-0.09016102320987997]]
[[-0.0007072192651549843,-0.0027595472492713035,-0.0027657979045779173],[0.3154147929231723,-1.0329173897631996,0.18789438587665316],[-0.3147075736580174,1.0356769370124708,-0.18512858797207524]]
[[-0.0006987134216849177,-0.00273680623018559,-0.00274635489363925],[-0.13879943349478777,-1.3196993482424118,0.3121725754813425],[0.13949814691647267,1.3224361544725973,-0.30942622058770325]]
[[-0.0006903788830921376,-0.00271429090267211,-0.002726722698233578],[-0.8617112961987707,-1.2572447449419086,0.3955671982450093],[0.8624016750818628,1.2599590358445807,-0.39284047554677576]]
[[-0.0006824722036800421,-0.002691942126332973,-0.0027070465869410637],[-1.4015815203386566,-0.6504289440447816,0.33432362001026456],[1.4022639925423366,0.6531208861711145,-0.3316165734233235]]
[[-0.0006750556551853473,-0.0026697410753987816,-0.00268769060343757],[-1.3643422681848352,0.06745983778464518,0.17100123750577034],[1.3650173238400205,-0.06479009670924639,-0.16831354690233277]]
[[-0.0006679347344305376,-0.002647723914498238,-0.002668896588470828],[-1.0034864095620188,0.47283698660259127,0.033078082618077306],[1.0041543442964493,-0.470189262688093,-0.030409186029606475]]
[[-0.0006608860818196674,-0.00262594241020801,-0.0026506514841825903],[-0.6457829742994183,0.5992735973601868,-0.04291597499280094],[0.646443860381238,-0.5966476549499788,0.045566626476983535]]
[[-0.0006537886933536274,-0.0026044345939175042,-0.002632824079337668],[-0.3863369448910679,0.5944669166712061,-0.0767604203162972],[0.3869907335844215,-0.5918624820772886,0.07939324439563487]]
[[-0.0006466113442111816,-0.002583221575151691,-0.0026152795527109394],[-0.21342059161722107,0.545209383661098,-0.08916876152128858],[0.21406720296143225,-0.5426261620859463,0.09178404107399953]]
[[-0.0006393714106892167,-0.0025623126567589903,-0.002597916861749659],[-0.09909347455760638,0.48717909667311826,-0.09176407451472839],[0.0997328459682956,-0.48461678401635927,0.09436199137647805]]
[[-0.0006321065026819134,-0.002541710029508917,-0.002580670730419548],[-0.02186506715134086,0.4326774832522063,-0.09014802644595744],[0.022497173654022772,-0.43013577322269736,0.092728697176377]]
[[-0.000624859466564097,-0.002521411765088545,-0.0025635043060413983],[0.032116773899239906,0.3849940936916496,-0.0869083503011846],[-0.03149191443267581,-0.3824726819265611,0.089471854607226]]
[[-0.0006176712652961872,-0.0025014135660752293,-0.0025464013204834443],[0.07143551989765942,0.3442386283959396,-0.08322331607703269],[-0.07081784863236325,-0.3417372148298644,0.08576971739751613]]
[[-0.0006105778959146585,-0.002481709777687963,-0.002529359826399724],[0.10143511030165649,0.30953355782416625,-0.07961797336775968],[-0.10082453240574182,-0.30705184804647834,0.0821473331941594]]
[[-0.0006036092777348174,-0.0024622939813682327,-0.002512387591671773],[0.12552035636331974,0.2798002164341305,-0.07631230191107871],[-0.12491674708558492,-0.2773379224527623,0.07882468950275048]]
[[-0.0005967890726927979,-0.0024431593512045787,-0.002495498800706233],[0.14593456133409347,0.25401612503252297,-0.0733824914739999],[-0.14533777226140068,-0.2515729656813184,0.07587799027470614]]
[[-0.0005901349235559698,-0.0024242988733455158,-0.0024787117025061377],[0.16422047642604487,0.23127626730063663,-0.0708364230350727],[-0.1636303415024889,-0.2288519684272911,0.07331513473757884]]
[[-0.0005836588546439776,-0.0024057054843402035,-0.0024620469244672734],[0.18149803014900712,0.21078315073025444,-0.06864881369552735],[-0.18091437129436314,-0.20837744524591423,0.07111086061999462]]
[[-0.0005773677072465956,-0.002387372160369284,-0.002445526248073449],[0.19863701557133104,0.19181124320403767,-0.06677658834805905],[-0.19805964786408442,-0.1894238710436684,0.0692221145961325]]
[[-0.000571263545029406,-0.002369291976172263,-0.002429171700264867],[0.21636949427324143,0.17366040858216614,-0.06516371926633824],[-0.21579823072821203,-0.17129111660599386,0.06759289096660309]]
[[-0.000565343995906143,-0.0023514581451292323,-0.0024130048528424645],[0.23536757045135692,0.15559989959473614,-0.0637393254215629],[-0.23480222645545076,-0.15324844144960692,0.06615233027440535]]
[[-0.0005596025120422646,-0.002333864047772347,-0.0023970462455959653],[0.2563010994487686,0.13679745494017162,-0.06240978636635679],[-0.2557414969367264,-0.13446359089239926,0.06480683261195275]]
[[-0.0005540285369325832,-0.002316503253570558,-0.002381314859736628],[0.2798825944899922,0.11622186825728534,-0.061043281410281126],[-0.27932856595305966,-0.11390536500371479,0.06342459627001776]]
[[-0.0005486075725404444,-0.0022993695393409863,-0.0023658275675954733],[0.3068997168815712,0.09249881208403235,-0.0594423473267225],[-0.30635110930903076,-0.09019944254469137,0.06180817489431798]]
[[-0.0005433211441570867,-0.0022824569065304774,-0.0023505984709925897],[0.3382249259904255,0.06368532608309083,-0.057295426425554984],[-0.3376816048462684,-0.06140286917656035,0.05964602489654757]]
[[-0.0005381466714469631,-0.002265759598264401,-0.0023356380098186556],[0.37476835406064907,0.026903447896682097,-0.05408972307202602],[-0.3742302073892021,-0.024637688298417695,0.056425361081844684]]
[[-0.0005330572823474302,-0.002249272114353543,-0.0023209516660294],[0.4172823570235237,-0.022268104309309852,-0.048950788930526255],[-0.41674929974117625,0.024517376423663396,0.051271740596555655]]
[[-0.0005280216781544335,-0.0022329892157446625,-0.002306537994646506],[0.4657791712881904,-0.0908039923501213,-0.04034158920434751],[-0.465251149610036,0.09303698156586596,0.04264812719899401]]
[[-0.000523004335544127,-0.0022169058924816297,-0.0022923855744940115],[0.517943872690582,-0.18983387132627735,-0.02549632282891935],[-0.5174208683550378,0.192050777218759,0.027788708403413364]]
[[-0.0005179667618573779,-0.0022010172238077033,-0.002278468324048407],[0.5649737945486834,-0.3367422355017638,0.0006008030969019956],[-0.564455827786826,0.3389432527255715,0.0016776652271464115]]
[[-0.000512871526442398,-0.0021853179428596384,-0.0022647387292214893],[0.5812116491085377,-0.5557578584702776,0.04673585108686167],[-0.5806987775820953,0.5579431764131373,-0.04447111235764018]]
[[-0.0005076928833338339,-0.002169801244654595,-0.0022511200063954637],[0.5019844607309265,-0.8666244082612401,0.12593744385040354],[-0.5014767678475927,0.8687942095058947,-0.12368632384400807]]
[[-0.0005024404899705412,-0.002154455905760781,-0.002237504851223769],[0.19947479960504336,-1.227303085752945,0.24607101760582972],[-0.19897235911507283,1.2294575416587057,-0.24383351275460596]]
[[-0.0004971970420631582,-0.0021392610336815896,-0.002223786803138189],[-0.4363036874924463,-1.4043371087734227,0.3703780221989002],[0.4368008845345095,1.4064763698071043,-0.36815423539576203]]
[[-0.0004921254278623515,-0.0021241832982543895,-0.0022099590608460878],[-1.155722154871111,-1.049044481600747,0.3884513404454961],[1.1562142802989732,1.0511686648990013,-0.38624138138465003]]
[[-0.00048735073773956855,-0.002109192126352119,-0.0021961948611304055],[-1.4064376282670628,-0.318922073646831,0.26096751801429263],[1.4069249790048024,0.32103126577318314,-0.2587713231531622]]
[[-0.00048282620346456486,-0.002094286095657787,-0.0021827056195863398],[-1.1741461926288845,0.2431625521343647,0.10578299070967433],[1.1746290188323492,-0.24106826603870693,-0.10360028509008798]]
[[-0.00047841207623474334,-0.002079489760791402,-0.0021695627644686888],[-0.8203875841088728,0.49148265812163794,0.0035355556478435315],[0.8208659961851076,-0.4894031683608465,-0.0013659928833748428]]
[[-0.0004740013282212993,-0.0020648313781671144,-0.0021567218497875527],[-0.5304008255090912,0.5517049245649138,-0.04865836017707626],[0.5308748268373125,-0.5496400931867467,0.050815082026863814]]
[[-0.00046954628397639507,-0.0020503319043503098,-0.002144105335597313],[-0.32729203164481807,0.5340141715518761,-0.07201002464378675],[0.32776157792879446,-0.5319638396475258,0.07415412997938406]]
[[-0.0004650395857143054,-0.002036004285017173,-0.002131644038654064],[-0.18983433562823698,0.491355552473195,-0.0810474086181015],[0.1902993752139513,-0.48931954818817786,0.08317905265675556]]
[[-0.0004604944710145372,-0.0020218555145234433,-0.002119287430629557],[-0.09585489334472652,0.444648022918616,-0.08335945658242463],[0.09631538781574106,-0.44262616740409255,0.08547874401305419]]
[[-0.0004559327234621417,-0.0020078885921392497,-0.0021070025515051794],[-0.029772085216782092,0.40116549060792284,-0.08264069079989583],[0.030228017940244233,-0.3991576020157836,0.08474769335140102]]
[[-0.00045137832125377613,-0.0019941038954585234,-0.0020947703060804276],[0.01841763325200813,0.3628744434526294,-0.08066659491412842],[-0.017966254930754353,-0.36088033955717086,0.08276136522020885]]
[[-0.0004468543011116234,-0.001980500076509819,-0.002082581882941061],[0.055046628829158235,0.32979558206238924,-0.07829101142816129],[-0.05459977452804661,-0.32781508198587944,0.08037359331110236]]
[[-0.00044238129980936905,-0.0019670746405969003,-0.0020704359020087414],[0.08418102046449075,0.30130770107088556,-0.07592222473059783],[-0.08373863916468137,-0.29934062643028864,0.07799266063260657]]
[[-0.0004379769474419087,-0.001953824324794413,-0.0020583362762708612],[0.10850620354566817,0.2766373345556787,-0.07374974508147722],[-0.10806822659822626,-0.2746835102308843,0.07580808135774808]]
[[-0.00043365568455633,-0.001940745350442896,-0.002046290638089294],[0.12986470893456156,0.2550282773610527,-0.0718538396435088],[-0.12943105325000523,-0.2530875320106098,0.0739001302815981]]
[[-0.00042942878164226527,-0.0019278335953386311,-0.002034309181887056],[0.14958417611247743,0.2357849030698513,-0.07025907171516292],[-0.14915474733083517,-0.23385706947451268,0.07229338089704998]]
[[-0.0004253044447147431,-0.0019150847137603185,-0.002022403805536829],[0.16868242373392223,0.21826503730040442,-0.06896022738031032],[-0.1682571192892075,-0.21634995258664408,0.07098263118584715]]
[[-0.0004212879444244139,-0.0019024942219819912,-0.0020105874624048075],[0.1880012733819452,0.2018508246557227,-0.06793383088572395],[-0.18757998543752077,-0.19994833043374072,0.06994441834812877]]
[[-0.0004173817335367548,-0.00189005756066796,-0.0019988736581256685],[0.2082995589773537,0.1859060635191396,-0.06714119910064593],[-0.20788217724381694,-0.18401600595847165,0.0691400727587716]]
[[-0.0004135855313832326,-0.001877770141824441,-0.001987276040530014],[0.23032342590184232,0.16971870188984775,-0.06652517395088257],[-0.22990984037045908,-0.1678409317480233,0.06851244999141258]]
[[-0.00040989636042954394,-0.0018656273858137843,-0.0019758080385307705],[0.25486451996212584,0.15242025953336463,-0.06600013667896228],[-0.2544546236016963,-0.15055463214755085,0.06797594471749305]]
[[-0.00040630852289362225,-0.0018536247527761894,-0.001964482506470462],[0.28281092274314856,0.1328658761582003,-0.06543235786453817],[-0.2824046142202549,-0.1310122514054241,0.06739684037100864]]
[[-0.0004028135066952705,-0.0018417577723611536,-0.001953311323492703],[0.31518836678709133,0.10944593325774099,-0.06460394176877508],[-0.31478555328039604,-0.10760417548537984,0.06655725309226777]]
[[-0.00039939981251645694,-0.0018300220757940218,-0.0019423048801409147],[0.35317428993192573,0.07977788161472857,-0.0631466934674525],[-0.35277489011940927,-0.07794785953893456,0.06508899834759341]]
[[-0.0003960527022726316,-0.0018184134348465336,-0.0019314713510198778],[0.3980300749798392,0.04018755527597752,-0.060418570474788054],[-0.3976340222775666,-0.03836914184113099,0.06235004182580793]]
[[-0.00039275389534201084,-0.0018069278128183622,-0.0019208155933847226],[0.4507989562733088,-0.015175741577121862,-0.055267935628005346],[-0.4504062023779668,0.016982669389940225,0.05718875122139007]]
[[-0.00038948131122322753,-0.0017955614315898843,-0.0019103374135126308],[0.5113552638417911,-0.09582832966519342,-0.04557763184096707],[-0.5109657825305678,0.09762389109678331,0.0474879692544797]]
[[-0.00038620914822003606,-0.001784310850678066,-0.0019000287987846261],[0.575696027244005,-0.21725553408253143,-0.02739406670748617],[-0.575309818095785,0.2190398449332095,0.029294095506270795]]
[[-0.00038290907319551786,-0.001773173021095447,-0.0018898695827904673],[0.6286492021385666,-0.40338026738113486,0.006593658134593921],[-0.6282662930653711,0.4051534404022303,-0.004703788551803454]]
[[-0.0003795544495161286,-0.001762145165039925,-0.0018798212795738982],[0.6260696169142335,-0.6837082050684176,0.06880672097113974],[-0.6256900624647173,0.6854703502334575,-0.06692689969156584]]
[[-0.000376131737073127,-0.001751224014126788,-0.0018698211268205524],[0.46325834841876024,-1.0614878085858812,0.1739759531644877],[-0.4628822166816871,1.0632390326000078,-0.17210613203766714]]
[[-0.0003726642578446527,-0.0017404033449101531,-0.0018597873923091304],[-0.017474913255252005,-1.4023545640008515,0.3135510263187805],[0.01784757751309666,1.4040949673457617,-0.3116912389264714]]
[[-0.00036923795291673734,-0.001729669310359179,-0.0018496637375630025],[-0.7796576378525631,-1.3420752896275465,0.40225548776832293],[0.7800268758054798,1.3438049589379057,-0.40040582403075997]]
[[-0.0003659683353360895,-0.0017190000337565822,-0.001839501141009488],[-1.3102656852411037,-0.734048336168135,0.3390614411716144],[1.3106316535764397,0.7357673362018916,-0.33722194003060496]]
[[-0.0003628889927794726,-0.0017083805193571526,-0.0018294440506248229],[-1.286123045255412,-0.05896692621997437,0.18681088099066442],[1.2864859342481914,0.06067530673933152,-0.1849814369400396]]
[[-0.0003599313269954893,-0.0016978156923799898,-0.0018195927674189425],[-0.9836951840880233,0.3283887559265202,0.060818127108348684],[0.9840551154150187,-0.3266909402341402,-0.05899853434092974]]
[[-0.0003570116590475024,-0.0016873221416949797,-0.001809955971819713],[-0.6783254630736877,0.4742274589142008,-0.012259880644259081],[0.6786824747327352,-0.47254013677250584,0.014069836616078794]]
[[-0.00035407882572065615,-0.0016769165099971683,-0.0018004960650799227],[-0.4480776333078031,0.5009170846858105,-0.04898299135176513],[0.44843171213352373,-0.49924016817581335,0.05078348741684505]]
[[-0.00035111294936239506,-0.001666611262393972,-0.001791167911468444],[-0.28725128349324147,0.48081279782901487,-0.06608446596530684],[0.2876023964426039,-0.4791461865666209,0.0678756338767753]]
[[-0.0003481132286413995,-0.0016564146162451247,-0.0017819336921602621],[-0.1756595062252786,0.44598478432622135,-0.07334496245252366],[0.17600761945392,-0.44432836970997625,0.07512689614468393]]
[[-0.00034508855437736,-0.0016463314977468086,-0.0017727658061852834],[-0.09667025251713626,0.4091404880260082,-0.07579557273418006],[0.09701534107151363,-0.4074941565282614,0.07756833854036535]]
[[-0.0003420519877103369,-0.0016363644654602927,-0.0017636458426733372],[-0.038986186329041,0.37484581664484223,-0.07595631757579312],[0.03932823831675134,-0.37320945217938195,0.07771996341846646]]
[[-0.00033901777377829567,-0.0016265144016614536,-0.0017545627281311464],[0.004723747751839107,0.34440086036385736,-0.07509547941564995],[-0.004384729978060811,-0.3427743459621959,0.07685004214378109]]
[[-0.0003359997840268434,-0.0016167809964844615,-0.00174551100039139],[0.03922123301707362,0.3178442944935875,-0.07385899251390843],[-0.038885233233046775,-0.31622751349710304,0.07560450351429981]]
[[-0.0003330107281131244,-0.001607163082651969,-0.001736489418780366],[0.06766436195414333,0.2947636871193422,-0.07257856575508774],[-0.06733135122603019,-0.29315652403669024,0.0743150551738681]]
[[-0.0003300617743925099,-0.0015976588684826084,-0.0017274998980991063],[0.09221752637926918,0.2746159252861427,-0.07142404188115387],[-0.09188746460487668,-0.2730182664176601,0.07315154177925297]]
[[-0.00032716238444326865,-0.001588266102374882,-0.0017185467029144303],[0.11443022121536232,0.25684491881329596,-0.07048007994361473],[-0.11410305883091906,-0.2552566527109211,0.07219862664652917]]
[[-0.0003243202557735599,-0.0015789821908032261,-0.0017096358382738266],[0.13547582967951668,0.24091366822718296,-0.06978519366346754],[-0.13515150942374313,-0.23933468603637972,0.07149482950174137]]
[[-0.0003215413136431808,-0.0015698042843559311,-0.0017007745844010522],[0.1563077270164001,0.22629809347466767,-0.0693512815181546],[-0.15598618570275694,-0.22472828919031174,0.07105205610255566]]
[[-0.00031882971756572404,-0.0015607293415246825,-0.0016919711344518655],[0.17776758666105308,0.21246040959863505,-0.06917224324801079],[-0.17744875694348736,-0.21089968025711037,0.07086421438246265]]
[[-0.0003161878608423546,-0.0015517541769306292,-0.0016832343029408482],[0.20066729899729488,0.19880599054426196,-0.06922541797272087],[-0.20035111113645251,-0.19725423636733133,0.07090865227566172]]
[[-0.00031361634774105753,-0.0015428754988387901,-0.0016745732774028426],[0.22585796837985428,0.18461933418674437,-0.06946667734675238],[-0.2255443520321132,-0.1830764586879056,0.07114125062415523]]
[[-0.0003111139354677122,-0.0015340899398162385,-0.0016659973870065624],[0.25429427933679466,0.16896684464066136,-0.06981757126985463],[-0.2539831654013269,-0.16743275470084512,0.07148356865686119]]
[[-0.00030867742847836237,-0.0015253940840637926,-0.0016575158585002418],[0.2870974901444557,0.1505428907614503,-0.07013976521560368],[-0.28678881271597734,-0.1490174966773865,0.07179728107410392]]
[[-0.0003063015122621415,-0.0015167844952855706,-0.0016491375202842187],[0.3256112607171653,0.12741626626236208,-0.07018652982289354],[-0.32530495920490315,-0.1258994817670765,0.07183566734317776]]
[[-0.00030397851452978726,-0.001508257750093448,-0.0016408703959656077],[0.3714217954506684,0.09659919129788318,-0.06951028175946442],[-0.3711178169361386,-0.09509093354778973,0.07115115215543003]]
[[-0.000301698088631832,-0.0014998104841481695,-0.0016327210927353682],[0.4262516097452174,0.053298608428790466,-0.06728309168047054],[-0.4259499116565856,-0.051798797944642296,0.06891581277320591]]
[[-0.0002994468398436683,-0.0014914394617803316,-0.001624693825896509],[0.4914630865301219,-0.010390524497040251,-0.06194184520864854],[-0.4911636396902782,0.01188196395882058,0.06356653903454505]]
[[-0.00029720799430100954,-0.0014831416841727331,-0.0016167888132862054],[0.5664264102662571,-0.10768849595676133,-0.05048368632558152],[-0.5661292022719561,0.10917163764093407,0.05210047513886772]]
[[-0.0002949614335849523,-0.0014749145515758051,-0.0016089996189380747],[0.643713356797382,-0.2603155611284441,-0.027120545483801356],[-0.6434183953637971,0.26179047568001995,0.028729545102739434]]
[[-0.00029268500884019083,-0.0014667560697364836,-0.0016013089286402433],[0.6960947649563269,-0.5003070994528369,0.018859415022350036],[-0.6958020799474868,0.5017738555225734,-0.017258106093709792]]
[[-0.00029035943404063976,-0.0014586649607017685,-0.0015936828279764378],[0.6473494401624755,-0.856406078067216,0.10398897351467785],[-0.6470590807284349,0.8578647430279177,-0.10239529068670142]]
[[-0.0002879811996734525,-0.0014506400984767626,-0.001586067365513504],[0.3422889212021359,-1.2786761543135061,0.23798416660178945],[-0.34200094000246245,1.280126794411983,-0.23639809923627594]]
[[-0.00028558522277875707,-0.0014426779243241177,-0.0015784027097614957],[-0.3341476080465351,-1.4838760672755655,0.3736886516952447],[0.33443319326931387,1.4853187451998897,-0.37211024898548317]]
[[-0.00028325135873633387,-0.00143476809767874,-0.0015706756701158089],[-1.061983178068035,-1.117838692626684,0.3901431453061167],[1.0622664294267714,1.1192734607243626,-0.3885724696360009]]
[[-0.00028104388840203626,-0.001426896059489121,-0.0015629605324220903],[-1.3045170092775618,-0.42005479613221186,0.26849120807547566],[1.3047980531659638,0.421481692191701,-0.2669282475430536]]
[[-0.0002789494468496357,-0.0014190559397536443,-0.0015553516340183395],[-1.116703967372714,0.1043011516101243,0.12761114229202253],[1.1169829168195635,-0.10288209567037067,-0.12605579065800418]]
[[-0.000276912392990926,-0.00141125409870109,-0.0015478878650405825],[-0.8222171289170299,0.355417280519198,0.03279997623070243],[0.8224940413100208,-0.35400602642049694,-0.03125208836566185]]
[[-0.0002748858978693672,-0.0014035016442681563,-0.0015405604492312315],[-0.572391114538036,0.44139428645891576,-0.019582142246112513],[0.5726660004359054,-0.4399907848146476,0.021122702695343745]]
