[[0.05147648584652272,-0.12199626368331548,0.07100597982769433],[-0.16457913715487263,0.04001958406207685,0.03533588282436405],[0.11310265130834991,0.08197667962123864,-0.10634186265205837]]
[[0.05317292069845223,-0.12324478320185131,0.07816800385298439],[-0.16684148546001887,0.04192386334414367,0.022198145405486487],[0.11366856476156662,0.08132091985770765,-0.10036614925847087]]
[[0.05462910996184385,-0.12451786179563348,0.08622413894954546],[-0.16914083097550253,0.043272542648600254,0.009866516200074324],[0.1145117210136587,0.08124531914703323,-0.09609065514961979]]
[[0.0557554544754892,-0.1257571886480887,0.09532352367507262],[-0.17168002260422754,0.04405229028269973,-0.0018692123146423975],[0.11592456812873835,0.08170489836538898,-0.09345431136043023]]
[[0.056422644265243876,-0.12686642836693857,0.10564139803736108],[-0.17462670533288116,0.04422555863486555,-0.013213059721795192],[0.11820406106763728,0.08264086973207302,-0.09242833831556588]]
[[0.05644574165530348,-0.12769281100548086,0.1173790241552841],[-0.17812357837451884,0.0437236759321063,-0.02436101672765126],[0.12167783671921537,0.08396913507337456,-0.09301800742763285]]
[[0.05556291985839469,-0.12799906736820024,0.1307588513183836],[-0.18229525944720282,0.042438655730291264,-0.03549970233098106],[0.1267323395888081,0.08556041163790896,-0.09525914898740254]]
[[0.05340831065264776,-0.12742096315663679,0.14600981521643377],[-0.18725146972597198,0.040213195798648516,-0.04680375219056228],[0.13384315907332422,0.08720776735798827,-0.0992060630258715]]
[[0.04948053925087082,-0.12540412700374387,0.16333342148068908],[-0.19308581223186388,0.0368287709463068,-0.05842989684731821],[0.14360527298099307,0.08857535605743705,-0.10490352463337088]]
[[0.043114256406814946,-0.1211133509217433,0.182834342606831],[-0.19986880339624036,0.03199265081392767,-0.07050509067712926],[0.15675454698942543,0.08912070010781563,-0.11232925192970175]]
[[0.03347520812937929,-0.11331156984148369,0.20438948616601232],[-0.20763317480710974,0.02532658609024408,-0.08310529799213262],[0.17415796667773042,0.08798498375123961,-0.1212841881738797]]
[[0.01962584189924807,-0.1002230944418915,0.22742040424815657],[-0.2163492184113368,0.016363500614531724,-0.09622122167288301],[0.19672337651208874,0.08385959382735977,-0.13119918257527355]]
[[0.0007510558654894028,-0.07944418019029421,0.2505407722796632],[-0.22588917643200146,0.00456435527692935,-0.10970892780311914],[0.22513812056651206,0.07487982491336487,-0.14083184447654407]]
[[-0.023327356595426924,-0.048066735193320255,0.2711149257879806],[-0.2359844707580918,-0.010625540018738939,-0.12323014850634648],[0.25931182735351876,0.05869227521205919,-0.14788477728163413]]
[[-0.05127414895243987,-0.0033249249877697305,0.2849558863786072],[-0.24619057144318235,-0.02965881527598075,-0.13620332678337302],[0.2974647203956222,0.03298374026375048,-0.14875255959523417]]
[[-0.07927256158199986,0.055914791257859184,0.2867231126314635],[-0.25589104638129767,-0.05270115608031699,-0.14781231160775918],[0.3351636079632975,-0.003213635177542199,-0.13891080102370432]]
[[-0.10094835861887247,0.12706553238494564,0.27171001375654713],[-0.2643822869643886,-0.07942630514764691,-0.15713713952338262],[0.3653306455832611,-0.04763922723729874,-0.11457287423316455]]
[[-0.10949580183198213,0.20271408203668584,0.23879547553524016],[-0.27105398239699263,-0.1089148953914312,-0.16343566743455729],[0.3805497842289748,-0.09379918664525466,-0.07535980810068289]]
[[-0.10165481905408078,0.2726712742944728,0.1923346102858739],[-0.2756007695001771,-0.1397940846963434,-0.16648864817332676],[0.3772555885542579,-0.13287718959812939,-0.025845962112547128]]
[[-0.08025824064631853,0.3287805007125979,0.1404497348048245],[-0.2781270718419845,-0.1706050788414584,-0.16681524875112375],[0.358385312488303,-0.15817542187113953,0.026365513946299227]]
[[-0.05256881141647876,0.36848954911698784,0.09069122546345815],[-0.27904655135468626,-0.20016728448737836,-0.1656393924885599],[0.331615362771165,-0.16832226462960947,0.07494816702510176]]
[[-0.026194236132707466,0.3943317050935089,0.046929582050347605],[-0.2788080673322142,-0.22767809181042653,-0.1647108924268827],[0.30500230346492163,-0.1666536132830824,0.11778131037653508]]
[[-0.006337572761439134,0.4108922758187419,0.009292664352447008],[-0.2775340062331312,-0.25247144738513977,-0.16620667334231787],[0.28387157899457033,-0.15842082843360206,0.15691400898987085]]
[[0.004469501587278352,0.4221587193919122,-0.024240410854607868],[-0.274556532981202,-0.27350357102564726,-0.17284949421367135],[0.27008703139392365,-0.14865514836626495,0.19708990506827923]]
[[0.0053986648586270836,0.4302574508188847,-0.05632564325392836],[-0.267656258828013,-0.2886199496280454,-0.18818162235310823],[0.26225759396938597,-0.14163750119083934,0.2445072656070366]]
[[-0.003543985579994649,0.43507387794689495,-0.08932261991732872],[-0.25164604041205507,-0.293643046666879,-0.21657129060862812],[0.2551900259920497,-0.14143083128001593,0.3058939105259568]]
[[-0.0216786285203656,0.43419001608130775,-0.12463143455891412],[-0.21611607922275214,-0.281664675886862,-0.261631550275845],[0.23779470774311773,-0.15252534019444575,0.3862629848347591]]
[[-0.04697186084989688,0.42325400898578863,-0.16190055682541793],[-0.1440464003749179,-0.24420380302815153,-0.32021789116499044],[0.19101826122481477,-0.1790502059576371,0.48211844799040837]]
[[-0.0749251567294406,0.397695963844295,-0.19822111315723828],[-0.01893466266698575,-0.17769896567843815,-0.3709514788428936],[0.09385981939642635,-0.21999699816585686,0.5691725920001318]]
[[-0.09861616241302697,0.3564152063581383,-0.22848926792500213],[0.15008489234536404,-0.09472696984538695,-0.3724499132214908],[-0.05146872993233707,-0.26168823651275136,0.6009391811464929]]
[[-0.11174718974067777,0.30484169296925656,-0.2482349337191332],[0.30991047731280114,-0.022865804421389718,-0.29917090156021686],[-0.1981632875721234,-0.2819758885478668,0.54740583527935]]
[[-0.11262003450191761,0.2524699510311684,-0.25694354437291533],[0.4042018177022024,0.0195012924869587,-0.17923603984674455],[-0.2915817832002848,-0.2719712435181271,0.43617958421965985]]
[[-0.10405793551199359,0.20668662605072868,-0.25784724221666827],[0.42557335866559876,0.03625102435852859,-0.0634906875202971],[-0.32151542315360515,-0.24293765040925724,0.3213379297369654]]
[[-0.09004094192800181,0.17007776883824408,-0.255035327482926],[0.4018162973965511,0.03974335694652613,0.02147947278169096],[-0.3117753554685493,-0.2098211257847702,0.23355585470123505]]
[[-0.07341915703852907,0.1419347959084324,-0.25152958868794195],[0.36039438671794505,0.03857653322558677,0.07498455104158881],[-0.28697522967941597,-0.18051132913401916,0.17654503764635315]]
[[-0.05560139278487054,0.12035135427802608,-0.24904246271514097],[0.3166444070260001,0.036504278145802635,0.10558515050602499],[-0.2610430142411295,-0.15685563242382872,0.143457312209116]]
[[-0.036998002339919046,0.10333133822336665,-0.24837971844608064],[0.27680135697242003,0.03472848550414084,0.1216327903644256],[-0.239803354632501,-0.13805982372750747,0.12674692808165505]]
[[-0.01745246671768954,0.08911930871930436,-0.2498256310715964],[0.24256463863354055,0.03348644192698857,0.12898112828142355],[-0.22511217191585103,-0.12260575064629292,0.12084450279017286]]
[[0.0034946506467962574,0.07618986319574618,-0.2533616576595592],[0.21380602321695752,0.03272978757177801,0.13128818950027132],[-0.2173006738637538,-0.10891965076752419,0.12207346815928785]]
[[0.026461698498047324,0.06313120663666696,-0.2587430499048745],[0.18981064758343164,0.03235736408919063,0.13073966506450263],[-0.21627234608147897,-0.09548857072585759,0.1280033848403719]]
[[0.05213108314173443,0.04851376219170284,-0.2654723292093046],[0.1697728451654655,0.03228042612162492,0.12861910111805858],[-0.22190392830719996,-0.08079418831332777,0.136853228091246]]
[[0.08114263159489424,0.030780063496618215,-0.27269070403742435],[0.15296817748573735,0.0324335204360536,0.12567425909587157],[-0.2341108090806316,-0.06321358393267182,0.1470164449415528]]
[[0.11391735182871535,0.008189934206614003,-0.27899950552481567],[0.13879658553064825,0.03277037363270956,0.12233682737808746],[-0.2527139373593636,-0.040960307839323556,0.15666267814672824]]
[[0.15035203062598318,-0.02111633422509271,-0.2822401176157761],[0.1267787141434435,0.033256970423381646,0.11885136536421737],[-0.2771307447694267,-0.012140636198288937,0.16338875225155874]]
[[0.1893423401494507,-0.05882834150220097,-0.27932079833769174],[0.11653794943048773,0.033865016840710846,0.11535106171528171],[-0.3058802895799384,0.024963324661490118,0.16396973662241002]]
[[0.22817845760918096,-0.10581506393660249,-0.26629566123184384],[0.10778011599965129,0.03456639973366082,0.11190308640040675],[-0.33595857360883224,0.07124866420294167,0.1543925748314371]]
[[0.2620753385653921,-0.16107068911076236,-0.23903312224863416],[0.10027453125493173,0.03532890124645122,0.10853689475248858],[-0.36234986982032386,0.12574178786431114,0.1304962274961456]]
[[0.28442170741140815,-0.22056765438779058,-0.1947663142872471],[0.09383713210038733,0.03611386528234995,0.10526312042229394],[-0.3782588395117955,0.18445378910544064,0.08950319386495317]]
[[0.28842460079161203,-0.2769153054205367,-0.1342649079023226],[0.08831584810810278,0.036876992278671424,0.1020869617100721],[-0.3767404488997148,0.24003831314186527,0.032177946192250506]]
[[0.2700732947337624,-0.3209345538831563,-0.06331297456575138],[0.08357900702365062,0.037573128114576755,0.09901725045662563],[-0.353652301757413,0.2833614257685795,-0.03570427589087425]]
[[0.23077954598822753,-0.3451345841850567,0.00827736663966399],[0.0795081447613934,0.03816418868963856,0.09607073774928376],[-0.3102876907496209,0.3069703954954181,-0.10434810438894775]]
[[0.17740400733164308,-0.34702562522678077,0.0703115383553082],[0.07599591632783642,0.0386269898761543,0.09327122320578629],[-0.2533999236594795,0.30839863535062645,-0.1635827615610945]]
[[0.11928404857511485,-0.3297528825368717,0.1161437119358375],[0.07294780102982183,0.03895707189700021,0.09064488477820745],[-0.1922318496049367,0.2907958106398715,-0.20678859671404495]]
[[0.0645208806479162,-0.2998400328061608,0.14420623453966652],[0.07028472024658167,0.0391669094917961,0.08821475118337493],[-0.13480560089449786,0.26067312331436465,-0.23242098572304146]]
[[0.01793758952387952,-0.2641347793324129,0.15684051614087008],[0.06794411731814612,0.03928020921399652,0.0859969705448966],[-0.08588170684202563,0.2248545701184164,-0.24283748668576668]]
[[-0.018872015176676894,-0.2278687209569152,0.1580951487003791],[0.06587883737892535,0.039325420601598896,0.0839997786830626],[-0.047006822202248444,0.1885433003553163,-0.2420949273834417]]
[[-0.04643476558269704,-0.19418502554520808,0.152002070963504],[0.06405455906974307,0.03933071899956815,0.08222452875929216],[-0.017619793487046027,0.15485430654563995,-0.23422659972279614]]
[[-0.06625122651060357,-0.16452487238866206,0.14176309096443004],[0.06244685293764756,0.03932113690144789,0.08066765590483248],[0.0038043735729560053,0.12520373548721417,-0.2224307468692625]]
[[-0.08003460177636965,-0.13923610145091114,0.12960044268360343],[0.061038590088078604,0.03931748413689375,0.07932271281430119],[0.018996011688291046,0.09991861731401738,-0.20892315549790463]]
[[-0.08933470680523932,-0.11808233344148131,0.1169137168718983],[0.05981797967312821,0.03933638834575172,0.07818205416905456],[0.029516727132111106,0.0787459450957296,-0.19509577104095288]]
[[-0.0954103008459254,-0.10057648086520865,0.10451073778835195],[0.058777231980495614,0.039390883973610055,0.07723806928353194],[0.03663306886542979,0.0611855968915986,-0.1817488070718839]]
[[-0.09922587544583102,-0.08616797694518327,0.09281080189965929],[0.057911731028001665,0.03949118300570506,0.07648402067878984],[0.04131414441782935,0.04667679393947822,-0.16929482257844913]]
[[-0.10149659918073342,-0.07433432447300972,0.08199385610836496],[0.05721958665708023,0.03964543510289031,0.07591459564784381],[0.04427701252365318,0.03468888937011942,-0.15790845175620877]]
[[-0.10274347446558182,-0.0646180180630096,0.07210010926746946],[0.05670146241814069,0.03986039731998192,0.0755262754161388],[0.04604201204744113,0.024757620743027682,-0.14762638468360822]]
[[-0.1033432208368861,-0.05663536771704174,0.06309273992445158],[0.05636061072223757,0.040141995030540195,0.07531760722503829],[0.04698261011464854,0.01649337268650155,-0.13841034714948985]]
[[-0.10356841027279834,-0.05007242513859322,0.05489568899034894],[0.056203078802138734,0.040495784661816754,0.07528944492094736],[0.04736533147065959,0.009576640476776465,-0.1301851339112963]]
[[-0.10361800208295704,-0.04467602368374855,0.04741552750038876],[0.05623807572412656,0.04092734008747272,0.0754452093263924],[0.047379926358830475,0.0037486835962758282,-0.12286073682678114]]
[[-0.10363996716195961,-0.040243835809512477,0.040553479709583166],[0.05647851370746183,0.04144258730671921,0.07579121217088505],[0.047161453454497765,-0.001198751497206732,-0.11634469188046823]]
[[-0.1037479270414565,-0.03661516460223592,0.03421148406567015],[0.05694175939943766,0.04204811153699388,0.07633708666412481],[0.04680616764201884,-0.005432946934757956,-0.11054857072979496]]
[[-0.10403350609127132,-0.03366308902923449,0.028294676686879343],[0.05765065621353864,0.04275145975006436,0.077096374025275],[0.046382849877732675,-0.009088370720829872,-0.10539105071215435]]
[[-0.10457576963797596,-0.03128806990515231,0.022711709404897647],[0.05863491192182638,0.0435614613368095,0.07808732944786526],[0.045940857716149586,-0.012273391431657196,-0.1007990388527629]]
[[-0.10544883747675775,-0.029412910188589332,0.01737369312976577],[0.05993299267672302,0.04448859070935695,0.07933403557198263],[0.045515844800034726,-0.01507568052076762,-0.0967077287017484]]
[[-0.10672856843675063,-0.027978896524836337,0.012192153070245855],[0.06159473509506639,0.04554539871832224,0.08086795137286035],[0.04513383334168425,-0.01756650219348591,-0.0930601044431062]]
[[-0.10849912314906451,-0.026942950411003343,0.0070760989210224765],[0.06368499762168425,0.046747045214205564,0.0827300881173142],[0.04481412552738027,-0.01980409480320222,-0.08980618703833668]]
[[-0.11086024420209326,-0.026275648172949053,0.0019280788856243652],[0.06628884793017838,0.04811197335330508,0.08497410705164735],[0.04457139627191487,-0.021836325180356032,-0.08690218593727173]]
[[-0.11393627999130707,-0.02596001075578888,-0.0033611613747505167],[0.06951907235484248,0.049662777602234885,0.08767080339456121],[0.04441720763646459,-0.023702766846446004,-0.0843096420198107]]
[[-0.11788839740157633,-0.025991008366913846,-0.00892012762741367],[0.07352728428741656,0.05142733124141757,0.09091472899886666],[0.044361113114159766,-0.025436322874503727,-0.08199460137145298]]
[[-0.12293223852638085,-0.026375764754524647,-0.014907376925519772],[0.07852076951203059,0.05344025204910953,0.09483420899603939],[0.04441146901435027,-0.02706448729458489,-0.07992683207051962]]
[[-0.12936480705664155,-0.02713446864820695,-0.021527839670067203],[0.08478877334358992,0.055744784681020704,0.09960691893502316],[0.04457603371305162,-0.02861031603281375,-0.07807907926495594]]
[[-0.13760731716992963,-0.028301968853835017,-0.029058567204217456],[0.09274490852582744,0.05839512776540394,0.1054849094789571],[0.0448624086441022,-0.030093158911568923,-0.07642634227473964]]
[[-0.14827664338401675,-0.02992983403689347,-0.03789122622206041],[0.10299828966118214,0.061459021197752685,0.11283637386267809],[0.045278353722834605,-0.031529187160859215,-0.07494514764061767]]
[[-0.1623104950330735,-0.03208796003081674,-0.04860581270521761],[0.1164785040472084,0.06501969472784043,0.12221859345750638],[0.04583199098586509,-0.032931734697023686,-0.07361278075228878]]
[[-0.18119964879082154,-0.03486252772538151,-0.062106063260167335],[0.13466775908313616,0.06917398166197301,0.13451248518075584],[0.04653188970768536,-0.03431145393659151,-0.0724064219205885]]
[[-0.20744972906066017,-0.03833956440856792,-0.07988587369480138],[0.16006273090673145,0.07401582886558103,0.15118797719545685],[0.047386998153928696,-0.03567626445701311,-0.07130210350065547]]
[[-0.24558267603162623,-0.0425366097605677,-0.10460012549317024],[0.19717633652215905,0.07956764779944156,0.1748734731602955],[0.04840633950946718,-0.03703103803887386,-0.07027334766712527]]
[[-0.30456783287543443,-0.04713872216667702,-0.14143013356852663],[0.25496953988469756,0.08551562143495942,0.2107193546232209],[0.04959829299073687,-0.0383768992682824,-0.06928922105469423]]
[[-0.4047029877602047,-0.050393427396686175,-0.2018754079168222],[0.35373393921995167,0.09010330694893891,0.2701866478497618],[0.050969048540252984,-0.03970987955225273,-0.06831123993293962]]
[[-0.6019813354089204,-0.04343435118717541,-0.3168217863038704],[0.5494622019283109,0.08445263902517003,0.3841094734043764],[0.052519133480609576,-0.04101828783799462,-0.06728768710050598]]
[[-1.1125140992187985,0.033371243425773064,-0.6002798315209995],[1.0582799349113843,0.008905648084730617,0.6664205792906206],[0.05423416430741433,-0.04227689151050368,-0.06614074776962113]]
[[-3.6458907157002387,1.1711477237710213,-1.8481062589699995],[3.5898424147569057,-1.1277181039041209,1.9128320825596654],[0.05604830094333292,-0.043429619866900304,-0.06472582358966592]]
[[6.22543356305289,4.113921393847076,4.520705071088564],[-6.282872723199328,-4.069649043295226,-4.458079293430502],[0.05743916014643831,-0.04427235055185054,-0.06262577765806177]]
[[4.059359045180304,-1.6292932432395426,2.0835830977093086],[-4.11775549832315,1.67436538833598,-2.022639167011616],[0.05839645314284582,-0.04507214509643731,-0.0609439306976929]]
[[3.309680349811301,-6.108453481542101,0.726128436398999],[-3.3695823790037522,6.154358170847124,-0.6669179596737361],[0.05990202919245107,-0.04590468930502323,-0.05921047672526292]]
[[-7.229589740987114,0.11686676565185596,-4.168445841279429],[7.168637970688766,-0.0699969167808284,4.225606481987658],[0.060951770298348126,-0.046869848871027554,-0.05716064070822825]]
[[-3.3705464380133985,6.146962169468329,-0.6687389541040119],[3.3080530424529946,-6.09922302868658,0.7243736424580061],[0.06249339556040405,-0.04773914078175,-0.05563468835399424]]
[[7.559966406120501,5.17308553718926,5.54272628723709],[-7.623679850985319,-5.124331134558109,-5.489175112120061],[0.06371344486481764,-0.048754402631149885,-0.05355117511702833]]
[[-0.19634270525469294,-4.27499969568163,-0.9548354024194534],[0.13088186604674582,4.324564323442766,1.0067991024105687],[0.06546083920794712,-0.049564627761136605,-0.05196369999111522]]
[[-0.4884257527432847,-1.3324206668165384,-0.5184876112248508],[0.4213971801269452,1.382446888340899,0.5682746827411269],[0.0670285726163395,-0.05002622152436057,-0.04978707151627619]]
[[-0.4083532665940155,-0.72683879229782,-0.3474226112200376],[0.33999204275949463,0.7774057408876969,0.39491581992012653],[0.0683612238345209,-0.050566948589876884,-0.0474932087000889]]
[[-0.3577849743047115,-0.49373057444882046,-0.2710593483363927],[0.2882209756174763,0.544995653448354,0.3162962293741095],[0.06956399868723526,-0.051265078999533586,-0.045236881037716746]]
[[-0.33025377871897044,-0.3776325197952938,-0.2326287043345295],[0.25952351502413207,0.4297868928813393,0.27570947365309717],[0.07073026369483842,-0.05215437308604551,-0.043080769318567656]]
[[-0.3179163383149662,-0.31201140845803016,-0.2136776444979771],[0.2459733284355602,0.36526745964413954,0.25472524739693925],[0.07194300987940597,-0.05325605118610938,-0.04104760289896214]]
[[-0.31726116994832043,-0.2729201209975824,-0.207144205441564],[0.24398193381782454,0.3275068201992181,0.24628145244394323],[0.07327923613049592,-0.05458669920163571,-0.03913724700237921]]
[[-0.32765148298138164,-0.2501118489379056,-0.21052010094255508],[0.25283786806615877,0.3062723639336984,0.24785341013570714],[0.07481361491522291,-0.05616051499579279,-0.03733330919315205]]
[[-0.350947554465873,-0.23892556772678022,-0.22395196134732617],[0.2743261082500109,0.2969145695256707,0.25955690269216974],[0.07662144621586206,-0.057989001798890466,-0.03560494134484355]]
[[-0.39246507189244206,-0.23753004780045184,-0.250249440622078],[0.3136844641395567,0.2976084583190645,0.28415481555085614],[0.07878060775288537,-0.060078410518612665,-0.03390537492877814]]
[[-0.4644208306733311,-0.24592271696284546,-0.2967505058976765],[0.3830494487798624,0.3083467040150338,0.32891778957181217],[0.08137138189346874,-0.062423987052188296,-0.03216728367413574]]
[[-0.5969042738439445,-0.265253391419228,-0.3817821230045933],[0.5124332290894066,0.33025201078490496,0.4120763070291473],[0.08447104475453786,-0.06499861936567697,-0.030294184024554013]]
[[-0.8809186605800843,-0.29310890127542644,-0.5595950389856691],[0.7927843740751847,0.36083952628327837,0.5877412277895567],[0.0881342865048997,-0.06773062500785189,-0.02814618880388758]]
[[-1.7283709824670246,-0.2551435915134842,-1.0628679845743438],[1.636042123699623,0.32560217691332105,1.08838584289315],[0.0923288587674015,-0.07045858539983685,-0.025517858318806097]]
[[-7.789464064227477,3.415890999101057,-3.9613985469483484],[7.692793612814032,-3.343050284205121,3.983522564029338],[0.09667045141344563,-0.07284071489593627,-0.022124017080989933]]
[[1.2350918879979547,0.14918570446304313,0.811336081081623],[-1.334138705964295,-0.0732428056941522,-0.7915952598296306],[0.09904681796634054,-0.07594289876889093,-0.019740821251992394]]
[[0.20691463433603588,0.05527346604222211,0.18163796029231127],[-0.30712187410112335,0.028045423062280552,-0.15924992583018224],[0.10020723976508746,-0.08331888910450266,-0.02238803446212902]]
[[0.04993204550116477,0.0710358807798446,0.10054118833311182],[-0.14961852868790046,0.024608530314103448,-0.07033465423246742],[0.0996864831867357,-0.09564441109394806,-0.030206534100644406]]
[[-0.0005511284816246062,0.09329131286914638,0.0858292550385105],[-0.09469405242873838,0.019628954167144108,-0.04221881334140995],[0.09524518091036299,-0.11292026703629049,-0.04361044169710055]]
[[-0.015088265637490376,0.1175285194534419,0.09207686577342013],[-0.06788802171699193,0.01567191908860792,-0.02983055539976049],[0.08297628735448231,-0.13320043854204983,-0.06224631037365963]]
[[-0.00664615046765488,0.13850023551111798,0.10658888014768955],[-0.05214967948377747,0.012624660510128106,-0.023171618874409196],[0.058795829951432343,-0.1511248960212461,-0.08341726127328036]]
[[0.019225889212241852,0.14807792233194975,0.12004992011548629],[-0.041797699925556236,0.010258730885122242,-0.019060827707132064],[0.022571810713314384,-0.158336653217072,-0.10098909240835423]]
[[0.05244545515616817,0.14018691517551227,0.12402855016518174],[-0.034460259737075234,0.008397519916688292,-0.01625037769764163],[-0.017985195419092936,-0.14858443509220054,-0.10777817246754011]]
[[0.07978063658319363,0.11709479095273748,0.11543870313691935],[-0.028983101606833955,0.0069158493581867,-0.014175590060413015],[-0.05079753497635968,-0.12401064031092418,-0.10126311307650634]]
[[0.09350542642071265,0.08796872751701938,0.09819080303814928],[-0.024740210057264844,0.005725973542360334,-0.012553273410818156],[-0.0687652163634478,-0.09369470105937973,-0.08563752962733114]]
[[0.09453474782115891,0.06124516668400537,0.07862234696302833],[-0.021363732803926817,0.0047649125745777,-0.011230754987217657],[-0.07317101501723208,-0.06601007925858307,-0.06739159197581068]]
[[0.08788209754317625,0.04058263281270692,0.06100815631884599],[-0.01862280073752204,0.003985494935725212,-0.010120939327313696],[-0.06925929680565421,-0.044568127748432135,-0.0508872169915323]]
[[0.07810022461039659,0.026017887895669566,0.046860380453655585],[-0.016363893599675487,0.0033510825194915943,-0.009171204933955889],[-0.0617363310107211,-0.02936897041516116,-0.0376891755196997]]
[[0.06790343776670359,0.016218763144315834,0.03609537626210262],[-0.014479787657901758,0.002832686412707985,-0.008347635801916688],[-0.053423650108801825,-0.01905144955702382,-0.02774774046018593]]
[[0.05853239427490238,0.009761262884834584,0.02807805132775751],[-0.012892614682629732,0.0024072505100650897,-0.0076268607540312585],[-0.045639779592272646,-0.012168513394899673,-0.020451190573726248]]
[[0.050395267626716214,0.005536622419854802,0.022128842645635607],[-0.011544123634485162,0.0020564471192336714,-0.006991771782580419],[-0.03885114399223105,-0.0075930695390884735,-0.015137070863055189]]
[[0.04351217943532659,0.002776328934514747,0.0176887034422358],[-0.010389755261835894,0.001765730040467906,-0.006429223676693348],[-0.0331224241734907,-0.0045420589749826535,-0.011259479765542452]]
[[0.03775268684448875,0.0009728085779045343,0.01433983702571308],[-0.009394835438895757,0.0015235620790636222,-0.0059287492893816225],[-0.028357851405592997,-0.0024963706569681565,-0.008411087736331459]]
[[0.03294632960054588,-0.00020327329951743813,0.011781935431151625],[-0.008532013096524935,0.001320786166671856,-0.005481803260752239],[-0.02441431650402095,-0.001117512867154418,-0.006300132170399386]]
[[0.028928373380493682,-0.0009650303038090053,0.009802008804500661],[-0.007779470369065624,0.001150119945437538,-0.0050812885226728804],[-0.02114890301142806,-0.00018508964162853258,-0.004720720281827781]]
[[0.025555556954505544,-0.0014510492674763703,0.008249089313286889],[-0.007119635584286915,0.0010057546406222622,-0.004721240411660473],[-0.018435921370218628,0.00044529462685410806,-0.0035278489016264156]]
[[0.022709014773478545,-0.0017522306210382833,0.0070155244100946436],[-0.00653823696984088,0.0008830396240347825,-0.004396603279669071],[-0.016170777803637668,0.0008691909970035009,-0.002618921130425573]]
[[0.02029228194694201,-0.0019288021548437533,0.006023820234036825],[-0.006023594608759968,0.0007782357778591272,-0.004103064679121988],[-0.01426868733818204,0.001150566376984626,-0.0019207555549148369]]
[[0.01822782889380767,-0.0020210846683863686,0.005217569414426959],[-0.00556608314834252,0.0006883231961942798,-0.0038369276156462236],[-0.012661745745465153,0.0013327614721920886,-0.0013806417987807353]]
[[0.01645352703419784,-0.002056340093601314,0.004555226971696845],[-0.005157719286082471,0.0006108513442531979,-0.003595009421907698],[-0.01129580774811537,0.001445488749348116,-0.0009602175497891467]]
[[0.014919543092334918,-0.0020531667402553058,0.004005829023845308],[-0.004791841867323485,0.0005438221823836547,-0.0033745601520132227],[-0.010127701225011432,0.0015093445578716511,-0.0006312688718320852]]
[[0.013585778582001818,-0.002024350658819768,0.003546027829056516],[-0.004462861608935867,0.00048559880358522783,-0.0031731958325379585],[-0.00912291697306595,0.0015387518552345404,-0.00037283199651855746]]
[[0.012419823247130543,-0.0019787367204443128,0.0031580198179772586],[-0.004166063740395327,0.0004348338002244166,-0.0029888433375079093],[-0.008253759506735216,0.0015439029202198962,-0.00016917648046934968]]
[[0.011395344194895345,-0.0019224706761774616,0.0028280828581575415],[-0.0038974512452228448,0.00039041289867820155,-0.0028196945405585235],[-0.007497892949672499,0.00153205777749926,-8.388317599018064e-6]]
[[0.010490826661474736,-0.0018598329907308778,0.002545532542316785],[-0.0036536195155562625,0.0003514104322148433,-0.0026641679763847086],[-0.006837207145918473,0.0015084225585160346,0.00011863543406792393]]
[[0.009688591606836057,-0.0017938046699058565,0.002301969404802916],[-0.0034316554973120366,0.0003170540180790095,-0.00252087664192244],[-0.0062569361095240195,0.001476750651826847,0.00021890723711952384]]
[[0.008974028540152747,-0.0017264551234443047,0.0020907301718532767],[-0.003229056063039459,0.0002866964145969245,-0.002388600854444609],[-0.005744972477113288,0.0014397587088473803,0.0002978706825913326]]
[[0.00833499475159403,-0.001659210544914242,0.0019064835844804617],[-0.003043661579098472,0.0002597930000667139,-0.00226626529789243],[-0.005291333172495558,0.001399417544847528,0.00035978171341196816]]
[[0.007761343013444119,-0.0015930412240181436,0.0017449297177253558],[-0.0028736015533600535,0.00023588367084363332,-0.002152919553252538],[-0.004887741460084066,0.0013571575531745102,0.00040798983552718226]]
[[0.007244548570001655,-0.0015285933056169495,0.0016025741407002729],[-0.002717249943214779,0.00021457822762135662,-0.002047721537793392],[-0.004527298626786877,0.0013140150779955928,0.0004451473970931189]]
[[0.006777413070806979,-0.0014662821224759699,0.0014765567283297754],[-0.002573188230838097,0.0001955445266454628,-0.001949923380675085],[-0.004204224839968881,0.0012707375958305072,0.00047336665234530974]]
[[0.006353828352559878,-0.0014063587160596895,0.001364520761018717],[-0.0024401747761635087,0.0001784988318645018,-0.0018588593450900137],[-0.003913653576396369,0.0012278598841951878,0.0004943385840712967]]
[[0.005968586976053146,-0.001348957497780418,0.001264511994790772],[-0.002317119268892391,0.00016319792649167542,-0.00177393547411415],[-0.0036514677071607556,0.0011857595712887426,0.0005094234793233779]]
[[0.005617229462466545,-0.0012941305456430207,0.0011749002217572963],[-0.002203061341857605,0.0001494326369313669,-0.0016946206921170286],[-0.00341416812060894,0.0011446979087116537,0.0005197204703597322]]
[[0.005295920478953297,-0.0012418723658829717,0.0010943178489463909],[-0.002097152595954305,0.00013702249517561716,-0.0016204391383683125],[-0.0031987678829989924,0.0011048498707073545,0.0005261212894219215]]
[[0.005001347975571326,-0.001192137810101891,0.001021611457827631],[-0.001998641434159719,0.00012581132262421912,-0.0015509635463065259],[-0.003002706541411607,0.0010663264874776718,0.000529352088478895]]
[[0.0047306406106081755,-0.001144855052361,0.0009558033403814564],[-0.0019068602182582021,0.00011566356263210805,-0.0014858095123080823],[-0.0028237803923499734,0.001029191489728892,0.000530006171926626]]
[[0.0044812998220277464,-0.0010999349837258453,0.0008960607586616889],[-0.0018212143538421338,0.00010646122382268048,-0.001424630522910645],[-0.0026600854681856126,0.0009934737599031646,0.0005285697642489562]]
[[0.0042511436862422355,-0.0010572779981368944,0.0008416712251680248],[-0.001741172982343339,0.00009810132351734444,-0.0013671136302649512],[-0.002509970703898896,0.00095917667461955,0.0005254424050969264]]
[[0.004038260309414327,-0.001016778872422389,0.0007920225078359359],[-0.0016662610173644133,0.00009049374219087996,-0.001312975682888451],[-0.0023719992920499134,0.000926285130231509,0.000520953175052515]]
[[0.003840968964248765,-0.0009783302504044623,0.0007465863659724416],[-0.001596052309573021,0.00008355941694709403,-0.0012619600332002677],[-0.0022449166546757438,0.0008947708334573681,0.0005153736672278261]]
[[0.003657787549157395,-0.0009418251029211778,0.0007049052502636152],[-0.0015301637623248222,0.00007722881560059392,-0.0012138336553402715],[-0.0021276237868325725,0.0008645962873205839,0.0005089284050766564]]
[[0.0034874052311535874,-0.0009071584360555359,0.0006665813712063783],[-0.001468250250877154,0.00007144064380374584,-0.0011683846168315654],[-0.0020191549802764334,0.00083571779225179,0.0005018032456251872]]
[[0.003328659357238712,-0.0008742284477345942,0.0006312676704638266],[-0.0014100002230149331,0.00006614074635699478,-0.0011254198560752976],[-0.0019186591342237789,0.0008080877013775994,0.0004941521856114709]]
[[0.003180515895307961,-0.0008429372803172745,0.000598660329208012],[-0.001355131879282793,0.00006128117083875136,-0.001084763224747806],[-0.0018253840160251684,0.0007816561094785232,0.000486102895539794]]
[[0.0030420528053090143,-0.0008131914783255838,0.0005684925241576459],[-0.0013033898477079514,0.00005681936734082296,-0.0010462537601311998],[-0.0017386629576010629,0.0007563721109847608,0.00047776123597355395]]
[[0.0029124458526144812,-0.0007849022321928775,0.0005405292013702638],[-0.0012545422816213191,0.00005271750267259474,-0.0010097441574373658],[-0.001657903570993162,0.0007321847295202828,0.0004692149560671019]]
[[0.0027909564645118845,-0.000757985468025482,0.0005145626840741337],[-0.0012083783205067379,0.00004894187111815819,-0.0009750994164368932],[-0.0015825781440051464,0.0007090435969073237,0.00046053673236275957]]
[[0.002676921302142835,-0.0007323618279071666,0.0004904089670262652],[-0.0011647058631813227,0.00004546238686559113,-0.0009421956403062085],[-0.0015122154389615125,0.0006868994410415755,0.0004517866732799433]]
[[0.002569743277824607,-0.0007079565737817193,0.0004679045783836141],[-0.0011233496103946114,0.00004225214571114949,-0.0009109189676640227],[-0.0014463936674299956,0.0006657044280705699,0.0004430143892804086]]
[[0.0024688837943276755,-0.0006846994393841858,0.00044690391262727466],[-0.001084149340420092,0.00003928704567987088,-0.0008811646213695098],[-0.0013847344539075837,0.000645412393704315,0.00043426070874223515]]
[[0.002373856020596912,-0.0006625244482957851,0.00042727695601295893],[-0.001046958386632933,0.00003654545788285886,-0.0008528360598721347],[-0.0013268976339639788,0.0006259789904129263,0.00042555910385917587]]
[[0.002284219049342891,-0.0006413697114139946,0.00040890734034876167],[-0.0010116422906109315,0.000034007940318037574,-0.0008258442187972258],[-0.0012725767587319593,0.000607361771095957,0.00041693687844846416]]
[[0.0021995728072704496,-0.0006211772135477961,0.00039169067240007105],[-0.000978077608114611,0.00003165698846967017,-0.0008001068320725598],[-0.0012214951991558385,0.0005895202250781259,0.0004084161596724888]]
[[0.0021195536095421712,-0.000601892596165543,0.00037553309549044156],[-0.0009461508485215323,0.000029476817516000588,-0.0007755478232915339],[-0.001173402761020639,0.0005724157786495424,0.00040001472780109236]]
[[0.0020438302672575823,-0.0005834649413144664,0.0003603500473701941],[-0.0009157575310107017,0.000027453171749127266,-0.0007520967592030782],[-0.0011280727362468807,0.0005560117695653391,0.0003917467118328841]]
[[0.0019721006709513037,-0.0005658465602289588,0.0003460651845226463],[-0.0008868013430987282,0.000025573157475047173,-0.0007296883582468925],[-0.0010852993278525755,0.0005402734027539116,0.0003836231737242462]]
[[0.0019040887849243063,-0.0005489927890243179,0.0003326094480536444],[-0.0008591933890883122,0.000023825096217748466,-0.0007082620479395777],[-0.001044895395835994,0.0005251676928065695,0.00037565259988593344]]
[[0.0018395419970617865,-0.0005328617930396589,0.0003199202503854341],[-0.0008328515176581083,0.000022198395518010897,-0.0006877615656837104],[-0.001006690479403678,0.000510663397521648,0.00036784131529827636]]
[[0.0017782287770137866,-0.0005174143807777296,0.00030794076532596963],[-0.0008076997192474511,0.00002068343501047335,-0.0006681345982354081],[-0.0009705290577663355,0.0004967309457672562,0.0003601938329094384]]
[[0.0017199366025066752,-0.0005026138279371068,0.0002966193068483678],[-0.0007836675851084152,0.000019271465794050905,-0.0006493324556413524],[-0.00093626901739826,0.0004833423621430559,0.0003527131487929846]]
[[0.0016644701193472343,-0.0004884257117035795,0.00028590878420276563],[-0.0007606898209431964,0.000017954521391176356,-0.0006313097759561049],[-0.000903780298404038,0.00047047119031240324,0.0003454009917533392]]
[[0.0016116495055652571,-0.0004748177552319901,0.00027576622288264007],[-0.0007387058089435485,0.00001672533882904403,-0.0006140242574855852],[-0.0008729436966217086,0.0004580924164029461,0.00033825803460294505]]
[[0.0015613090142692048,-0.0004617596820843357,0.00026615234255040034],[-0.0007176592128232272,0.000015577288577994973,-0.0005974364156817837],[-0.0008436498014459775,0.0004461823935063407,0.0003312840731313834]]
[[0.001513295673288924,-0.0004492230802770531,0.000257031184349818],[-0.0006974976211027515,0.000014504312254159045,-0.0005815093621449033],[-0.0008157980521861724,0.00043471876802289404,0.0003244781777950853]]
[[0.0014674681226531543,-0.00043718127551678693,0.00024836978114157267],[-0.0006781722244839448,0.000013500867140221406,-0.0005662086034787069],[-0.0007892958981692097,0.00042368040837656554,0.00031783882233713423]]
[[0.001423695573482948,-0.00042560921315950423,0.0002401378651302378],[-0.000659637523652826,0.000012561876703674481,-0.00055150185799853],[-0.000764058049830122,0.00041304733645582977,0.0003113639928682922]]
[[0.001381856874045676,-0.0004144833484048771,0.00023230760813674155],[-0.0006418510642845988,0.000011682686399447047,-0.0005373588885139736],[-0.0007400058097610772,0.00040280066200543005,0.00030505128037723204]]
[[0.001341839670566308,-0.00040378154423056955,0.0002248533904344857],[-0.0006247731964031211,0.000010859024136123691,-0.0005237513496038697],[-0.0007170664741631869,0.00039292252009444584,0.000298897959169384]]
[[0.0013035396519817787,-0.0003934829765750711,0.00021775159463020827],[-0.0006083668555772818,0.000010086964864388718,-0.0005106526479732105],[-0.0006951727964044968,0.0003833960117106824,0.00029290105334300214]]
[[0.0012668598691907272,-0.00038356804628961015,0.0002109804215489583],[-0.0005925973637249135,9.362898814775482e-6,-0.0004980378146334188],[-0.0006742625054658138,0.0003742051474748347,0.00028705739308446045]]
[[0.0012317101205285962,-0.0003740182973970044,0.0002045197254899708],[-0.0005774322475469867,8.683502970905862e-6,-0.00048588338778121767],[-0.0006542778729816095,0.00036533479442609856,0.0002813636622912469]]
[[0.0011980063962151663,-0.000364816341216136,0.0001983508665681119],[-0.0005628410728357383,8.045715415528249e-6,-0.00047416730536967887],[-0.0006351653233794279,0.00035677062580060775,0.000275816438801567]]
[[0.001165670375401836,-0.0003559457859336906,0.00019245657815331011],[-0.000548795293094291,7.446712230963161e-6,-0.00046286880646977097],[-0.0006168750823075451,0.00034849907370272746,0.0002704122283164609]]
[[0.0011346289702092666,-0.00034739117122882415,0.00018682084767580463],[-0.0005352681110757825,6.883886674021303e-6,-0.0004519683406135482],[-0.0005993608591334841,0.00034050728455480283,0.00026514749293774355]]
[[0.0011048139118092406,-0.0003391379075807641,0.0001814288092846336],[-0.0005222343520001278,6.354830378892922e-6,-0.00044144748439250655],[-0.0005825795598091126,0.0003327830772018712,0.0002600186751078729]]
[[0.001076161374181927,-0.00033117221991346403,0.00017626664703598166],[-0.0005096703473389058,5.857316370628278e-6,-0.00043128886465784277],[-0.000566491026843021,0.00032531490354283576,0.0002550222176218611]]
[[0.001048611631683312,-0.0003234810952549328,0.00017132150745135887],[-0.0004975538281757905,5.38928369722918e-6,-0.0004214760877344953],[-0.0005510578035075217,0.0003180918115577037,0.0002501545802831364]]
[[0.0010221087469974863,-0.0003160522341114787,0.0001665814204269089],[-0.00048586382725335274,4.9488235105645e-6,-0.00041199367411888375],[-0.0005362449197441337,0.00031110341060091424,0.00024541225369197484]]
[[0.0009966002864335902,-0.0003088740052786882,0.0001620352275976599],[-0.00047458058890868386,4.534166445741451e-6,-0.00040282699818203476],[-0.0005220196975249064,0.0003043398388329467,0.00024079177058437487]]
[[0.0009720370598648463,-0.000301935403831384,0.00015767251736693969],[-0.0004636854861815482,4.14367116558127e-6,-0.000393962232446024],[-0.0005083515736832981,0.00029779173266580275,0.0002362897150790843]]
[[0.000948372882903642,-0.00029522601205403685,0.00015348356590377796],[-0.0004531609444509652,3.775813951782599e-6,-0.00038538629604300645],[-0.0004952119384526767,0.0002914501981022543,0.00023190273013922846]]
[[0.0009255643591674846,-0.0002887359630911183,0.0001494592834918424],[-0.000442990371020334,3.429179237481835e-6,-0.0003770868070031215],[-0.0004825739881471506,0.00028530678385363644,0.0002276275235112791]]
[[0.0009035706807204877,-0.00028245590711369376,0.00014559116568396355],[-0.0004331580901284041,3.1024509874708433e-6,-0.00036905203805073946],[-0.0004704125905920836,0.0002793534561262229,0.0002234608723667759]]
[[0.0008823534449778932,-0.00027637697981420834,0.000141871248777984],[-0.0004236492829144023,2.7944048425142797e-6,-0.00036127087561827387],[-0.0004587041620634908,0.00027358257497169403,0.00021939962684028988]]
[[0.0008618764865403719,-0.0002704907730559257,0.00013829206918372487],[-0.0004144499319111691,2.503900953192242e-6,-0.0003537327818135291],[-0.00044742655462920287,0.00026798687210273346,0.00021544071262980424]]
[[0.000842105722583559,-0.0002647893075169502,0.00013484662629831962],[-0.0004055467696808843,2.2298774366344534e-6,-0.00034642775910059375],[-0.00043655895290267466,0.0002625594300803157,0.00021158113280227416]]
[[0.0008230090105688897,-0.00025926500718118507,0.00013152834854888502],[-0.00039692723124440626,1.9713443965360242e-6,-0.0003393463174759351],[-0.00042608177932448345,0.00025729366278464907,0.00020781796892705012]]
[[0.0008045560171666946,-0.0002539106755400802,0.00012833106229824808],[-0.0003885794099879189,1.7273784530689784e-6,-0.0003324794439408527],[-0.00041597660717877577,0.0002521832970870112,0.00020414838164260464]]
[[0.0007867180973934716,-0.00024871947337961394,0.0001252489633418533],[-0.000380492016759894,1.4971177348231616e-6,-0.00032581857408904677],[-0.00040622608063357754,0.00024722235564479076,0.00020056961074719354]]
[[0.0007694681830640612,-0.00024368489803672705,0.00012227659075260506],[-0.0003726543418977026,1.2797572898133765e-6,-0.0003193555656439397],[-0.0003968138411663586,0.00024240514074691367,0.00019707897489133465]]
[[0.0007527806797474848,-0.00023880076401841776,0.0001194088028557255],[-0.0003650562199468847,1.0745448769478114e-6,-0.0003130826737947502],[-0.00038772445980060014,0.00023772621914146995,0.00019367387093902473]]
[[0.0007366313714938084,-0.00023406118488499784,0.00011664075513814472],[-0.000357687996857409,8.807771032338655e-7,-0.0003069925281933138],[-0.00037894337463639945,0.000233180407781764,0.00019035177305516907]]
[[0.0007209973326695982,-0.00022946055630662624,0.00011396787991684685],[-0.00035054049946045405,6.977958754549023e-7,-0.0003010781114854016],[-0.00037045683320914417,0.00022876276043117135,0.00018711023156855474]]
[[0.0007058568463023645,-0.0002249935402092481,0.00011138586760827692],[-0.0003436050070465837,5.24985138136879e-7,-0.0002953327392609644],[-0.0003622518392557808,0.00022446855507111122,0.00018394687165268746]]
[[0.0006911893283906804,-0.0002206550499325244,0.00010889064945664829],[-0.0003368732248818288,3.617678723798731e-7,-0.0002897500413173906],[-0.0003543161035088516,0.00022029328206014451,0.00018085939186074233]]
[[0.0006769752576871091,-0.00021644023632825743,0.00010647838159299932],[-0.00033033725951234964,2.0760333259285122e-7,-0.0002843239441386708],[-0.00034663799817475944,0.00021623263299566458,0.00017784556254567147]]
[[0.0006631961105064286,-0.00021234447473328656,0.00010414543030934949],[-0.00032398959572114115,6.19845003758282e-8,-0.00027904865450132846],[-0.0003392065147852874,0.00021228249023291074,0.000174903224191979]]
[[0.0006498343001523459,-0.00020836335275583372,0.0001018883584434644],[-0.0003178230750118543,-7.556426323048383e-8,-0.00027391864412525953],[-0.00033201122514049154,0.0002084389170190642,0.0001720302856817951]]
[[0.0006368731205925782,-0.00020449265881890098,0.00009970391277971914],[-0.0003118308755053113,-2.0548938413534868e-7,-0.00026892863529422455],[-0.0003250422450872669,0.00020469814820303633,0.0001692247225145054]]
[[0.0006242966940451987,-0.00020072837140856821,0.00009758901238048445],[-0.0003060064931438372,-3.28210075645162e-7,-0.0002640735873767725],[-0.0003182902009013615,0.00020105658148421337,0.00016648457499628805]]
[[0.0006120899221689317,-0.000197066648978941,0.0000955407377704668],[-0.00030034372410719923,-4.441201869535455e-7,-0.0002593486841838708],[-0.0003117461980617325,0.00019751076916589458,0.000163807946413404]]
[[0.0006002384405769741,-0.0001935038204690993,0.00009355632090361752],[-0.00029483664835182035,-5.535899123745638e-7,-0.0002547493221045316],[-0.0003054017922251538,0.00019405741038147384,0.00016119300120091406]]
[[0.0005887285764182263,-0.00019003637639070474,0.00009163313584868238],[-0.0002894796141921069,-6.569673728607782e-7,-0.00025027109896531147],[-0.0002992489622261194,0.00019069334376356552,0.0001586379631166291]]
[[0.0005775473087918017,-0.00018666096044797373,0.0000897686901352673],[-0.00028426722384925765,-7.545800803039901e-7,-0.0002459098035637485],[-0.00029328008494254403,0.00018741554052827773,0.0001561411134284812]]
[[0.0005666822317805923,-0.00018337436165452958,0.00008796061670752065],[-0.00027919431989887575,-8.467362941754083e-7,-0.00024166140582963748],[-0.00028748791188171663,0.00018422109794870498,0.00015370078912211682]]
[[0.0005561215199077205,-0.0001801735069142372,0.00008620666643724531],[-0.00027425597255413255,-9.337262792111079e-7,-0.00023752204757155132],[-0.000281865547353588,0.00018110723319344832,0.00015131538113430604]]
[[0.0005458538958360692,-0.00017705545403550268,0.00008450470115249994],[-0.0002694474677261919,-1.015823472081139e-6,-0.00023348803376923625],[-0.0002764064281098772,0.0001780712775075838,0.0001489833326167363]]
[[0.0005358686001459695,-0.0001740173851507261,0.00008285268714159037],[-0.00026476429580813256,-1.0932855642853594e-6,-0.00022955582437545366],[-0.0002711043043378369,0.00017511067071501144,0.0001467031372338633]]
[[0.0005261553630396302,-0.00017105660051461974,0.00008124868909581854],[-0.0002602021411327494,-1.1663555078904265e-6,-0.000225722026593552],[-0.00026595322190688087,0.00017222295602251019,0.00014447333749773343]]
[[0.000516704377833185,-0.00016817051265697436,0.00007969086445749818],[-0.00025575687205840514,-1.2352624501523556e-6,-0.00022198338759953432],[-0.0002609475057747798,0.00016940577510712673,0.00014229252314203612]]
[[0.0005075062761084517,-0.0001653566408671904,0.00007817745814259062],[-0.00025142453164058007,-1.3002226025526775e-6,-0.00021833678767967313],[-0.0002560817444678716,0.00016665686346974305,0.00014015932953708252]]
[[0.0004985521044066798,-0.00016261260598948049,0.00007670679760989104],[-0.00024720132884994267,-1.3614400493072732e-6,-0.00021477923375682071],[-0.00025135077555673706,0.00016397404603878777,0.00013807243614692968]]
[[0.0004898333023558852,-0.00015993612550912746,0.00007527728825103836],[-0.00024308363030069524,-1.419107499981313e-6,-0.00021130785328050166],[-0.00024674967205519,0.00016135523300910877,0.0001360305650294633]]
[[0.0004813416821318677,-0.00015732500891154537,0.00007388740907774541],[-0.00023906795245561647,-1.4734069904566383e-6,-0.00020791988845764612],[-0.0002422737296762512,0.000158798415902002,0.0001340324793799007]]
[[0.0004730694091607653,-0.0001547771532971502,0.00007253570868458021],[-0.00023515095427669537,-1.5245105361463576e-6,-0.0002046126908024691],[-0.00023791845488406994,0.00015630166383329654,0.00013207698211788887]]
[[0.00046500898397810607,-0.00015229053923621337,0.00007122080146738696],[-0.0002313294302925071,-1.5725807410306036e-6,-0.00020138371598550758],[-0.000233679553685599,0.00015386311997724397,0.00013016291451812062]]
[[0.00045715322516581293,-0.00014986322684895225,0.00006994136407903847],[-0.00022760030405556813,-1.6177713657959986e-6,-0.00019823051896322594],[-0.00022955292111024477,0.00015148099821474825,0.00012828915488418747]]
[[0.0004494952532945631,-0.00014749335209710782,0.00006869613210566936],[-0.00022396062196481964,-1.6602278580952318e-6,-0.00019515074937088362],[-0.00022553463132974345,0.00014915357995520304,0.00012645461726521425]]
[[0.0004420284758043691,-0.00014517912327419055,0.00006748389694787488],[-0.00022040754743016,-1.7000878477004688e-6,-0.00019214214716255392],[-0.00022162092837420911,0.000146879211121891,0.00012465825021467904]]
[[0.00043474657276123467,-0.00014291881768242837,0.00006630350289257276],[-0.00021693835535756723,-1.737481609102798e-6,-0.00018920253848327627],[-0.00021780821740366747,0.00014465629929153115,0.0001228990355907035]]
[[0.0004276434834323467,-0.0001407107784852505,0.00006515384436233952],[-0.0002135504269348589,-1.7725324939076962e-6,-0.00018632983175934542],[-0.0002140930564974878,0.00014248331097915817,0.00012117598739700589]]
[[0.0004207133936264687,-0.00013855341172487622,0.00006403386333004775],[-0.00021024124469951988,-1.8053573351915104e-6,-0.00018352201399368168],[-0.0002104721489269488,0.00014035876906006773,0.00011948815066363392]]
[[0.00041395072375009003,-0.00013644518349526516,0.00006294254688756148],[-0.0002070083878713064,-1.8360668258144225e-6,-0.00018077714725409444],[-0.00020694233587878363,0.0001382812503210796,0.00011783460036653297]]
[[0.0004073501175334415,-0.00013438461726131902,0.0000618789249580983],[-0.0002038495279335204,-1.864765872531084e-6,-0.00017809336534306295],[-0.0002035005895999211,0.0001362493831338501,0.00011621444038496464]]
[[0.0004009064313837779,-0.00013237029131581696,0.00006084206814264849],[-0.00020076242444793833,-1.8915539275976597e-6,-0.00017546887063840373],[-0.00020014400693583954,0.00013426184524341464,0.00011462680249575526]]
[[0.0003946147243263494,-0.00013040083636611663,0.000059831085691556936],[-0.0001977449210893912,-1.916525299444349e-6,-0.0001729019310948894],[-0.00019686980323695822,0.00013231736166556098,0.00011307084540333246]]
[[0.0003884702484962709,-0.0001284749332431607,0.00005884512359303213],[-0.00019479494188692922,-1.9397694438631467e-6,-0.00017039087739752765],[-0.00019367530660934165,0.00013041470268702386,0.00011154575380449553]]
[[0.0003824684401470713,-0.00012659131072580629,0.00005788336277094955],[-0.00019191048765937116,-1.9613712370509966e-6,-0.00016793410025780744],[-0.00019055795248770015,0.0001285526819628573,0.00011005073748685787]]
[[0.0003766049111440747,-0.0001247487434739338,0.000056945017384873005],[-0.00018908963263384386,-1.981411231748334e-6,-0.00016553004784477618],[-0.00018751527851023085,0.00012673015470568213,0.00010858503045990317]]
[[0.00037087544091296,-0.00012294605006420563,0.00005602933322572743],[-0.00018633052123665877,-1.9999658976202913e-6,-0.00016317722334332517],[-0.0001845449196763012,0.0001249460159618259,0.00010714789011759774]]
[[0.0003652759688158694,-0.00012118209112272538,0.0000551355862010279],[-0.00018363136504657128,-2.01710784694333e-6,-0.00016087418263254657],[-0.00018164460376929816,0.0001231991989696687,0.00010573859643151867]]
[[0.00035980258692930783,-0.00011945576754920766,0.000054263080904001284],[-0.00018099043990110303,-2.032906046581752e-6,-0.00015861953207746627],[-0.0001788121470282048,0.00012148867359578942,0.00010435645117346499]]
[[0.0003544515331998101,-0.00011776601882759845,0.000053411149261337984],[-0.00017840608314720948,-2.0474260171666655e-6,-0.00015641192642787746],[-0.0001760454500526006,0.00011981344484476512,0.00010300077716653948]]
[[0.0003492191849549549,-0.00011611182141839916,0.00005257914925467771],[-0.00017587669102812767,-2.0607300203240567e-6,-0.00015425006681838674],[-0.0001733424939268272,0.00011817255143872321,0.00010167091756370903]]
[[0.0003441020527487932,-0.00011449218722823408,0.00005176646371127455],[-0.00017340071619875312,-2.0728772347371553e-6,-0.0001521326988641433],[-0.00017070133655004002,0.00011656506446297124,0.00010036623515286877]]
[[0.0003390967745221332,-0.00011290616215247353,0.00005097249915959964],[-0.00017097666536237824,-2.083923921772617e-6,-0.00015005861084706285],[-0.00016812010915975495,0.00011499008607424614,0.0000990861116874632]]
[[0.0003342001100594036,-0.00011135282468697468,0.00005019668474592989],[-0.0001686030970220668,-2.0939235813476192e-6,-0.0001480266319876684],[-0.0001655970130373368,0.0001134467482683223,0.00009782994724173851]]
[[0.0003294089357249991,-0.00010983128460523898,0.00004943847120823966],[-0.0001662786193403583,-2.10292709866757e-6,-0.00014603563079796614],[-0.0001631303163846408,0.00011193421170390655,0.00009659715958972647]]
[[0.0003247202394631194,-0.00010834068169750629,0.00004869732990396043],[-0.00016400188810138225,-2.110982882419543e-6,-0.00014408451351104586],[-0.00016071835136173717,0.00011045166457992583,0.00009538718360708543]]
[[0.0003201311160461269,-0.00010688018456850835,0.00004797275188840298],[-0.0001617716047698226,-2.1181369949658787e-6,-0.00014217222258335418],[-0.00015835951127630429,0.00010899832156347423,0.00009419947069495119]]
[[0.00031563876255740413,-0.00010544898949080053,0.00004726424704084954],[-0.00015958651464151194,-2.1244332750446514e-6,-0.00014029773526582484],[-0.0001560522479158922,0.00010757342276584518,0.0000930334882249753]]
[[0.0003112404740955748,-0.00010404631931076693,0.00004657134323552086],[-0.0001574454050807472,-2.1299134534486633e-6,-0.00013846006224027665],[-0.00015379506901482757,0.00010617623276421558,0.00009188871900475581]]
[[0.0003069336396877723,-0.00010267142240456663,0.00004589358555480524],[-0.00015534710383971289,-2.134617262122349e-6,-0.00013665824631769604],[-0.00015158653584805944,0.00010480603966668897,0.0000907646607628908]]
[[0.0003027157384004093,-0.00010132357168144263,0.00004523053554230764],[-0.00015329047745567297,-2.138582537086059e-6,-0.00013489136119521918],[-0.00014942526094473632,0.00010346215421852869,0.00008966082565291152]]
[[0.00029858433563660907,-0.00010000206363196535,0.000044581770493433025],[-0.00015127442972184737,-2.1418453155695015e-6,-0.00013315851026881063],[-0.0001473099059147617,0.00010214390894753485,0.00008857673977537761]]
[[0.00029453707961012973,-0.00009870621741892085,0.000043946882781365595],[-0.0001492979002281287,-2.1444399277103225e-6,-0.00013145882549880661],[-0.00014523917938200103,0.00010085065734663117,0.000087511942717441]]
[[0.00029057169798622816,-0.00009743537400868228,0.000043325479216441034],[-0.00014735986296802035,-2.1463990831501e-6,-0.00012979146632565306],[-0.0001432118350182078,0.00009958177309183237,0.00008646598710921203]]
[[0.0002866859946804881,-0.00009618889534102642,0.000042717180437035624],[-0.00014545932500838454,-2.1477539528379094e-6,-0.00012815561863331818],[-0.00014122666967210357,0.00009833664929386434,0.00008543843819628255]]
[[0.0002828778468071798,-0.00009496616353547097,0.00004212162033021356],[-0.0001435953252187863,-2.1485342463309965e-6,-0.00012655049375800056],[-0.00013928252158839342,0.00009711469778180196,0.000084428873427787]]
[[0.00027914520176921615,-0.00009376658013231453,0.00004153844548048357],[-0.00014176693305740397,-2.148768284863287e-6,-0.00012497532753988786],[-0.0001373782687118122,0.00009591534841717782,0.00008343688205940428]]
[[0.00027548607448224776,-0.0000925895653666635,0.000040967314645117736],[-0.0001399732474106463,-2.1484830704345224e-6,-0.00012342937941584286],[-0.00013551282707160143,0.00009473804843709801,0.00008246206477072513]]
[[0.0002718985447258709,-0.00009143455747382282,0.00004040789825458068],[-0.0001382133954837809,-2.1477043511565817e-6,-0.0001219119315510138],[-0.00013368514924208994,0.00009358226182497941,0.00008150403329643311]]
[[0.0002683807546153404,-0.00009030101202451798,0.000039859877936705796],[-0.0001364865317400275,-2.1464566830781238e-6,-0.0001204222880074723],[-0.00013189422287531293,0.00009244746870759611,0.0000805624100707665]]
[[0.0002649309061875603,-0.00008918840128849774,0.00003932294606333777],[-0.0001347918368857127,-2.144763488694577e-6,-0.00011895977394808781],[-0.00013013906930184758,0.00009133316477719231,0.00007963682788475003]]
[[0.0002615472590954829,-0.00008809621362514663,0.00003879680531823805],[-0.00013312851689921575,-2.142647112337215e-6,-0.00011752373487394297],[-0.00012841874219626716,0.00009023886073748385,0.00007872692955570492]]
[[0.0002582281284053906,-0.00008702395289980948,0.00003828116828512152],[-0.00013149580210156033,-2.1401288726228146e-6,-0.0001161135358936863],[-0.00012673232630383026,0.0000891640817724323,0.00007783236760856477]]
[[0.0002549718824918399,-0.00008597113792459906,0.00003777575705476024],[-0.00012989294626662422,-2.137229112133811e-6,-0.00011472856102330337],[-0.00012507893622521572,0.00008810836703673287,0.00007695280396854314]]
[[0.0002517769410253551,-0.00008493730192252545,0.00003728030285015283],[-0.00012831922576904902,-2.133967244488302e-6,-0.0001133682125148691],[-0.00012345771525630605,0.00008707126916701374,0.00007608790966471627]]
[[0.00024864177304822235,-0.00008392199201384425,0.000036794545668816745],[-0.00012677393876803678,-2.1303617989493017e-6,-0.00011203191021291948],[-0.00012186783428018559,0.00008605235381279355,0.00007523736454410273]]
[[0.0002455648951340087,-0.00008292476872358153,0.000036318233941315837],[-0.00012525640442531712,-2.1264304627132088e-6,-0.00011071909093715248],[-0.00012030849070869156,0.00008505119918629473,0.00007440085699583665]]
[[0.00024254486962666107,-0.00008194520550924554,0.000035851124205186676],[-0.00012376596215566001,-2.1221901210089945e-6,-0.00010942920789023518],[-0.00011877890747100107,0.00008406739563025454,0.00007357808368504851]]
[[0.0002395803029552808,-0.00008098288830778907,0.000035392980793475586],[-0.00012230197090839611,-2.11765689513137e-6,-0.00010816173008955752],[-0.00011727833204688471,0.00008310054520292044,0.00007276874929608193]]
[[0.00023666984402087558,-0.00008003741510093265,0.00003494357553714343],[-0.00012086380847848828,-2.1128461785237856e-6,-0.00010691614182183398],[-0.00011580603554238729,0.00008215026127945644,0.00007197256628469056]]
[[0.00023381218265159601,-0.00007910839549800621,0.00003450268748063689],[-0.00011945087084577362,-2.1077726710199748e-6,-0.00010569194211950901],[-0.00011436131180582241,0.00008121616816902619,0.00007118925463887212]]
[[0.00023100604812315408,-0.00007819545033550851,0.00003407010260996521],[-0.00011806257154106684,-2.1024504113462006e-6,-0.00010448864425797685],[-0.00011294347658208722,0.00008029790074685472,0.00007041854164801164]]
[[0.00022825020774129811,-0.00007729821129262621,0.000033645613592658224],[-0.00011669834103788679,-2.0968928079802213e-6,-0.00010330577527267638],[-0.00011155186670341133,0.00007939510410060643,0.00006966016168001816]]
[[0.000225543465483385,-0.00007641632052199045,0.00003322901952901602],[-0.00011535762616862692,-2.0911126684572546e-6,-0.00010214287549516794],[-0.00011018583931475809,0.0000785074331904477,0.00006891385596615192]]
[[0.00022288466069625228,-0.00007554943029498808,0.000032820125714093934],[-0.00011403988956405668,-2.0851222272078085e-6,-0.00010099949810734578],[-0.0001088447711321956,0.00007763455252219589,0.00006817937239325184]]
[[0.00022027266684773527,-0.00007469720266097591,0.00003241874340989653],[-0.00011274460911509245,-2.078933172007211e-6,-0.00009987520871297965],[-0.00010752805773264282,0.00007677613583298312,0.00006745646530308312]]
[[0.0002177063903293201,-0.00007385930911978073,0.000032024689627283424],[-0.0001114712774558345,-2.07255666911203e-6,-0.00009876958492582193],[-0.00010623511287348558,0.00007593186578889276,0.00006674489529853852]]
[[0.00021518476930755087,-0.00007303543030689864,0.00003163778691711687],[-0.00011021940146691431,-2.066003387154065e-6,-0.0000976822159735511],[-0.00010496536784063655,0.0000751014336940527,0.00006604442905643423]]
[[0.00021270677262193478,-0.00007222525569083422,0.000031257863170206415],[-0.00010898850179824667,-2.0592835198585568e-6,-0.00009661270231686165],[-0.00010371827082368813,0.00007428453921069277,0.00006535483914665524]]
[[0.00021027139872720527,-0.00007142848328204955,0.0000308847514256295],[-0.00010777811241032418,-2.052406807649294e-6,-0.00009556065528304103],[-0.00010249328631688108,0.00007348089008969884,0.00006467590385741154]]
[[0.00020787767467791534,-0.00007064481935301809,0.00003051828968703038],[-0.00010658778013323671,-2.045382558199773e-6,-0.00009452569671340872],[-0.00010128989454467863,0.00007269020191121786,0.00006400740702637834]]
[[0.00020552465515343336,-0.00006987397816890255,0.000030158320746519417],[-0.00010541706424263663,-2.03821966598607e-6,-0.00009350745862402085],[-0.00010010759091079673,0.00007191219783488863,0.00006334913787750144]]
[[0.0002032114215215147,-0.00006911568172839966,0.000029804692015816146],[-0.00010426553605191051,-2.0309266308940023e-6,-0.00009250558287907413],[-0.00009894588546960421,0.00007114660835929366,0.00006270089086325798]]
[[0.0002009370809387155,-0.00006836965951431699,0.000029457255364297653],[-0.00010313277851985362,-2.023511575930018e-6,-0.00009151972087646855],[-0.00009780430241886187,0.000070393171090247,0.0000620624655121709]]
[[0.00019870076548599892,-0.00006763564825346692,0.000029115866963631065],[-0.0001020183858731767,-2.0159822640825974e-6,-0.00009054953324501457],[-0.00009668237961282222,0.00006965163051754952,0.0000614336662813835]]
[[0.00019650163133796912,-0.00006691339168548286,0.0000287803871386866],[-0.00010092196324320887,-2.0083461143782113e-6,-0.00008959468955279519],[-0.00009557966809476026,0.00006892173779986107,0.00006081430241410859]]
[[0.00019433885796424672,-0.00006620264034018198,0.000028450680224442403],[-0.00009984312631618921,-2.0006102171734707e-6,-0.00008865486802621544],[-0.0000944957316480575,0.00006820325055735545,0.00006020418780177304]]
[[0.00019221164736157,-0.00006550315132311571,0.000028126614428607844],[-0.00009878150099656987,-1.992781348722678e-6,-0.00008772975527929498],[-0.00009343014636500012,0.00006749593267183839,0.000059603140850687144]]
[[0.00019011922331528043,-0.00006481468810896685,0.00002780806169970551],[-0.00009773672308278016,-1.984865985057966e-6,-0.00008681904605277876],[-0.00009238250023250026,0.00006679955409402482,0.000059010984353073254]]
[[0.00018806083068891125,-0.00006413702034246693,0.000027494897600365503],[-0.00009670843795492784,-1.9768703152169638e-6,-0.00008592244296266136],[-0.00009135239273398343,0.0000661138906576839,0.00005842754536229586]]
