[[0.3181643562218832,0.07589734911507415,-0.15262813994070767],[-0.16871357353571062,0.4701678257609298,-0.05298539520774452],[-0.1494507826861726,-0.5460651748760039,0.20561353514845218]]
[[0.3097322450583676,0.06491693694363182,-0.13774482931703425],[-0.14402590470909113,0.46935665480568856,-0.0036085899410168154],[-0.1657063403492765,-0.5342735917493203,0.14135341925805106]]
[[0.3036500534834379,0.05574605646750351,-0.12401105049524004],[-0.12255244056038624,0.46315466407604644,0.04146121260092051],[-0.18109761292305165,-0.51890072054355,0.08254983789431952]]
[[0.29957431337966073,0.04760593904237778,-0.11115570514363349],[-0.10396302642993491,0.45330403535775193,0.08297408822218459],[-0.19561128694972582,-0.5009099744001297,0.028181616921448892]]
[[0.29715096324972373,0.0399513520959716,-0.09898048200886683],[-0.08789459312283032,0.4409309873414653,0.12168925196755695],[-0.2092563701268934,-0.48088233943743686,-0.022708769958690117]]
[[0.29605583665640267,0.032405050054094005,-0.08734888294683574],[-0.07400734540984175,0.42671138495138733,0.1583218201164181],[-0.2220484912465609,-0.4591164350054813,-0.07097293716958239]]
[[0.2960130132646858,0.02471064069400461,-0.0761748771100986],[-0.062009037436156926,0.4109907470821529,0.19352097104397234],[-0.2340039758285289,-0.43570138777615747,-0.11734609393387374]]
[[0.29680330112291653,0.01669963001677883,-0.0654118438511572],[-0.051663629673772096,0.3938647986703321,0.22786392746287257],[-0.24513967144914445,-0.4105644286871109,-0.16245208361171537]]
[[0.2982690298539916,0.008268249258155072,-0.055041620252110256],[-0.04279338132491302,0.37522865533810146,0.26185571723939866],[-0.2554756485290786,-0.3834969045962565,-0.2068140969872884]]
[[0.30031803895981535,-0.0006394509704344617,-0.045063146289423636],[-0.03527935338713441,0.3548015524677432,0.295927937554206],[-0.2650386855726809,-0.35416210149730876,-0.25086479126478234]]
[[0.3029280558128154,-0.010044751524809839,-0.035480052970689124],[-0.029063165570564375,0.33213219089656376,0.3304310806573264],[-0.273864890242251,-0.32208743937175394,-0.2949510276866373]]
[[0.306151824013435,-0.0199453211273736,-0.026286363294326057],[-0.02415183243572723,0.30658828955807965,0.3656147177972385],[-0.2819999915777078,-0.286642968430706,-0.33932835450291243]]
[[0.31012289142447247,-0.030325187211153883,-0.017449131064971275],[-0.020627066476236064,0.27733335977405676,0.40158812874793715],[-0.2894958249482364,-0.2470081725629029,-0.3841389976829659]]
[[0.3150615284349595,-0.04116416659129977,-0.008886209768204041],[-0.01866017712964589,0.24329466881193043,0.4382508012233911],[-0.2964013513053136,-0.20213050222063067,-0.4293645914551871]]
[[0.3212793930710257,-0.05244701116913519,-0.0004363299668940779],[-0.018533148985423922,0.20312994135432738,0.47517767629243335],[-0.3027462440856018,-0.1506829301851922,-0.47474134632553927]]
[[0.3291796249957346,-0.06417240970597178,0.008182722755232269],[-0.020664844215725064,0.15520851225801696,0.5114388325932331],[-0.30851478078000955,-0.09103610255204517,-0.5196215553484653]]
[[0.33924490980685185,-0.07636208736692253,0.017433435720825508],[-0.02563697399298162,0.09763842151828472,0.5453303613193521],[-0.31360793581387025,-0.021276334151362195,-0.5627637970401775]]
[[0.3519979451279403,-0.08907066954710902,0.028041033700166945],[-0.03420463953497016,0.028397726768349684,0.5740005659079178],[-0.31779330559297014,0.06067294277875933,-0.6020415996080848]]
[[0.36790464294478725,-0.10239795195483684,0.041099420303947545],[-0.04725654326553422,-0.05433402215775781,0.5929919051616405],[-0.320648099679253,0.15673197411259465,-0.634091325465588]]
[[0.38717075188805183,-0.11650706824050147,0.05818117870004556],[-0.06565730511996998,-0.1515150277426156,0.5958184486914472],[-0.32151344676808186,0.26802209598311705,-0.6539996273914928]]
[[0.40936947782814304,-0.1316547953834359,0.08138190502086233],[-0.08986841196997006,-0.2621482972675552,0.5739013478244458],[-0.319501065858173,0.3938030926509911,-0.6552832528453081]]
[[0.4328750554912075,-0.1482421821184325,0.11313579877057342],[-0.1192570502099817,-0.381856904682675,0.517472799929711],[-0.31361800528122585,0.5300990868011075,-0.6306085987002844]]
[[0.4542559415367689,-0.16688888020596473,0.1555458571922994],[-0.15118949478005106,-0.5017322897752398,0.4181857230558335],[-0.30306644675671784,0.6686211699812045,-0.5737315802481329]]
[[0.46815738603194357,-0.18851452141054842,0.2090793010384968],[-0.18048697429418675,-0.6087066696065092,0.2734999899034486],[-0.2876704117377568,0.7972211910170577,-0.4825792909419454]]
[[0.4684823823848886,-0.21438449835373408,0.2711080961156638],[-0.20031298291269728,-0.6886296381772371,0.09093180861459557],[-0.2681693994721913,0.9030141365309712,-0.3620399047302593]]
[[0.45101402202723273,-0.24610145035338343,0.3357216568774319],[-0.20502217122999938,-0.7313836234194028,-0.11174681894913757],[-0.2459918507972333,0.9774850737727863,-0.2239748379282943]]
[[0.41577653827962496,-0.28563898171546176,0.3960363954302083],[-0.1934092764657807,-0.7347437722415691,-0.3126807377787269],[-0.22236726181384425,1.020382753957031,-0.08335565765148138]]
[[0.36658268063602373,-0.33558570742014115,0.4479252852106522],[-0.16948427865682372,-0.703810312431339,-0.49500406018851195],[-0.1970984019792,1.03939601985148,0.04707877497785973]]
[[0.30738906192226956,-0.3995925806627539,0.492295634532954],[-0.14005040096521637,-0.6465771877340402,-0.652100590427818],[-0.16733866095705321,1.046169768396794,0.15980495589486396]]
[[0.2375598810842841,-0.48265831592807995,0.5345614315816773],[-0.11143235377185429,-0.5690251504496018,-0.786331295001415],[-0.1261275273124298,1.0516834663776817,0.2517698634197377]]
[[0.14745593550437452,-0.590351646921222,0.5823720411656719],[-0.08758543275573784,-0.47214932547478833,-0.9038415845731811],[-0.05987050274863668,1.0625009723960104,0.32146954340750916]]
[[0.013907356211162583,-0.7246493410677873,0.6423335196602389],[-0.06958626438336564,-0.3512598957811336,-1.008567074247676],[0.05567890817220306,1.075909236848921,0.36623355458743717]]
[[-0.20238366181453057,-0.8710878516193886,0.7135910360315803],[-0.05522159847730318,-0.1979061435199928,-1.0962694311415193],[0.2576052602918337,1.0689939951393814,0.38267839510993906]]
[[-0.5414697267373402,-0.9729711248041941,0.7746098355998332],[-0.037834469862727024,-0.0068595398310699884,-1.1496401901576963],[0.5793041966000673,0.9798306646352641,0.37503035455786315]]
[[-0.9781446450262752,-0.9212448556089486,0.7729918038590797],[-0.0059400368677680615,0.21015572588049963,-1.141572476162176],[0.9840846818940432,0.711089129728449,0.3685806723030963]]
[[-1.3503795805235774,-0.6489650108054128,0.6624668380589864],[0.051849607274501705,0.4163735966232962,-1.056671819911603],[1.2985299732490758,0.23259141418211654,0.3942049818526165]]
[[-1.4850739098613754,-0.269074256148438,0.4766314883456577],[0.13787091522614817,0.5715521026753787,-0.913503293251631],[1.3472029946352273,-0.3024778465269407,0.43687180490597327]]
[[-1.4082768142211441,0.03490460170440046,0.297191884828224],[0.2455650046566727,0.6639630972085478,-0.7484518936111975],[1.1627118095644715,-0.6988676989129483,0.45126000878297345]]
[[-1.2635153176826524,0.20079667438932736,0.15813325707264053],[0.3678054295391022,0.7070121470456561,-0.5817982642514663],[0.8957098881435501,-0.9078088214349835,0.42366500717882577]]
[[-1.143964276457917,0.26725489990642476,0.04002858396144279],[0.497377134907211,0.7158899887117183,-0.4094559284241688],[0.6465871415507061,-0.9831448886181431,0.36942734446272596]]
[[-1.0641559648001326,0.2906704441996535,-0.08970248545778964],[0.6180813326766705,0.6955922546738441,-0.21578767051125422],[0.446074632123462,-0.9862626988734976,0.30549015596904383]]
[[-0.9903724869608568,0.31276744124653844,-0.24686270791390016],[0.6977320291538422,0.6434259898466835,0.0055380306139602015],[0.29264045780701464,-0.956193431093222,0.24132467729993995]]
[[-0.8764871027297607,0.35221483797535424,-0.4121186873703214],[0.6999747872457271,0.5611344054115021,0.23144487547409068],[0.17651231548403357,-0.9133492433868563,0.18067381189623075]]
[[-0.7052905702996483,0.40227007657027,-0.5392523557305676],[0.6171795041939453,0.46529575498953823,0.41485640493953],[0.08811106610570293,-0.8675658315598083,0.12439595079103757]]
[[-0.5045453382773063,0.44343166437864917,-0.5953708852962485],[0.48471544611295847,0.3799277555231197,0.5233225874873472],[0.019829892164347843,-0.8233594199017689,0.07204829780890136]]
[[-0.3166608864211756,0.4634824544714951,-0.585978583288932],[0.35071167210345927,0.3191296736905155,0.563471312488884],[-0.03405078568228366,-0.7826121281620106,0.022507270800048024]]
[[-0.1655942591197817,0.46327438330732545,-0.5385603574400113],[0.24332024377741457,0.2825329170943153,0.564347729570183],[-0.07772598465763285,-0.7458073004016408,-0.025787372130171654]]
[[-0.05367916192474634,0.4497476770537772,-0.47819902481144916],[0.16787641946379112,0.26282495973383263,0.5528996371460846],[-0.11419725753904476,-0.7125726367876098,-0.07470061233463537]]
[[0.02686147088998932,0.4294863492206546,-0.4192232496546202],[0.11868213264109113,0.2523989403446714,0.545573891535843],[-0.14554360353108045,-0.681885289565326,-0.12635064188122272]]
[[0.08522623709857792,0.4067152548742401,-0.3674837539143469],[0.08788541875419481,0.24534088687091105,0.5506160574799774],[-0.17311165585277272,-0.6520561417451511,-0.1831323035656306]]
[[0.1287937657328972,0.38360026632254507,-0.32432889376312085],[0.06880931703418999,0.23690273255387312,0.5721017872680059],[-0.1976030827670872,-0.6205029988764181,-0.24777289350488507]]
[[0.16270276327405495,0.36099350880090814,-0.28923262062733207],[0.05633460929153351,0.2222715998613527,0.6125643475784929],[-0.21903737256558847,-0.5832651086622609,-0.3233317269511608]]
[[0.1902804344034676,0.33900612835258426,-0.2610917517779745],[0.046276421472867396,0.1951662948320645,0.6740511989866504],[-0.236556855876335,-0.5341724231846487,-0.41295944720867594]]
[[0.2135303261467108,0.31735749230408317,-0.23875628263230356],[0.034498970855942175,0.14624546965726298,0.7577669582772826],[-0.24802929700265297,-0.4636029619613462,-0.519010675644979]]
[[0.2334770430479742,0.2955866980580708,-0.2211900995821227],[0.01596525118555208,0.06143731251097541,0.8618570252635843],[-0.2494422942335263,-0.3570240105690462,-0.6406669256814617]]
[[0.2503730239332911,0.27321744422040883,-0.20746219569130275],[-0.016048079045040582,-0.078694509242037,0.9761246572478242],[-0.2343249448882505,-0.1945229349783718,-0.7686624615565214]]
[[0.2638498448430397,0.24994789764963987,-0.1966579719310454],[-0.06964889209087222,-0.2948002559285924,1.072760687156254],[-0.19420095275216748,0.04485235827895254,-0.8761027152252087]]
[[0.2731526946237246,0.2258950434259394,-0.18776880135538976],[-0.15066368100874394,-0.592462091530972,1.09736551816602],[-0.12248901361498067,0.36656704810503254,-0.9095967168106303]]
[[0.2776130395741931,0.20181404035122036,-0.1796509852611863],[-0.25358425720286715,-0.9313225503302076,0.9790179452155794],[-0.02402878237132594,0.7295085099789873,-0.799366959954393]]
[[0.2773320434127307,0.1790476471473929,-0.17118221019358584],[-0.3533848575887321,-1.209142628708354,0.6832714643509415],[0.0760528141760014,1.030094981560961,-0.5120892541573556]]
[[0.273602053978644,0.15899276818561786,-0.161617458337442],[-0.4159223064681673,-1.3167339496562132,0.27351128811045516],[0.1423202524895233,1.1577411814705951,-0.11189382977301315]]
[[0.2684954566722288,0.1423737880090012,-0.15084164764744584],[-0.4256767500682103,-1.2321191128409077,-0.11901632390306618],[0.15718129339598155,1.0897453248319064,0.26985797155051205]]
[[0.2639032003525492,0.1289835562208308,-0.13922817502252438],[-0.3953206980123766,-1.0274321278731497,-0.40001968803595],[0.13141749765982738,0.8984485716523191,0.5392478630584744]]
[[0.26092213655593227,0.11802042409387883,-0.12728057159115122],[-0.3478332317895724,-0.7911882804112438,-0.5559692323748696],[0.0869110952336401,0.673167856317365,0.6832498039660208]]
[[0.2598750029758783,0.1085554029164551,-0.1153964087608883],[-0.2998119152136036,-0.5763317866183034,-0.6189888381712509],[0.03993691223772533,0.46777638370184826,0.7343852469321392]]
[[0.2606090826122838,0.09980459372605638,-0.10382191570618722],[-0.25857415618284807,-0.40042646814715793,-0.6265291587921643],[-0.0020349264294357294,0.30062187442110155,0.7303510744983515]]
[[0.2627662742572049,0.09120968291730462,-0.09269425696064222],[-0.2256181661531595,-0.2625562462065365,-0.6056462075294748],[-0.03714810810404541,0.17134656328923187,0.6983404644901171]]
[[0.2659476073310191,0.08242505042569198,-0.08209028793106302],[-0.19995802223824988,-0.15565464974197346,-0.5724240745470869],[-0.06598958509276916,0.07322959931628148,0.65451436247815]]
[[0.26979737134752785,0.0732760600369855,-0.07205606337186166],[-0.17992993983727804,-0.07212883477596574,-0.5354300195596288],[-0.08986743151024981,-0.00114722526101977,0.6074860829314904]]
[[0.2740416688248898,0.06371395576645321,-0.06261810609329918],[-0.16393564042377912,-0.005680575404351806,-0.4988403927176878],[-0.11010602840111071,-0.0580333803621014,0.561458498810987]]
[[0.27850299512448895,0.053774379469396005,-0.05378360798506586],[-0.15067290199866903,0.04843909611456486,-0.4644626329231371],[-0.12783009312581992,-0.10221347558396086,0.5182462409082029]]
[[0.2831016553277492,0.043540868027423706,-0.04553572284881921],[-0.13916084534940226,0.09367303304404317,-0.4328913524257081],[-0.14394080997834693,-0.13721390107146686,0.47842707527452727]]
[[0.28784941574605377,0.03311367048942862,-0.037827750404113236],[-0.1286962822561611,0.13248819541363283,-0.4041316539107827],[-0.15915313348989268,-0.16560186590306147,0.44195940431489594]]
[[0.29283866738015385,0.022584122972556117,-0.030577932158146786],[-0.11879435970211999,0.1666636429806666,-0.3779228507787222],[-0.1740443076780339,-0.1892477659532227,0.408500782936869]]
[[0.2982295998124235,0.01201449729310643,-0.02366506152446167],[-0.10913217311690723,0.19751049679006843,-0.35389989036979463],[-0.18909742669551624,-0.20952499408317488,0.37756495189425626]]
[[0.3042373813878886,0.0014226157567533843,-0.016924111305431228],[-0.09950090034748055,0.2260307066131097,-0.33166815422420687],[-0.204736481040408,-0.22745332236986307,0.3485922655296381]]
[[0.31112069954168875,-0.009230194965345318,-0.010140486427001723],[-0.08976734182169603,0.25302879467564465,-0.31083217008353203],[-0.2213533577199927,-0.24379859971029932,0.32097265651053375]]
[[0.3191721466053907,-0.020049879541978566,-0.0030411759843165867],[-0.07984417002699401,0.2791900792181357,-0.2909995210471504],[-0.23932797657839672,-0.25914019967615715,0.29404069703146696]]
[[0.3287098366516834,-0.031221745013923947,0.004719136264559345],[-0.06966768968676772,0.305136266502791,-0.2717706967467445],[-0.2590421469649157,-0.2739145214888671,0.2670515604821851]]
[[0.3400682220198956,-0.04302691021951355,0.013579140064988903],[-0.05918181782723088,0.3314666581147201,-0.2527196653360111],[-0.28088640419266475,-0.28843974789520654,0.23914052527102217]]
[[0.3535840695969077,-0.05586666529440334,0.024101455534711456],[-0.04832711405785403,0.35879105383862864,-0.23336627930061432],[-0.30525695553905363,-0.3029243885442253,0.20926482376590289]]
[[0.36957040871182545,-0.07029891756884107,0.03701491760064199],[-0.03703398286489176,0.3877587808748269,-0.2131389735079497],[-0.3325364258469337,-0.31745986330598586,0.1761240559073077]]
[[0.3882660791163994,-0.0870915117363142,0.05326984247851917],[-0.025219643965392058,0.41908703809150766,-0.19132373851234608],[-0.3630464351510073,-0.33199552635519347,0.1380538960338269]]
[[0.4097400612845552,-0.10729719185737739,0.07410402946878336],[-0.012789178422587533,0.4535907222003062,-0.166992356722282],[-0.39695088286196767,-0.3462935303429288,0.09288832725349865]]
[[0.4337169506762628,-0.13235259185425136,0.10110777234570528],[0.00035798335187066377,0.4922148076436899,-0.13889854921863165],[-0.43407493402813346,-0.35986221578943856,0.03779077687292637]]
[[0.45927365432321543,-0.1641949113558912,0.1362539858797896],[0.014313184779932916,0.5360686491876634,-0.10532371344857563],[-0.4735868391031483,-0.37187373783177224,-0.030930272431213962]]
[[0.4843463945883889,-0.20536715576607392,0.181813921211303],[0.029129991444181838,0.5864580915009723,-0.06384195687848153],[-0.5134763860325707,-0.3810909357348984,-0.11797196433282146]]
[[0.5050117735444963,-0.2590354225687724,0.24000001222950232],[0.04477329705720459,0.6449029070844509,-0.010952263582923102],[-0.5497850706017009,-0.38586748451567854,-0.22904774864657923]]
[[0.5146392855188423,-0.3287698311050511,0.3120832061485349],[0.0610324929050584,0.7131043437156549,0.05851650492459256],[-0.5756717784239007,-0.38433451261060386,-0.37059971107312745]]
[[0.5033646739523822,-0.4179072087445691,0.39674674951249084],[0.07737667032001129,0.7927582584856343,0.1524046789744484],[-0.5807413442723934,-0.37485104974106526,-0.5491514284869392]]
[[0.4588699154247004,-0.5285538880821192,0.48790724185446155],[0.09270986532329288,0.8848792507095449,0.28294741876793145],[-0.5515797807479933,-0.35632536262742576,-0.7708546606223929]]
[[0.36941588155257943,-0.6612338649990863,0.5735962792000169],[0.10493379273951414,0.9875036332323752,0.4696617791458989],[-0.47434967429209357,-0.32626976823328896,-1.043258058345916]]
[[0.22735959542344109,-0.8178405884413527,0.6392908375692555],[0.11019842360344669,1.0878874227519921,0.742826703399654],[-0.33755801902688776,-0.27004683431063947,-1.3821175409689095]]
[[0.02381327702741899,-1.0105674466810952,0.6789636656173681],[0.10288701190193102,1.136797688637313,1.1375805394399225],[-0.12670028892935,-0.12623024195621763,-1.8165442050572906]]
[[-0.2869404119346497,-1.267615166759347,0.7149424955459531],[0.0902754900188191,0.9797793212352734,1.613829139937989],[0.19666492191583063,0.2878358455240735,-2.328771635483942]]
[[-0.8647224184306528,-1.5457905584159595,0.8224235878991214],[0.19896717821039556,0.3261537760626019,1.7074242139334121],[0.6657552402202572,1.2196367823533576,-2.5298478018325334]]
[[-1.7446459732917807,-1.3620704750908055,1.0168169059781098],[0.6953772902970137,-0.7132123701654546,0.6558035977643967],[1.049268682994767,2.07528284525626,-1.6726205037425066]]
[[-2.117630702272147,-0.5343974908224424,0.9514449211446208],[0.9918878685331715,-1.3604963336348734,-0.38070816789600115],[1.1257428337389754,1.8948938244573157,-0.5707367532486196]]
[[-1.9134900277113767,0.061285072276833774,0.6073181445438212],[0.77621730633098,-1.4559669617649629,-0.597977879513994],[1.1372727213803968,1.394681889488129,-0.009340265029827238]]
[[-1.6270480357195658,0.34219062444521003,0.2272821527534646],[0.48854757143128913,-1.3258186394538882,-0.5324253396111147],[1.1385004642882768,0.9836280150086782,0.3051431868576501]]
[[-1.3385811864422021,0.509122969994864,-0.09356330571430965],[0.27161590656439066,-1.163428916951386,-0.4380324098760092],[1.0669652798778113,0.654305946956522,0.5315957155903188]]
[[-1.0321743134975454,0.6225202448145042,-0.3115917492366213],[0.11846712875478102,-1.0194375289588296,-0.3628193743183724],[0.9137071847427645,0.39691728414432537,0.6744111235549937]]
[[-0.734772605351766,0.6833216263115252,-0.421805335110892],[0.007975772942804854,-0.899254416664394,-0.3088483379491704],[0.7267968324089611,0.21593279035286883,0.7306536730600623]]
[[-0.48030365162047794,0.6977434405074512,-0.4541740957759033],[-0.07473458067112333,-0.7990554369007563,-0.2709410413599101],[0.5550382322916013,0.1013119963933051,0.7251151371358133]]
[[-0.2803198550843497,0.6816463695072968,-0.44509699011739834],[-0.13916373902284637,-0.7141405370628736,-0.2440038206668265],[0.41948359410719605,0.03249416755557674,0.6891008107842249]]
[[-0.12874923070707867,0.6499565530705642,-0.4200611727113651],[-0.1914405753546376,-0.640388193692395,-0.2240876798127259],[0.32018980606171626,-0.009568359378169217,0.644148852524091]]
[[-0.013788526398630138,0.6122610557195115,-0.39264146235409725],[-0.2355499543888384,-0.5743690499052172,-0.20822085057668943],[0.24933848078746854,-0.03789200581429429,0.6008623129307866]]
[[0.07561904055791781,0.5734132506745564,-0.3688456254991102],[-0.2740521020333365,-0.5132687407714461,-0.194073761621747],[0.19843306147541873,-0.06014450990311028,0.5629193871208572]]
[[0.14793408749298942,0.5352566910570264,-0.3508393209491742],[-0.3085336199412111,-0.4548199294723205,-0.17969357075082454],[0.16059953244822167,-0.08043676158470588,0.5305328916999987]]
[[0.20910197528795763,0.49796587400287984,-0.3390812128685673],[-0.33991290309447164,-0.3972706214396154,-0.16335366689421946],[0.13081092780651402,-0.10069525256326445,0.5024348797627868]]
[[0.2631117044344923,0.4608476204706969,-0.3333556472008252],[-0.3686689757714646,-0.3393766084396641,-0.1435203184119505],[0.10555727133697232,-0.12147101203103276,0.4768759656127758]]
[[0.3125292411277719,0.4227759803427482,-0.3332199751162392],[-0.3950327049779746,-0.28038317060246365,-0.11892541804470275],[0.08250346385020269,-0.14239280974028456,0.45214539316094193]]
[[0.3589004580557043,0.38242139661439456,-0.3381767907046461],[-0.4191520641053354,-0.21994596386182086,-0.08871476100151526],[0.060251606049631104,-0.1624754327525737,0.42689155170616133]]
[[0.4030405235718656,0.33836564548872045,-0.3477295450750487],[-0.44121596318297407,-0.1579459805006284,-0.05261109724611826],[0.038175439611108475,-0.18041966498809206,0.40034064232116695]]
[[0.44524282202467286,0.28913828746209813,-0.3613961992742387],[-0.46150294201356784,-0.0941890160945028,-0.011008787344048199],[0.01626011998889497,-0.19494927136759538,0.3724049866182869]]
[[0.4854211338889958,0.23317768678682982,-0.3787097415484683],[-0.48032294307450996,-0.028035543960947706,0.03506815351576295],[-0.005098190814485891,-0.2051421428258821,0.3436415880327054]]
[[0.523170049191039,0.16870897954874972,-0.39920487530937],[-0.4978409139951155,0.041953860982078775,0.08414747530235617],[-0.025329135195923596,-0.2106628405308285,0.3150574000070139]]
[[0.5577010283422617,0.09353934692620439,-0.4223666918611466],[-0.5137877584318491,0.1182831562665639,0.13454349086385156],[-0.04391326991041254,-0.2118225031927683,0.287823200997295]]
[[0.5875858738912231,0.004794146639408678,-0.4474941086405497],[-0.5270477134657281,0.20467176724705288,0.18449705245929665],[-0.060538160425495,-0.20946591388646155,0.26299705618125313]]
[[0.6102070770942885,-0.10133756606105543,-0.4734006514024079],[-0.5350503027822417,0.3060959935254932,0.23206106787001674],[-0.07515677431204672,-0.2047584274644378,0.24133958353239116]]
[[0.6207680754407086,-0.22967575244733218,-0.4978270125312887],[-0.5328084200574617,0.4286441266532831,0.2745824635857747],[-0.08795965538324688,-0.19896837420595087,0.22324454894551396]]
[[0.6106860198576638,-0.3855091675192699,-0.5163741097747441],[-0.5113907862558305,0.5788195261011891,0.3076217681980946],[-0.09929523360183334,-0.1933103585819193,0.2087523415766494]]
[[0.5653471126433285,-0.5724257310621418,-0.5207519746080562],[-0.4557775462198023,0.7612877247921592,0.3231644380380915],[-0.10956956642352617,-0.1888619937300175,0.19758753656996478]]
[[0.462116852821933,-0.7864855561064064,-0.49649605423694043],[-0.3429785405152185,0.9730032637174901,0.30733074924377496],[-0.11913831230671451,-0.1865177076110838,0.18916530499316553]]
[[0.272394997178405,-1.0041935446369226,-0.42192769656771634],[-0.14420691708279665,1.191098128638315,0.2393873593603505],[-0.12818808009560836,-0.18690458400139268,0.18254033720736587]]
[[-0.023266054043838136,-1.166491969193023,-0.2741158833741158],[0.15988224351551683,1.356658664542262,0.09777047203741152],[-0.1366161894716787,-0.1901666953492392,0.17634541133670426]]
[[-0.39971445108267567,-1.1798134784938572,-0.05003941762441726],[0.5437019849275863,1.3754172886392981,-0.1188737676031672],[-0.1439875338449106,-0.195603810145441,0.16891318522758447]]
[[-0.7582977454381004,-0.9724224056723063,0.20584079894065693],[0.9080353383285724,1.1738898345627062,-0.36470390027581484],[-0.149737592890472,-0.2014674288903998,0.1588631013351579]]
[[-0.9731661298773217,-0.5824265580771077,0.4124453992213912],[1.1268237248683461,0.787952956179356,-0.5584517695281254],[-0.15365759499102438,-0.20552639810224838,0.14600637030673416]]
[[-0.9962388855619095,-0.14924285290248007,0.5153315260101435],[1.152481105691683,0.35559197187598035,-0.6469368756893794],[-0.1562422201297735,-0.2063491189735003,0.13160534967923587]]
[[-0.8808423266722929,0.20442070561617373,0.5224648339415603],[1.0393147580973052,-0.0003863185866653865,-0.6399371358484252],[-0.1584724314250123,-0.20403438702950835,0.11747230190686483]]
[[-0.7089238401098569,0.4398117673911133,0.47413168508642767],[0.8702484408671414,-0.24008444961824987,-0.5790329857261782],[-0.1613246007572845,-0.19972731777286337,0.1049013006397506]]
[[-0.5352627948979316,0.5753008688548954,0.40545944732935885],[0.7007665597304331,-0.3805458496799461,-0.4998048308539154],[-0.16550376483250157,-0.19475501917494933,0.0943453835245566]]
[[-0.38256605285016093,0.64347877699466,0.3356626314074059],[0.55401657305468,-0.4533254112898866,-0.4213045579054152],[-0.17145052020451912,-0.19015336570477348,0.08564192649800931]]
[[-0.2551409944828631,0.671119020740336,0.2722843850768084],[0.43458267345496515,-0.4845223391094034,-0.35059440749512955],[-0.17944167897210206,-0.18659668163093263,0.07831002241832113]]
[[-0.1499925137901544,0.675718013426373,0.2169719993015835],[0.33966374058053006,-0.49122762049656643,-0.2887000387522159],[-0.18967122679037568,-0.18449039292980662,0.0717280394506324]]
[[-0.062337639759163524,0.6675239050241297,0.1690250691746672],[0.26462250699555223,-0.4834472058438848,-0.2342232058681101],[-0.20228486723638872,-0.18407669918024494,0.06519813669344289]]
[[0.012278564449530169,0.6520962989494229,0.1270823412116389],[0.20509381824546985,-0.4665912561744625,-0.18503083014515503],[-0.217372382695,-0.1855050427749604,0.05794848893351613]]
[[0.07737171355884974,0.6321755914001308,0.08982003911700674],[0.1575529086968697,-0.4433130462456498,-0.13893476861286008],[-0.23492462225571942,-0.18886254515448103,0.04911472949585334]]
[[0.13545553333165355,0.6088700193622404,0.05621281802777337],[0.1193049692136143,-0.41470011427277637,-0.09394409574184227],[-0.2547605025452679,-0.19416990508946402,0.0377312777140689]]
[[0.18814198911740637,0.5823988506313211,0.02562044575196892],[0.08829206699671109,-0.3810495591660336,-0.04838032729105636],[-0.2764340561141174,-0.20134929146528757,0.022759881539087437]]
[[0.23628174140930483,0.5525916541763193,-0.0021961114172675536],[0.06286388481795441,-0.3424180239015792,-0.0009845720053725693],[-0.29914562622725926,-0.21017363027474006,0.003180683422640123]]
[[0.2801307918599244,0.5192610243915001,-0.027102674962117837],[0.04157141277225376,-0.2990460104589372,0.04894390616951781],[-0.3217022046321782,-0.220215013932563,-0.02184123120739997]]
[[0.31956234160612174,0.48248852280266463,-0.04866878556033602],[0.023024195276045406,-0.2516673585235113,0.10140337846778208],[-0.3425865368821671,-0.23082116427915328,-0.052734592907446066]]
[[0.3543314194261834,0.44280327723230645,-0.06629857142067207],[0.0058474516194636506,-0.20165049189059092,0.15561812922741397],[-0.36017887104564705,-0.24115278534171553,-0.0893195578067419]]
[[0.3843609781342213,0.401206954383122,-0.07939709585847496],[-0.01124992719647877,-0.15090961304228376,0.2101358925700163],[-0.37311105093774255,-0.25029734134083825,-0.13073879671154134]]
[[0.40998001224535807,0.3590241910746878,-0.08752339013710042],[-0.029338992402135056,-0.10159072301198144,0.2631395972579843],[-0.380641019843223,-0.2574334680627064,-0.17561620712088385]]
[[0.4320423655603413,0.3176223113628521,-0.09047052880016201],[-0.049156458370061606,-0.055644643654337744,0.31290729105243953],[-0.3828859071902797,-0.2619776677085144,-0.22243676225227751]]
[[0.45190191438297306,0.2780994947697858,-0.08823743285717423],[-0.07109758917764161,-0.01446198664320214,0.3582571055496996],[-0.3808043252053315,-0.26363750812658365,-0.27001967269252536]]
[[0.471285262292103,0.24103802882460815,-0.08090200944874665],[-0.09533792719067441,0.021296192343080278,0.398816082076331],[-0.3759473351014286,-0.26233422116768845,-0.31791407262758437]]
[[0.49213877149541,0.20635835728631502,-0.06843727262488558],[-0.12203753349621141,0.05165106786258604,0.4350541206723265],[-0.3701012379991986,-0.2580094251489011,-0.366616848047441]]
[[0.5165120319787802,0.17323404881159665,-0.05051196987175008],[-0.15156268436752904,0.07711699083854318,0.4681423447441222],[-0.3649493476112511,-0.25035103965013983,-0.4176303748723721]]
[[0.5464910218356256,0.13997675984197133,-0.02629503968638615],[-0.18469343864642093,0.09847072050929831,0.49974925509746726],[-0.36179758318920463,-0.23844748035126967,-0.4734542154110811]]
[[0.5841331518907134,0.10377737964945402,0.005735135815323644],[-0.2228383774313204,0.11654589272915938,0.5318686674662975],[-0.361294774459393,-0.22032327237861343,-0.5376038032816212]]
[[0.6312794607804659,0.060177759917899996,0.047962258387983125],[-0.26832657937714277,0.13206912197230983,0.5667179417873995],[-0.36295288140332316,-0.19224688189020983,-0.6146802001753827]]
[[0.6889907352250315,0.0021516073967216345,0.10368458206269593],[-0.3248971876969259,0.14551140727264816,0.6066816626938842],[-0.36409354752810563,-0.14766301466936982,-0.7103662447565802]]
[[0.7561341786073068,-0.08120868813957537,0.1767092156104401],[-0.3985871268761106,0.15689286407270703,0.6541883492216206],[-0.3575470517311963,-0.07568417593313166,-0.8308975648320607]]
[[0.8264349549731751,-0.20583666606637618,0.2696458618350598],[-0.49936617828570423,0.16543182081952953,0.7112016198178588],[-0.3270687766874708,0.04040484524684664,-0.9808474816529186]]
[[0.8838684331741244,-0.39143171479116534,0.3795173027365414],[-0.6440941830673125,0.16884243132410814,0.7773949981284966],[-0.23977425010681205,0.22258928346705723,-1.156912300865038]]
[[0.8998627591547553,-0.6530530889518066,0.49084340947345334],[-0.8613833266446143,0.1619285179000964,0.8441780886474897],[-0.03847943251014102,0.49112457105171015,-1.335021498120943]]
[[0.8427042519351609,-0.9845134492636634,0.575671540479038],[-1.1964638117937243,0.13395238451814506,0.875892500056516],[0.3537595598585634,0.8505610647455182,-1.4515640405355539]]
[[0.6985088202354593,-1.3554429868884057,0.6239003675482029],[-1.6956343562351808,0.06493105286746764,0.7543337160365021],[0.9971255359997214,1.2905119340209381,-1.378234083584705]]
[[0.4340160920334108,-1.7374753901517872,0.6946596182953135],[-2.259362440503319,-0.07299279466621456,0.16520110834183155],[1.8253463484699082,1.8104681848180018,-0.8598607266371451]]
[[-0.12912756731706385,-1.9874943101371425,0.8133074115945266],[-2.189920683978423,-0.2890245315760587,-1.222308258342007],[2.3190482512954866,2.276518841713201,0.4090008467474805]]
[[-0.8678458080202069,-1.7270012681668436,0.6573174103954125],[-0.8623643859934945,-0.46072085705984656,-2.4439555327187263],[1.7302101940137014,2.1877221252266903,1.7866381223233136]]
[[-1.196742864875365,-1.2218959090133623,0.2334174299256913],[0.41842993756916125,-0.3489139417821533,-2.4097073548775123],[0.7783129273062038,1.5708098507955155,2.176289924951821]]
[[-1.2573006209809925,-0.8304244900411825,-0.11120029808631102],[0.994162601951194,-0.09992731777437686,-1.831010767703044],[0.2631380190297986,0.9303518078155593,1.9422110657893552]]
[[-1.2463590888609035,-0.506912028780684,-0.32410586549938547],[1.1517107533987214,0.0997128612272028,-1.2556999413678738],[0.09464833546218199,0.4071991675534812,1.5798058068672591]]
[[-1.1825889765366209,-0.21112112962392166,-0.42903594318687366],[1.1207475212626754,0.21404616348334413,-0.7997992771454207],[0.06184145527394547,-0.002925033859422471,1.2288352203322943]]
[[-1.0658487623597168,0.03747919745819905,-0.4506769338794012],[1.0103491432126008,0.25860655018314826,-0.4659072094697717],[0.0554996191471161,-0.2960857476413473,0.9165841433491729]]
[[-0.9191230996425303,0.21658171751390176,-0.42045675673011235],[0.8761919086917289,0.25824365290856904,-0.23513227092988181],[0.042931190950801335,-0.47482537042247086,0.6555890276599942]]
[[-0.7708656260798508,0.32730985188281225,-0.368103071310068],[0.7469211927536442,0.23471402160790525,-0.08294666051723076],[0.02394443332620655,-0.5620238734907175,0.45104973182729874]]
[[-0.6387866144407013,0.38634641596828084,-0.3128221789803062],[0.6344358269306729,0.20253659305912178,0.014230377242478939],[0.0043507875100283755,-0.5888830090274026,0.29859180173782723]]
[[-0.5287629995717446,0.41225885739431195,-0.2634133398200689],[0.5412102468096008,0.16954784541110943,0.0751307569342142],[-0.01244724723785634,-0.5818067028054215,0.18828258288585473]]
[[-0.43988987221556725,0.4191801185693792,-0.2223598716286168],[0.4655241304255026,0.13919868855877607,0.11291647467883426],[-0.025634258209935368,-0.5583788071281552,0.10944339694978256]]
[[-0.36874916315327433,0.4162025908956383,-0.18930490518514437],[0.4043850119146968,0.11259135338411654,0.1362108006030694],[-0.03563584876142245,-0.5287939442797549,0.053094104582075]]
[[-0.31159713524153476,0.4086877517516353,-0.16296013424300743],[0.35482016121749904,0.08974717646574938,0.15047148013042672],[-0.04322302597596428,-0.49843492821738467,0.01248865411258071]]
[[-0.2651770090764528,0.3996420774458057,-0.1419319973061284],[0.3143106379132283,0.07026814343414917,0.15910898003472498],[-0.04913362883677547,-0.4699102208799549,-0.01717698272859658]]
[[-0.22689118202925213,0.39069306852924046,-0.12500624285245987],[0.28085666860027303,0.05364468038482474,0.164254284362734],[-0.05396548657102093,-0.4443377489140652,-0.03924804151027414]]
[[-0.19473796881515615,0.3826927339817219,-0.11120556338729433],[0.25291406823976603,0.03938403782254235,0.1672482175927756],[-0.058176099424609856,-0.42207677180426423,-0.05604265420548128]]
[[-0.16718846791466374,0.37606908645146353,-0.09976669998978416],[0.22930184284041405,0.027055132812984585,0.16894355696047703],[-0.062113374925750295,-0.40312421926444814,-0.06917685697069287]]
[[-0.14306722393997368,0.37102556970469525,-0.09009676837324321],[0.20911670866488397,0.016297275055263023,0.16988971701107725],[-0.0660494847249103,-0.38732284475995826,-0.07979294863783404]]
[[-0.12145403798067606,0.367653156300384,-0.08173021005023409],[0.19166394984931573,0.006814821945450827,0.17044585257147438],[-0.0702099118686397,-0.3744679782458348,-0.08871564252124027]]
[[-0.10160748440107703,0.36599342667687396,-0.07429230758187999],[0.17640451988717842,-0.0016325012924249468,0.17085069771857858],[-0.0747970354861014,-0.36436092538444903,-0.09655839013669859]]
[[-0.08290568588755602,0.36607446575175934,-0.06746949351794594],[0.1629155351300713,-0.00923958702656856,0.17126620425873354],[-0.08000984924251525,-0.35683487872519076,-0.1037967107407876]]
[[-0.06479907729133172,0.3679318462605988,-0.0609848240495328],[0.1508610224242053,-0.016164757793433397,0.17180519396452934],[-0.0860619451328736,-0.3517670884671654,-0.11082036991499654]]
[[-0.04677023362330434,0.3716215569303347,-0.05457649215921982],[0.13997025918739334,-0.022537016534407244,0.17254915675523985],[-0.093200025564089,-0.34908454039592746,-0.11797266459602004]]
[[-0.02829619846000693,0.3772286609474343,-0.04797709726257153],[0.13002165202419305,-0.028461771976336668,0.17355990557429896],[-0.10172545356418614,-0.34876688897109764,-0.1255828083117274]]
[[-0.008808657769963112,0.38487362831780697,-0.040891121930121996],[0.12083063681586786,-0.03402521118418464,0.17488735568723787],[-0.11202197904590475,-0.3508484171336223,-0.1339962337571159]]
[[0.012353540885067862,0.3947169652224706,-0.03296742405058194],[0.11224050667314572,-0.03929750062901366,0.17657482597505209],[-0.1245940475582136,-0.3554194645934569,-0.14360740192447013]]
[[0.036007023129099924,0.40696138302702045,-0.023762244158486552],[0.10411539627100203,-0.0443349545433871,0.17866272359871793],[-0.14012241940010195,-0.36262642848363336,-0.15490047944023136]]
[[0.0632130558022217,0.42184856563719175,-0.012685778326427255],[0.09633489954674768,-0.049181244995967065,0.18119112820442268],[-0.15954795534896937,-0.3726673206412247,-0.16850534987799543]]
[[0.09541177453167904,0.43964322041310827,0.001079098894938721],[0.08879000393083425,-0.053867652671829316,0.18420154702419203],[-0.1842017784625133,-0.38577556774127897,-0.18528064591913074]]
[[0.13463306903118102,0.4605874411377764,0.018705523980598632],[0.08138022296955916,-0.058412274239781486,0.18773790109829694],[-0.21601329200074015,-0.40217516689799493,-0.20644342507889557]]
[[0.18383978676831886,0.4847859852607267,0.04193330627435986],[0.07401204428968267,-0.06281801722528356,0.19184655982700666],[-0.2578518310580015,-0.4219679680354432,-0.23377986610136653]]
[[0.2475033281543517,0.5119287700209162,0.07342384381596763],[0.06659914510364628,-0.06706915049319107,0.19657487551918684],[-0.314102473257998,-0.4448596195277252,-0.26999871933515446]]
[[0.33259183954602195,0.5406196066488965,0.11737176704523443],[0.05906536105364951,-0.07112621964046803,0.20196702435463035],[-0.39165720059967146,-0.4694933870084285,-0.31933879139986476]]
[[0.45028100528784704,0.5667169068753423,0.18056784967124767],[0.051352265024009774,-0.07491953089112507,0.20805473737769636],[-0.5016332703118568,-0.49179737598421713,-0.38862258704894403]]
[[0.6188166620790083,0.5790896943266135,0.27418729530074654],[0.04343452868990216,-0.07834287730059931,0.21483814866396356],[-0.6622511907689105,-0.5007468170260142,-0.48902544396471015]]
[[0.8674753911836801,0.5483737970316183,0.41630043776484704],[0.03534760336684108,-0.08125376917112916,0.2222476305597091],[-0.9028229945505212,-0.46712002786048906,-0.6385480683245561]]
[[1.2367980117182258,0.3969462509083207,0.6322406620631125],[0.02723048019938061,-0.0834996173696587,0.23007090727885812],[-1.2640284919176064,-0.313446633538662,-0.8623115693419706]]
[[1.7422065819785486,-0.0721057832933322,0.9329641416683023],[0.01936589483749752,-0.08502321420261612,0.23782902946578405],[-1.7615724768160461,0.1571289974959483,-1.1707931711340864]]
[[2.1607160090303696,-1.2339522484771204,1.1860130990197524],[0.012104314359902179,-0.08615920595669607,0.24464720069277623],[-2.172820323390272,1.3201114544338164,-1.4306602997125286]]
[[1.5940978650650712,-3.0163095376830147,0.8479822198035641],[0.0053065813882602,-0.08812895203648857,0.24950708128135382],[-1.5994044464533315,3.104438489719503,-1.097489301084918]]
[[-0.24669139347700597,-3.503734842052911,-0.26307706269323716],[-0.002728083954143512,-0.09264837304318528,0.2526717083574088],[0.24941947743114948,3.5963832150960964,0.010405354335828385]]
[[-1.394751086213876,-2.2262928337079058,-0.9590861823035942],[-0.014233677230392209,-0.09950647508914044,0.25620299185945705],[1.408984763444268,2.325799308797046,0.7028831904441372]]
[[-1.4727868494190097,-1.012069802188316,-1.0076179905098626],[-0.029548333937119066,-0.10687456990046455,0.26113604124618267],[1.5023351833561287,1.1189443720887806,0.74648194926368]]
[[-1.223053810204638,-0.3409497324353612,-0.8577044975358088],[-0.047993194591782806,-0.11357277299338692,0.26706613017161496],[1.2710470047964209,0.45452250542874806,0.5906383673641938]]
[[-0.9664257770415027,-0.007944109257352304,-0.7044208406597555],[-0.06897954352549913,-0.11921638454025114,0.2733080496602346],[1.0354053205670017,0.12716049379760344,0.43111279099952093]]
[[-0.7639081211220464,0.159067064136724,-0.5850801088937622],[-0.0921809696850779,-0.12379077059132414,0.27930398364722997],[0.8560890908071244,-0.035276293545399864,0.3057761252465322]]
[[-0.6116612675352564,0.24662965052222713,-0.4974674400092292],[-0.11747854282360212,-0.12742268956438776,0.2846323813007948],[0.7291398103588586,-0.11920696095783936,0.21283505870843442]]
[[-0.4966005141156975,0.29551584863630675,-0.4336925093944743],[-0.14490840817143102,-0.13028840713507292,0.28893904136576],[0.6415089222871285,-0.1652274415012338,0.14475346802871433]]
[[-0.40759345422551807,0.3254486054015924,-0.3870394934372159],[-0.17462938930594277,-0.13257780413193582,0.2918637910974804],[0.5822228435314608,-0.19287080126965656,0.09517570233973546]]
[[-0.33657010322333597,0.3464955308940593,-0.35265264120561657],[-0.2068994593472288,-0.1344810244336697,0.29296845704607466],[0.5434695625705648,-0.2120145064603896,0.059684184159541964]]
[[-0.27781889393426396,0.3641649357978203,-0.32709729789990366],[-0.24205027865978765,-0.13618556687445765,0.2916593839672649],[0.5198691725940516,-0.22797936892336262,0.03543791393263876]]
[[-0.22720623149376798,0.381754977439648,-0.3078545267556727],[-0.28044914499690143,-0.13787930070923,0.28709620597984975],[0.5076553764906694,-0.243875676730418,0.020758320775822986]]
[[-0.18159699517065492,0.40148635158700247,-0.2929104970799731],[-0.3224344834932114,-0.1397571015399126,0.27807937807791105],[0.5040314786638663,-0.26172925004708986,0.014831119002062021]]
[[-0.13846398620522554,0.425066838904575,-0.2804171380495988],[-0.36820455944589164,-0.14202809629485197,0.26291256042524414],[0.5066685456511172,-0.283038742609723,0.017504577624354686]]
[[-0.09564555724340795,0.4539578550698107,-0.2683738651850083],[-0.41763049491607857,-0.1449161148898779,0.23924645467233738],[0.5132760521594866,-0.30904174017993274,0.02912741051267087]]
[[-0.05123906121554797,0.4894362486819521,-0.2542911310051058],[-0.4699578135590682,-0.1486345914025195,0.2039364184784858],[0.5211968747746161,-0.3408016572794327,0.05035471252662005]]
[[-0.003661681238431469,0.5324447949771797,-0.2348340310191505],[-0.523366768613076,-0.15329365629304764,0.15300044191202916],[0.5270284498515074,-0.37915113868413197,0.08183358910712134]]
[[0.04804433653276301,0.5831642976198697,-0.20553662854882493],[-0.5744052638083215,-0.15866023165242044,0.08186065365350498],[0.5263609272755585,-0.4245040659674493,0.12367597489531994]]
[[0.10357796733500804,0.6402512031551462,-0.16086763866870232],[-0.6174291685762104,-0.16366677929076487,-0.013819215836288617],[0.5138512012412024,-0.47658442386438127,0.17468685450499094]]
[[0.16047546193258022,0.6998872362607227,-0.09519549246364649],[-0.6444143166375899,-0.1656499002140231,-0.13632573333174267],[0.48393885470500964,-0.5342373360466995,0.23152122579538917]]
[[0.2134472691702885,0.7553278985393286,-0.005258897194119164],[-0.6457757054584057,-0.15967643961215866,-0.28303552843939594],[0.43232843628811723,-0.5956514589271699,0.2882944256335151]]
[[0.25514836616117287,0.798313822223398,0.10610566840828917],[-0.6128211189794361,-0.1389673127535806,-0.44347021877006443],[0.35767275281826333,-0.6593465094698174,0.33736455036177526]]
[[0.27961848967174463,0.8234257824583442,0.22734751823218285],[-0.5416100030841925,-0.09751221044373626,-0.598791444581239],[0.26199151341244786,-0.7259135720146079,0.3714439263490562]]
[[0.28789420747795086,0.8340669277130947,0.34045378533132925],[-0.43623862429571325,-0.03416615589230598,-0.7262961875965082],[0.14834441681776236,-0.7999007718207887,0.3858424022651789]]
[[0.293142211039783,0.8461406137426865,0.42894998552519986],[-0.3086795846402375,0.04505740059685273,-0.807786315655374],[0.015537373600454527,-0.8911980143395392,0.37883633013017404]]
[[0.32454957421078323,0.8870575020242978,0.4872534250716349],[-0.1744970886022912,0.12902061594623104,-0.8361745039073462],[-0.15005248560849202,-1.0160781179705287,0.3489210788357113]]
[[0.437093443722505,0.9919378677153585,0.5277061347748172],[-0.04735801554491685,0.20605827709521732,-0.8158091782883305],[-0.38973542817758816,-1.1979961448105758,0.28810304351351335]]
[[0.7486046639353827,1.1932637016854757,0.5920329950858935],[0.06420912742435764,0.26730885303569796,-0.757927753222391],[-0.8128137913597403,-1.4605725547211736,0.16589475813649757]]
[[1.555613284328758,1.4388969751259721,0.7944569148985858],[0.15707831140274936,0.3071991543301309,-0.675947222412371],[-1.7126915957315072,-1.7460961294561033,-0.11850969248621485]]
[[3.450968371943826,0.9769269066498617,1.4164897774328025],[0.2321899482946543,0.32228047817174066,-0.584101542240103],[-3.68315832023848,-1.2992073848216024,-0.8323882351926994]]
[[4.584278824754459,-2.9063383789408554,2.0905008732855728],[0.2916666650280907,0.3118206096392328,-0.5010103454615338],[-4.875945489782549,2.594517769301623,-1.5894905278240388]]
[[0.44442430034741237,-4.731505163670538,0.7904454949476567],[0.33054619552802084,0.2884658222017066,-0.44500298254436],[-0.7749704958754332,4.443039341468832,-0.34544251240329676]]
[[-1.2311778566408313,-2.5769205261523327,-0.0195452789260719],[0.34960315190093305,0.27066377459104096,-0.406295748667957],[0.8815747047398983,2.3062567515612917,0.42584102759402886]]
[[-1.2203952221499472,-1.3041537252943163,-0.1623117818953691],[0.3611305716589146,0.2621925496505039,-0.37636020102234424],[0.8592646504910327,1.0419611756438123,0.5386719829177133]]
[[-1.003760549133943,-0.7237404416598977,-0.16376771111987218],[0.3726069492756371,0.2625155741116385,-0.3528627214687999],[0.631153599858306,0.4612248675482592,0.516630432588672]]
[[-0.8184624481139533,-0.4372950773337144,-0.14375650889435848],[0.38807035048290445,0.2713129763577538,-0.33437496163416336],[0.4303920976310489,0.1659821009759606,0.4781314705285218]]
[[-0.6798606368484365,-0.28104608480731674,-0.12405619348737908],[0.4104562073669282,0.2891254561225311,-0.31945490694028805],[0.2694044294815082,-0.008079371315214356,0.4435111004276671]]
[[-0.576679921401992,-0.18850068593909014,-0.10793746275415365],[0.44288762816177135,0.3176411328471685,-0.3063810714848625],[0.13379229324022068,-0.12914044690807835,0.41431853423901616]]
[[-0.4982622794343006,-0.13010190275105787,-0.0951949780873446],[0.4897038552469401,0.3602211883814175,-0.2926454059700517],[0.008558424187360525,-0.23011928563035958,0.3878403840573963]]
[[-0.437126707816349,-0.09144587260164541,-0.08513079693792953],[0.5578317976068183,0.4230016553620868,-0.27374933186860584],[-0.12070508979046929,-0.3315557827604414,0.35888012880653536]]
[[-0.3882430592438999,-0.06493781458210343,-0.0771441404969168],[0.6592605779737524,0.5172307552375502,-0.24015054586819626],[-0.27101751872985247,-0.45229294065544684,0.31729468636511304]]
[[-0.3481951757741195,-0.04629971309975233,-0.07082066113181426],[0.8160884192396127,0.6643933728571204,-0.1685775466973826],[-0.4678932434654932,-0.6180936597573681,0.23939820782919685]]
[[-0.31460421971360797,-0.03297444994748865,-0.06593374011959052],[1.070776798985617,0.9075053803119337,0.00655607745310199],[-0.7561725792720089,-0.8745309303644451,0.059377662666488536]]
[[-0.28578289965055603,-0.023316667202668413,-0.06246538284171332],[1.4973269408479726,1.3291713760825323,0.5048620793290851],[-1.2115440411974168,-1.305854708879864,-0.44239669648737173]]
[[-0.2606296691687847,-0.016064947867967493,-0.06070410325024746],[2.0452978947843072,1.9442739775960383,2.184999459634224],[-1.7846682256155226,-1.9282090297280707,-2.124295356383976]]
[[-0.23917095114096087,-0.009634719303470164,-0.06135610256046048],[0.21435082759761034,0.5841610265611035,6.540088052785501],[0.02482012354335053,-0.5745263072576333,-6.478731950225041]]
[[-0.2240754658440717,-0.0016230592745644706,-0.0632328514347737],[-3.9807090561438137,-3.55428307351133,2.2089428889039566],[4.204784521987885,3.5559061327858945,-2.145710037469183]]
[[-0.21222590772041894,0.005941361729386141,-0.061989804819312995],[-1.9528604466368031,-1.9376115047614335,-0.8819174552009372],[2.165086354357222,1.9316701430320473,0.9439072600202502]]
[[-0.20047723419616725,0.011590810249898612,-0.05943710354831112],[-0.8715528340735179,-0.9665979506726239,-1.0525871719351954],[1.072030068269685,0.9550071404227253,1.1120242754835064]]
[[-0.18902595054898277,0.015715516681963332,-0.056943091658834905],[-0.4254411373735698,-0.5471653674824728,-0.902335771823172],[0.6144670879225526,0.5314498508005094,0.959278863482007]]
[[-0.17828097652837024,0.018809105398626725,-0.05489967409630399],[-0.2144125536597603,-0.3407274070120281,-0.7602833206578159],[0.3926935301881306,0.32191830161340135,0.8151829947541198]]
[[-0.16843842426990396,0.021222586330049774,-0.053339704630485235],[-0.10114496153265636,-0.22524070653085346,-0.6536381072190216],[0.2695833858025603,0.20401812020080368,0.7069778118495068]]
[[-0.15953828131225556,0.02318463816557266,-0.05219424657525369],[-0.03401185433909275,-0.15371424089370578,-0.575720928397076],[0.19355013565134832,0.13052960272813313,0.6279151749723296]]
[[-0.15153980874201955,0.024842723835469503,-0.05137975032734793],[0.009181062375614682,-0.10558895129308246,-0.5185414426655748],[0.14235874636640486,0.08074622745761295,0.5699211929929228]]
[[-0.14436788799447692,0.02629327904046235,-0.050823757043663716],[0.0391203117828753,-0.07080348621358,-0.4763275464466272],[0.1052475762116016,0.04451020717311764,0.5271513034902909]]
[[-0.13793732863668537,0.027600947470841516,-0.05046972486288071],[0.06146147557705692,-0.04394188140180337,-0.4452275439955007],[0.07647585305962845,0.01634093393096185,0.4956972688583814]]
[[-0.13216454594943483,0.02881041447348906,-0.05027542139845173],[0.07946584464915114,-0.021823076483321897,-0.4227138053868595],[0.0526987013002837,-0.006987337990167166,0.4729892267853112]]
[[-0.12697260193365378,0.029953664931710713,-0.05020986577540367],[0.09519130648645506,-0.0024009578698207922,-0.4071473130382862],[0.03178129544719874,-0.02755270706188992,0.45735717881368987]]
[[-0.1222929239152225,0.03105447776271244,-0.05025041017959382],[0.11008651409967621,0.01579055170610006,-0.3975031357613195],[0.012206409815546299,-0.0468450294688125,0.4477535459409133]]
[[-0.11806544453781709,0.03213125133558847,-0.050380356055550315],[0.12532504530803995,0.033954088583288,-0.39320792006836736],[-0.007259600770222849,-0.06608533991887648,0.44358827612391766]]
[[-0.11423805949777249,0.033198808405550964,-0.050587102960239425],[0.14203074814159447,0.05324660033683899,-0.39405248702134565],[-0.027792688643821964,-0.08644540874238996,0.4446395899815851]]
[[-0.11076585710047622,0.034269562071391604,-0.050860715390828634],[0.16147743071060183,0.07497675415106582,-0.40015786795038105],[-0.05071157361012562,-0.10924631622245742,0.45101858334120964]]
[[-0.10761034810736059,0.03535426258431695,-0.05119277487038971],[0.1853300620223001,0.10084787423695794,-0.4119835442545927],[-0.07771971391493951,-0.13620213682127488,0.4631763191249824]]
[[-0.10473881336115326,0.03646244011915703,-0.05157539051381836],[0.21601635804119468,0.1333366492540956,-0.43037059319658544],[-0.11127754468004139,-0.16979908937325264,0.4819459837104038]]
[[-0.10212383681745449,0.037602576623790955,-0.0520002435181873],[0.257395347898906,0.17637998205249428,-0.4566020460325068],[-0.1552715110814515,-0.21398255867628524,0.5086022895506941]]
[[-0.09974307396629292,0.03878194696240825,-0.05245752484926391],[0.3160972209611888,0.23676150661465276,-0.492402250307873],[-0.21635414699489586,-0.275543453577061,0.5448597751571369]]
[[-0.09757929801139362,0.04000591008871827,-0.05293457493848784],[0.40448128641065023,0.3271980288870863,-0.5395298636098438],[-0.3069019883992566,-0.3672039389758046,0.5924644385483316]]
[[-0.09562072169093058,0.04127606898245531,-0.05341392250689164],[0.5478896530591771,0.47399003749155355,-0.5973919038834618],[-0.45226893136824653,-0.5152661064740088,0.6508058263903533]]
[[-0.09386131462826364,0.04258574686762093,-0.05387020986407054],[0.8046981786296806,0.738507199725491,-0.6506457363121113],[-0.710836864001417,-0.7810929465931119,0.7045159461761819]]
[[-0.09229929485036395,0.04390826593086298,-0.05426527816899848],[1.3281133819715663,1.2853991495351191,-0.5966553029607746],[-1.2358140871212022,-1.329307415465982,0.6509205811297731]]
[[-0.09092269961708183,0.04516376609400642,-0.05454237775385819],[2.5136074981945704,2.5664087070227355,0.2912865154872607],[-2.422684798577489,-2.611572473116742,-0.23674413773340253]]
[[-0.08960715720047938,0.04613306275349399,-0.054647687429070016],[2.881497536289357,3.291152634924927,6.20459989811237],[-2.791890379088877,-3.3372856976784213,-6.149952210683301]]
[[-0.08777064676900026,0.04675494968698676,-0.054784994658467305],[-3.140555657328403,-3.0782638841394667,3.9971046842422053],[3.228326304097403,3.03150893445248,-3.942319689583738]]
[[-0.08568295751252936,0.047809851930778136,-0.05489555563284565],[-1.7471791811437247,-1.850050834980343,0.32487361964095146],[1.832862138656254,1.802240983049565,-0.26997806400810576]]
[[-0.08372561851578926,0.04910809984240263,-0.054884454346419295],[-0.9495926778631816,-1.0577718611589535,-0.22410936317743835],[1.0333182963789709,1.0086637613165508,0.27899381752385766]]
[[-0.08192871224928225,0.05049781028875919,-0.054789352908654],[-0.5907917051322064,-0.6927997442892303,-0.308294723344892],[0.6727204173814887,0.6423019340004711,0.363084076253546]]
[[-0.08028007702761598,0.05191803293376331,-0.05465198901287431],[-0.40392899986338654,-0.5006709626056316,-0.3063124752386678],[0.4842090768910025,0.44875292967186836,0.3609644642515421]]
[[-0.07876574675378836,0.05334624906723358,-0.05450471851259127],[-0.2942528182136403,-0.3872806908384321,-0.2871771856075833],[0.3730185649674287,0.33393444177119846,0.3416819041201746]]
[[-0.0773744634251061,0.05477706200535373,-0.05437175503069884],[-0.22404741989844165,-0.31451648676495536,-0.2665974403681882],[0.30142188332354775,0.25973942475960166,0.3209691953988871]]
[[-0.07609751227026657,0.05621335136530489,-0.05427140371298528],[-0.17613248073722426,-0.2648395581452738,-0.248342882201681],[0.2522299930074908,0.2086262067799689,0.30261428591466627]]
[[-0.07492807195241835,0.05766223362854052,-0.054217826130238095],[-0.14178866544522487,-0.22928897521374758,-0.2330787934462256],[0.21671673739764322,0.17162674158520705,0.2872966195764637]]
[[-0.07386068634575448,0.05913308422775049,-0.05422232694605075],[-0.11620067243779214,-0.20289367094783797,-0.22063594046341647],[0.1900613587835466,0.14376058672008749,0.2748582674094672]]
[[-0.07289089959958779,0.06063653577520767,-0.05429429611567046],[-0.0965249371029773,-0.18270934056138502,-0.21065932995044373],[0.16941583670256508,0.12207280478617735,0.26495362606611417]]
[[-0.07201501302011655,0.06218397658229417,-0.05444191682301647],[-0.08098850806703606,-0.16689679227465032,-0.20279919863293122],[0.1530035210871526,0.10471281569235613,0.2572411154559477]]
[[-0.07122992229581533,0.06378732206570462,-0.05467271613485167],[-0.0684349305362075,-0.15425501959116833,-0.19676207103214038],[0.13966485283202282,0.09046769752546371,0.251434787166992]]
[[-0.07053300474150595,0.06545894265954964,-0.05499401152124746],[-0.05808025531784975,-0.14396920237597455,-0.19231814566731395],[0.1286132600593557,0.0785102597164249,0.2473121571885614]]
[[-0.06992203558802759,0.06721168538737961,-0.05541329102787938],[-0.04937467754266655,-0.1354671984004615,-0.18929610808808014],[0.11929671313069415,0.06825551301308189,0.24470939911595954]]
[[-0.06939511844071262,0.0690589536346283,-0.05593855524403202],[-0.041920330292869,-0.1283338624455329,-0.1875756825016889],[0.11131544873358162,0.05927490881090462,0.24351423774572092]]
[[-0.06895061842089203,0.07101482420718566,-0.05657864326042568],[-0.035420352128664574,-0.12225758198413195,-0.18708126669256173],[0.10437097054955662,0.05124275777694629,0.24365990995298742]]
[[-0.06858708781417736,0.0730941884788927,-0.057343561261763994],[-0.029646036341046587,-0.11699536345700567,-0.18777764171325956],[0.09823312415522395,0.043901174978112974,0.24512120297502354]]
[[-0.06830317363236435,0.07531290812980705,-0.058244830429695034],[-0.024414716291432874,-0.11234877997419053,-0.1896680181127501],[0.09271788992379722,0.03703587184438348,0.24791284854244514]]
[[-0.06809749441358297,0.07768797692692894,-0.059295869866450246],[-0.01957408336843683,-0.10814618082969527,-0.19279455282758157],[0.0876715777820198,0.03045820390276632,0.2520904226940318]]
[[-0.06796846961147868,0.08023767862658589,-0.06051242977796959],[-0.014990249767551742,-0.10422816124105622,-0.19724159413624748],[0.0829587193790304,0.02399048261447033,0.2577540239142171]]
[[-0.06791407851974343,0.08298172725202126,-0.06191308956052162],[-0.010537704105495975,-0.10043404214872523,-0.20314218235388862],[0.07845178262523941,0.017452314896703965,0.26505527191441025]]
[[-0.06793151591880404,0.08594136911967118,-0.06351983376452713],[-0.006089662278714901,-0.09658729134651317,-0.2106887542933354],[0.07402117819751894,0.010645922226841992,0.2742085880578625]]
[[-0.06801669708043065,0.08913941497023214,-0.06535871451669187],[-0.0015072970142332928,-0.0924774861386623,-0.22014964134145704],[0.06952399409466395,0.0033380711684301498,0.2855083558581489]]
