[[-0.026690549707411814,0.14172751662147146,0.011607909037418717],[0.0014640052411928756,-0.00033152267245492237,-0.0033694458325552994],[0.02522654446621894,-0.14139599394901653,-0.008238463204863418]]
[[-0.018723408583963933,0.17103304536858877,0.036713812011014944],[0.0013490410118726808,-0.0002012245639078094,-0.003770181765597357],[0.01737436757209125,-0.17083182080468096,-0.032943630245417584]]
[[-0.002029436258051713,0.19520575782757524,0.07464862672771527],[0.0011947087066884248,-2.5432028924412707e-6,-0.004172713096449965],[0.0008347275513632881,-0.19520321462468282,-0.0704759136312653]]
[[0.024296834030922594,0.20154997111919856,0.12201633434688329],[0.0010180880395672615,0.00025054403549529085,-0.004572022376740812],[-0.025314922070489854,-0.20180051515469385,-0.11744431197014248]]
[[0.054904901135815316,0.17900087041648502,0.1653756369312255],[0.0008351166946287983,0.0005328383922847525,-0.004987681439742662],[-0.05574001783044411,-0.17953370880876976,-0.16038795549148285]]
[[0.07892636382172494,0.13111252030867465,0.18755440136754262],[0.0006478989123654722,0.0008170591834856175,-0.005466256311069144],[-0.0795742627340904,-0.13192957949216028,-0.18208814505647347]]
[[0.08878965500105841,0.07641566129190346,0.18285524937985967],[0.00043492830699901004,0.0010817301098762812,-0.006078961018120287],[-0.08922458330805742,-0.07749739140177973,-0.17677628836173936]]
[[0.08583857126311366,0.03186002815140689,0.16020559954312638],[0.00014173356660954065,0.0013117961911064486,-0.0069247499533202144],[-0.0859803048297232,-0.03317182434251334,-0.15328084958980617]]
[[0.07604676224659913,0.002730914143777773,0.13189543182015773],[-0.0003416626186070228,0.0014891625378433105,-0.008147281413162384],[-0.0757050996279921,-0.004220076681621084,-0.12374815040699534]]
[[0.06444077204401646,-0.013592006488875902,0.10550467248548698],[-0.0012454459813022063,0.0015674438124788541,-0.009972343343544526],[-0.06319532606271426,0.012024562676397047,-0.09553232914194244]]
[[0.053602143268559624,-0.021538132924231044,0.08372019210420653],[-0.0031055845435096255,0.0014017047447898265,-0.012768072136994876],[-0.05049655872505,0.020136428179441217,-0.07095211996721165]]
[[0.044406713731421396,-0.024631754080492608,0.06666066015855969],[-0.0073300301754566435,0.0005096402584606927,-0.017047592994250006],[-0.037076683555964746,0.024122113822031915,-0.04961306716430969]]
[[0.03692255600587809,-0.025116147735542077,0.053560033067139516],[-0.01793125861211578,-0.0028396696373081502,-0.022505285758673797],[-0.018991297393762308,0.027955817372850227,-0.031054747308465715]]
[[0.030932074905973852,-0.02428901233537936,0.043529928000573835],[-0.04309969183606296,-0.014042609471311902,-0.01884439460325532],[0.012167616930089102,0.03833162180669126,-0.024685533397318514]]
[[0.026161377458326095,-0.02287477291616613,0.03581472332615354],[-0.05337660179149171,-0.027566341786400866,0.02954804703200753],[0.027215224333165616,0.050441114702567,-0.06536277035816107]]
[[0.0223358743281313,-0.02126750422626632,0.029831211150104998],[-0.007046478617701399,-0.01146839963696421,0.047131623788417974],[-0.0152893957104299,0.03273590386323053,-0.07696283493852298]]
[[0.019221255457339107,-0.0196343632361154,0.025127782951799512],[0.009576704397795796,-0.0005249816110506379,0.026390803778179022],[-0.028797959855134905,0.020159344847166038,-0.051518586729978534]]
[[0.016668480486545734,-0.018055292311284568,0.02138217216935147],[0.010308463252112283,0.0021324265236291255,0.013945803116482934],[-0.026976943738658013,0.015922865787655442,-0.03532797528583441]]
[[0.014565325697784442,-0.016577255579969117,0.018366358539810616],[0.008728654947636375,0.0025692806408801282,0.007956623162896248],[-0.023293980645420816,0.01400797493908899,-0.026322981702706867]]
[[0.012820632704875774,-0.015221147087235144,0.015912992256163466],[0.00721475035913206,0.00247479287436393,0.0048741866071356525],[-0.020035383064007834,0.012746354212871213,-0.020787178863299116]]
[[0.011361827976171024,-0.013991003013108193,0.013897284942809172],[0.0060362605186077825,0.0022656361324763516,0.0031427354360203945],[-0.017398088494778807,0.011725366880631841,-0.017040020378829568]]
[[0.010132149140273888,-0.012881796047853982,0.012225429851590563],[0.005144124373276249,0.0020510093929428084,0.0020947406851231317],[-0.015276273513550136,0.010830786654911172,-0.014320170536713694]]
[[0.00908744000101879,-0.01188432642890383,0.010826368235471324],[0.00446295515636314,0.001858745598307082,0.0014209101451191258],[-0.01355039515738193,0.010025580830596749,-0.01224727838059045]]
[[0.008193272635454238,-0.010987937539257439,0.00964581158998988],[0.003933856875342677,0.0016934378217949866,0.0009658640443558154],[-0.012127129510796916,0.009294499717462452,-0.010611675634345695]]
[[0.007422640592791865,-0.010181920192757214,0.008641902109123497],[0.0035153423324118032,0.001553060376035661,0.0006458332821248224],[-0.010937982925203668,0.008628859816721554,-0.009287735391248319]]
[[0.006754195447366846,-0.00945618650387109,0.00778206291274668],[0.0031786574136929624,0.0014340584875008396,0.00041288750861261255],[-0.00993285286105981,0.00802212801637025,-0.008194950421359292]]
[[0.006170922228455888,-0.008801551832511302,0.007040704671287387],[0.002903705022520289,0.0013329190940681245,0.0002381956754732654],[-0.009074627250976177,0.0074686327384431775,-0.007278900346760652]]
[[0.005659148152696546,-0.008209812473230165,0.006397546024720177],[0.002676209600127123,0.001246602785059656,0.00010366448465337951],[-0.00833535775282367,0.006963209688170509,-0.006501210509373556]]
[[0.0052077986023393264,-0.007673721169100432,0.005836374290574479],[0.002485844823966189,0.00117260238516351,-2.4808463589897587e-6],[-0.007693643426305516,0.0065011187839369225,-0.005833893444215489]]
[[0.004807835284290709,-0.00718691539575038,0.005344123390818756],[0.0023250057387073954,0.0011088872194008983,-0.00008814881910188923],[-0.007132841022998104,0.006078028176349482,-0.005255974571716867]]
[[0.004451828790340675,-0.006743827608061251,0.004910181822402533],[0.0021879962569697348,0.0010538220847976683,-0.0001588010953584218],[-0.006639825047310411,0.005690005523263582,-0.004751380727044111]]
[[0.004133630811083669,-0.0063395925830091555,0.0045258687390064885],[0.0020704834556485425,0.0010060902908129855,-0.00021830498936884434],[-0.006204114266732211,0.0053335022921961696,-0.004307563749637645]]
[[0.0038481207474236243,-0.005969959324557608,0.004184033900844085],[0.0019691248418642958,0.000964628836911123,-0.0002694623705023053],[-0.00581724558928792,0.0050053304876464845,-0.0039145715303417795]]
[[0.003591008289589509,-0.005631210839170625,0.00387874966470681],[0.00188130938937225,0.0009285763815566031,-0.0003143474350234469],[-0.005472317678961759,0.004702634457614022,-0.003564402229683363]]
[[0.0033586784314499378,-0.005320092871172946,0.003605071939934227],[0.001804974636302049,0.0008972323521479512,-0.0003545281156006253],[-0.005163653067751987,0.004422860519024995,-0.0032505438243336016]]
[[0.0031480689122316053,-0.005033751540669952,0.0033588532464643825],[0.001738475488046194,0.0008700250955449103,-0.00039121472713208775],[-0.004886544400277799,0.004163726445125042,-0.0029676385193322945]]
[[0.002956572627552045,-0.004769679272769413,0.003136595449260862],[0.0016804887474948151,0.000846487144655604,-0.00042536202667606504],[-0.0046370613750468595,0.0039231921281138084,-0.0027112334225847965]]
[[0.0027819594089081674,-0.004525668176870477,0.002935332939475419],[0.0016299427235014364,0.0008262360168942433,-0.00045774082984549824],[-0.004411902132409604,0.0036994321599762335,-0.002477592109629921]]
[[0.0026223129334775955,-0.0042997699780203255,0.0027525393524766195],[0.0015859647089159843,0.0008089593005887002,-0.0004889893866053514],[-0.00420827764239358,0.003490810677431625,-0.0022635499658712685]]
[[0.002475979533505448,-0.004090261634150677,0.002586052609905691],[0.0015478413754027504,0.0007944030752932823,-0.000519651118875502],[-0.004023820908908199,0.0032958585588573944,-0.002066401491030189]]
[[0.002341526424901254,-0.003895615846197714,0.0024340143240415093],[0.0015149886341635974,0.0007823629437451787,-0.0005502030938180479],[-0.0038565150590648516,0.003113252902452536,-0.0018838112302234612]]
[[0.002217707437673189,-0.003714475756771761,0.002294820532138873],[0.0014869285264713763,0.000772677133578255,-0.0005810782038160858],[-0.003704635964144566,0.002941798623193506,-0.0017137423283227868]]
[[0.0021034347562810815,-0.003545633223386632,0.002167081423875275],[0.0014632714032668098,0.0007652212660814217,-0.0006126831309314482],[-0.0035667061595478916,0.0027804119573052104,-0.001554398292943827]]
[[0.0019977555017220068,-0.0033880101373610126,0.002049588249181255],[0.0014437021358057614,0.0007599044971004675,-0.0006454136037809012],[-0.0034414576375277686,0.0026281056402605455,-0.0014041746454003536]]
[[0.0018998322351320054,-0.0032406423362937647,0.0019412859914602137],[0.0014279694383879668,0.0007566668199828332,-0.0006796680971258617],[-0.0033278016735199725,0.0024839755163109313,-0.0012616178943343518]]
[[0.0018089266538387058,-0.0031026657255314944,0.0018412506950079507],[0.0014158776244817784,0.0007554773890424141,-0.0007158609127515551],[-0.0032248042783204842,0.00234718833648908,-0.0011253897822563956]]
[[0.0017243858990551413,-0.002973304282441991,0.0017486705689771372],[0.0014072802884961334,0.0007563337798873096,-0.0007544354761359124],[-0.003131666187551275,0.0022169705025546814,-0.0009942350928412247]]
[[0.0016456310100672505,-0.002851859667275575,0.001662830170847849],[0.0014020755261087846,0.0007592621547216796,-0.0007958786673752498],[-0.003047706536176035,0.0020925975125538955,-0.0008669515034725991]]
[[0.0015721471505113123,-0.0027377022068553114,0.0015830971128737766],[0.0014002023882274076,0.000764318350506249,-0.0008407370711943546],[-0.00297234953873872,0.0019733838563490624,-0.0007423600416794219]]
[[0.0015034753039166353,-0.00263026305325183,0.0015089108448974207],[0.0014016383134709434,0.000771589959607642,-0.0008896361863150061],[-0.0029051136173875785,0.0018586730936441878,-0.0006192746585824146]]
[[0.0014392051924442823,-0.002529027349892975,0.0014397731533900325],[0.001406397302462188,0.0007811995304945002,-0.0009433038989938228],[-0.0028456024949064704,0.0017478278193984748,-0.0004964692543962098]]
[[0.0013789692179789282,-0.002433528263072346,0.0013752400849346563],[0.0014145285792807197,0.0007933090850045196,-0.0010025999362311717],[-0.002793497797259648,0.0016402191780678262,-0.0003726401487034847]]
[[0.0013224372609429564,-0.002343341758293833,0.0013149150566928588],[0.0014261154180477875,0.0008081262346597458,-0.001068553632603853],[-0.002748552678990744,0.0015352155236340876,-0.00024636142408900573]]
[[0.0012693122013302254,-0.002258082018961612,0.001258442959768923],[0.0014412736698013438,0.00082591228897071,-0.0011424132703147496],[-0.0027105858711315694,0.001432169729990902,-0.00011602968945417336]]
[[0.001219326049991333,-0.0021773974201421903,0.0012055050961764075],[0.0014601492584632462,0.0008469928931785956,-0.0012257116451115338],[-0.0026794753084545793,0.0013304045269635946,0.000020206548935126347]]
[[0.001172236597298752,-0.002100966982948955,0.0011558148181433777],[0.0014829134370528839,0.000871771923110767,-0.0013203546321441401],[-0.002655150034351636,0.001229195059838188,0.00016453981400076242]]
[[0.0011278245018801847,-0.0020284972459179602,0.0011091137611741052],[0.0015097537451560774,0.0009007496136343875,-0.001428742807674182],[-0.002637578247036262,0.0011277476322835726,0.0003196290465000769]]
[[0.0010858907548385148,-0.0019597194988813086,0.0010651685807130471],[0.0015408570847595948,0.0009345462146595018,-0.0015539413548886756],[-0.0026267478395981094,0.001025173284221807,0.0004887727741756285]]
[[0.0010462544653335726,-0.0018943873325721673,0.001023768117287777],[0.0015763785579241928,0.0009739328499618149,-0.0016999218072075656],[-0.0026226330232577656,0.0009204544826103524,0.0006761536899197887]]
[[0.0010087509220258926,-0.0018322744637383843,0.000984720927313037],[0.0016163845548021283,0.001019871646401926,-0.00187191289912616],[-0.002625135476828021,0.0008124028173364583,0.000887191971813123]]
[[0.0009732298920283776,-0.0017731728010865965,0.0009478531268470996],[0.0016607487506673734,0.0010735674153672587,-0.0020769209851389044],[-0.002633978642695751,0.0006996053857193378,0.001129067858291805]]
[[0.0009395541249632913,-0.0017168907220793865,0.0009130065039211793],[0.0017089603498148748,0.0011365326456887063,-0.0023245208245515447],[-0.0026485144747781663,0.0005803580763906802,0.0014115143206303654]]
[[0.0009075980347147567,-0.001663251534590302,0.0008800368619411668],[0.001759764575174391,0.0012106647501241073,-0.002628089915609024],[-0.002667362609889148,0.00045258678446619474,0.0017480530536678571]]
[[0.0008772465357044199,-0.0016120921007868332,0.000848812562344033],[0.0018104719605033332,0.0012983250910347888,-0.0030067939705377255],[-0.0026877184962077532,0.0003137670097520444,0.0021579814081936926]]
[[0.00084839401419271,-0.0015632616034405074,0.0008192132393698443],[0.0018555874094895505,0.0014023811774528086,-0.003488890106611014],[-0.0027039814236822605,0.00016088042598769886,0.0026696768672411697]]
[[0.0008209434184360502,-0.00151662043722262,0.0007911286636076498],[0.0018839737301439335,0.0015260911448009382,-0.00411743330753609],[-0.0027049171485799836,-9.470707578318124e-6,0.00332630464392844]]
[[0.0007948054548189533,-0.001472039209505536,0.0007644577339181076],[0.0018726703998578405,0.001672463767121398,-0.004960553294027618],[-0.0026674758546767936,-0.00020042455761586195,0.00419609556010951]]
[[0.0007698978808868829,-0.0014293978369011955,0.0007391075792747118],[0.0017725288523659597,0.0018419547455154593,-0.0061307979217799175],[-0.0025424267332528425,-0.0004125569086142638,0.005391690342505206]]
[[0.0007461448917413895,-0.0013885847257319205,0.000714992752403967],[0.0014720744481858724,0.002024743874313732,-0.007823080936782417],[-0.002218219339927262,-0.0006361591485818114,0.00710808818437845]]
[[0.0007234766064592082,-0.0013494960288251024,0.0006920344939892127],[0.0006973379556432796,0.0021740576087141807,-0.010390559933931724],[-0.0014208145621024877,-0.0008245615798890781,0.00969852543994251]]
[[0.0007018286835520439,-0.0013120349858910477,0.0006701600337767114],[-0.0012992559121911755,0.002105797497185732,-0.014482921145697285],[0.0005974272286391317,-0.000793762511294684,0.013812761111920573]]
[[0.0006811421463452625,-0.0012761114193642674,0.0006493018536594181],[-0.006815805239290632,0.001075091483913897,-0.021102414993408],[0.006134663092945369,0.00020101993545037036,0.020453113139748583]]
[[0.0006613635825713756,-0.001241641767414702,0.0006293967061319572],[-0.023184508712484172,-0.004069801480813986,-0.029136523160953557],[0.022523145129912794,0.005311443248228688,0.028507126454821598]]
[[0.0006424453628752738,-0.001208551424307246,0.0006103839591662039],[-0.057779394338891364,-0.02091222099351544,-0.012924853658272882],[0.057136948976016094,0.022120772417822683,0.012314469699106679]]
[[0.0006243384531666676,-0.0011767806180055466,0.000592205921585052],[-0.03895268628799348,-0.023400352389190898,0.04305179243825267],[0.03832834783482681,0.024577133007196442,-0.04364399835983772]]
[[0.0006069811590916829,-0.0011462623032340426,0.0005748187192376733],[-0.0013164118430367404,-0.007080355343137014,0.036550614949226214],[0.0007094306839450575,0.008226617646371056,-0.03712543366846389]]
[[0.0005903300056287475,-0.0011169192751578998,0.0005581831659432377],[0.007087130560488257,-0.0008828340315706092,0.02089848705085568],[-0.0076774605661170045,0.001999753306728509,-0.02145667021679892]]
[[0.0005743515030593973,-0.001088688151271333,0.0005422580188845078],[0.007597466138889307,0.0008395341114691228,0.012461211324642346],[-0.008171817641948704,0.00024915403980221005,-0.013003469343526853]]
[[0.0005590128400313199,-0.0010615134322057766,0.0005270035976800511],[0.006772513274064458,0.00130391712451022,0.008029649215736498],[-0.007331526114095778,-0.00024240369230444335,-0.008556652813416549]]
[[0.0005442819041676787,-0.0010353438034693783,0.0005123827635036308],[0.005868239764424501,0.00139184733939973,0.005513642958627568],[-0.00641252166859218,-0.00035650353593035173,-0.0060260257221311985]]
[[0.0005301278604570379,-0.001010131070718656,0.0004983609059290942],[0.005101716169274236,0.0013601014284302098,0.003971384243973734],[-0.005631844029731274,-0.00034997035771155375,-0.004469745149902829]]
[[0.0005165214184340463,-0.0009858297841919962,0.0004849057642360595],[0.004484206040108345,0.0012920980310947685,0.0029642922022387387],[-0.005000727458542391,-0.00030626824690277226,-0.003449197966474798]]
[[0.0005034349064625659,-0.0009623970364879824,0.00047198723694006695],[0.003989820424317817,0.00121700325425142,0.0022722711798873673],[-0.004493255330780383,-0.0002546062177634376,-0.0027442584168274344]]
[[0.0004908422531812346,-0.0009397923078999518,0.0004595772057295516],[0.0035912874083048594,0.0011451863410633736,0.0017766370678926617],[-0.004082129661486094,-0.0002053940331634218,-0.0022362142736222133]]
[[0.00047871892634680373,-0.0009179773273455996,0.000447649376605178],[0.0032665903603952538,0.001080032820076951,0.0014092945406532352],[-0.0037453092867420577,-0.00016205549273135163,-0.0018569439172584133]]
[[0.00046704185330793236,-0.0008969159408890407,0.0004361791367759038],[0.0029990765288181974,0.0010222445885712695,0.0011290723174517316],[-0.00346611838212613,-0.00012532864768222888,-0.0015652514542276352]]
[[0.00045578933502985055,-0.0008765739862099552,0.0004251434253672801],[0.002776341592526681,0.0009715082472785663,0.0009099511976448438],[-0.0032321309275565313,-0.00009493426106861103,-0.0013350946230121239]]
[[0.0004449409596573853,-0.0008569191729679834,0.0004145206162037526],[0.0025891277197601504,0.0009271681180507737,0.0007348561778756994],[-0.003034068679417536,-0.00007024894508279032,-0.001149376794079452]]
[[0.0004344775186339779,-0.0008379209692788132,0.0004042904112103457],[0.0024304659824698235,0.000888500498291083,0.0005922125055759508],[-0.0028649435011038013,-0.000050579529012269786,-0.0009965029167862964]]
[[0.0004243809268513662,-0.0008195504944420684,0.00039443374322109754],[0.002295052638069573,0.0008548217136593003,0.0004739491704514438],[-0.0027194335649209393,-0.000035271219217231954,-0.0008683829136725413]]
[[0.00041463414747894506,-0.0008017804179250769,0.00038493268717192477],[0.0021788045836704656,0.0008255255002470465,0.0003742962814224184],[-0.0025934387311494105,-0.00002374508232196959,-0.0007592289685943432]]
[[0.00040522112167181514,-0.0007845848644885249,0.0003757703788044253],[0.002078543188424347,0.0008000905026310103,0.0002890358843999123],[-0.002483764310096162,-0.000015505638142485436,-0.0006648062632043377]]
[[0.0003961267031102422,-0.0007679393252546237,0.0003669309401252672],[0.001991768156356359,0.000778075735377486,0.0002150211710765057],[-0.0023878948594666014,-0.00001013641012286232,-0.0005819521112017729]]
[[0.000387336597190757,-0.0007518205744629291,0.00035839941096156986],[0.0019164943110128807,0.0007591118828561441,0.00014985962925088346],[-0.0023038309082036375,-7.291308393215026e-6,-0.0005082590402124533]]
[[0.0003788373046215413,-0.0007362065916265904,0.0003501616860318166],[0.001851132565200515,0.0007428918617231048,0.00009169916573184965],[-0.0022299698698220564,-6.685270096514471e-6,-0.0004418608517636663]]
[[0.0003706160691447007,-0.0007210764887861787,0.0003422044570183307],[0.0017944021892091677,0.0007291620558981594,0.00003908052563823278],[-0.0021650182583538686,-8.085567111980655e-6,-0.0003812849826565635]]
[[0.0003626608290998023,-0.0007064104425543044,0.00033451515918402855],[0.0017452654862486231,0.0007177147230692461,-9.166663056863643e-6],[-0.0021079263153484257,-0.000011304280514941745,-0.00032534849612716495]]
[[0.00035496017254739074,-0.0006921896306481653,0.00032708192212498597],[0.0017028786971110003,0.0007083816702438959,-0.000053998586599069524],[-0.002057838869658391,-0.000016192039595730608,-0.00027308333552591643]]
[[0.0003475032956825596,-0.0006783961726162735,0.00031989352429279627],[0.0016665548036696109,0.0007010291313143194,-0.00009621200154063586],[-0.0020140580993521706,-0.000022632958698045832,-0.0002236815227521604]]
[[0.0003402799642837329,-0.0006650130744779327,0.0003129393509578519],[0.0016357351678514822,0.0006955537248775428,-0.00013648522767203695],[-0.0019760151321352153,-0.00003054065039961005,-0.00017645412328581498]]
[[0.00033328047795855195,-0.0006520241770082504,0.0003062093553173789],[0.0016099678199375243,0.0006918793656904323,-0.0001754095656407735],[-0.0019432482978960761,-0.000039855188682181956,-0.00013079978967660546]]
[[0.00032649563696596895,-0.0006394141074166211,0.00029969402248097783],[0.001588890824203219,0.0006899550199168883,-0.00021351404611058157],[-0.001915386461169188,-0.00005054091250026715,-0.00008617997637039627]]
[[0.000319916711410573,-0.0006271682341820563,0.00029338433609209013],[0.001572219585349254,0.0006897532197693001,-0.00025128558446528657],[-0.001892136296759827,-0.00006258498558724373,-0.000042098751626803565]]
[[0.0003135354126214009,-0.0006152726248240415,0.00028727174736666624],[0.0015597372723371232,0.0006912692817252547,-0.0002891860732617231],[-0.001873272684958524,-0.00007599665690121316,1.9143258950568673e-6]]
[[0.00030734386654279874,-0.0006037140064024779,0.0002813481463507224],[0.0015512877652653593,0.0006945212023792611,-0.00032766759837133254],[-0.001858631631808158,-0.00009080719597678313,0.00004631945202061014]]
[[0.00030133458897917104,-0.0005924797285545277,0.00027560583521673394],[0.0015467707018313429,0.0006995502372569857,-0.0003671867562634634],[-0.001848105290810514,-0.000107070508702458,0.00009158092104672946]]
[[0.0002955004625486779,-0.0005815577288897156,0.00027003750343519543],[0.001546138330715572,0.0007064222017895039,-0.0004082189456614688],[-0.00184163879326425,-0.00012486447289978826,0.00013818144222627337]]
[[0.0002898347152131083,-0.0005709365005773919,0.00026463620467239156],[0.001549393982481703,0.0007152295721680011,-0.0004512734901037148],[-0.0018392286976948115,-0.00014429307159060918,0.00018663728543132324]]
[[0.0002843309002623288,-0.0005606050619725941,0.0002593953352786673],[0.001556592053146348,0.0007260945098784104,-0.0004969105151405416],[-0.001840922953408677,-0.00016548944790581628,0.00023751517986187425]]
[[0.0002789828776419334,-0.0005505529281374658,0.00025430861424342475],[0.001567839467523144,0.0007391729913421098,-0.000545760663592693],[-0.0018468223451650776,-0.000188620063204644,0.00029145204934926826]]
[[0.00027378479652206543,-0.0005407700841256947,0.0002493700645038496],[0.0015832986525352974,0.0007546602987978328,-0.0005985490069013165],[-0.001857083449057363,-0.00021389021467213814,0.000349178942397467]]
[[0.000268731079013917,-0.0005312469599069402,0.0002445739955041047],[0.00160319210613846,0.0007727982281569414,-0.000656124940833253],[-0.001871923185152377,-0.0002415512682500012,0.00041155094532914824]]
[[0.00026381640494822236,-0.0005219744068169769,0.00023991498691055445],[0.0016278086929240364,0.0007938845052419316,-0.0007195005072878843],[-0.0018916250978722586,-0.0002719100984249547,0.0004795855203773298]]
[[0.00025903569763718144,-0.0005129436754272318,0.00023538787339655518],[0.001657511824343198,0.000818285089848814,-0.000789900570369423],[-0.0019165475219803795,-0.0003053414144215822,0.0005545126969728677]]
[[0.00025438411054780693,-0.0005041463947346375,0.00023098773041760492],[0.0016927496696926088,0.0008464503113693438,-0.0008688297723495454],[-0.0019471337802404159,-0.00034230391663470636,0.0006378420419319406]]
[[0.0002498570148207019,-0.0004955745525791574,0.0002267098609042095],[0.0017340674507644262,0.0008789361556565359,-0.0009581634963561975],[-0.001983924465585128,-0.00038336160307737854,0.000731453635451988]]
[[0.00024544998757387534,-0.00048722047720198985,0.00022254978280579358],[0.0017821216102045796,0.0009164325629256399,-0.0010602736572403165],[-0.002027571597778455,-0.00042921208572365007,0.000837723874434523]]
[[0.00024115880093647694,-0.0004790768198622132,0.00021850321742439844],[0.00183769503014833,0.0009598013783074711,-0.0011782058669176886],[-0.002078853831084807,-0.0004807245584452579,0.0009597026494932901]]
[[0.0002369794117624157,-0.00047113653843336233,0.00021456607848179362],[0.0019017111388537542,0.0010101277327372927,-0.0013159338407615175],[-0.00213869055061617,-0.0005389911943039303,0.001101367762279724]]
[[0.00023290795197895107,-0.0004633928819038781,0.00021073446186800878],[0.0019752418894540998,0.0010687902781610378,-0.0014787324625834485],[-0.002208149841433051,-0.0006053973962571598,0.0012679980007154396]]
[[0.00022894071953084266,-0.000455839375706151,0.00020700463602312834],[0.0020594985237609767,0.001137558049809086,-0.001673737589158574],[-0.002288439243291819,-0.0006817186741029349,0.0014667329531354457]]
[[0.0002250741698871165,-0.0004484698077972819,0.00020337303290736349],[0.0021557809601569565,0.001218724935576185,-0.0019108077926253946],[-0.002380855130044073,-0.000770255127778903,0.0017074347597180312]]
[[0.00022130490808607145,-0.0004412782154096138,0.000199836239516664],[0.0022653328441374996,0.001315296617563218,-0.0022038893324376175],[-0.002486637752223571,-0.0008740184021536044,0.0020040530929209535]]
[[0.00021762968130694904,-0.00043425887237861637,0.0001963909899018059],[0.002388983783940091,0.0014312478314018706,-0.002573248895193483],[-0.0026066134652470404,-0.0009969889590232541,0.002376857905291677]]
[[0.00021404537197806234,-0.000427406276936624,0.00019303415764653878],[0.002526304945667536,0.0015718632464971605,-0.0030492611015965746],[-0.0027403503176455985,-0.0011444569695605363,0.0028562269439500357]]
[[0.00021054899147038584,-0.00042071513982785903,0.00018976274875160402],[0.0026736163657992704,0.0017441389657833217,-0.0036791038308506665],[-0.0028841653572696563,-0.0013234238259554627,0.0034893410820990628]]
[[0.00020713767450334985,-0.0004141803725443709,0.00018657389484782354],[0.0028191533889242977,0.0019570661962194707,-0.0045391569605883],[-0.0030262910634276476,-0.0015428858236750998,0.004352583065740477]]
[[0.00020380867455509257,-0.000407797075391936,0.00018346484660100012],[0.002930742452459649,0.0022210173245799216,-0.005759172810601229],[-0.0031345511270147414,-0.0018132202491879855,0.0055757079640002295]]
[[0.0002005593609474447,-0.00040156052496358906,0.00018043296701182417],[0.0029220423981446667,0.0025430953646587502,-0.007571959456597822],[-0.0031226017590921112,-0.002141534839695161,0.0073915264895859974]]
[[0.0001973872192048897,-0.0003954661604915321,0.00017747572386280248],[0.002550877018034344,0.002905366040243368,-0.010419801441685783],[-0.0027482642372392337,-0.002509899879751836,0.01024232571782298]]
[[0.00019428985874087005,-0.0003895095689819105,0.00017459067916114791],[0.0010751344023051561,0.003166171429380546,-0.015175434494766158],[-0.001269424261046026,-0.0027766618603986353,0.01500084381560501]]
[[0.00019126503869178885,-0.000383686473249176,0.00017177546855967239],[-0.004053867507634067,0.0025787906396569954,-0.023387782512753457],[0.003862602468942278,-0.002195104166407819,0.023216007044193784]]
[[0.00018831073856291112,-0.00037799275526814323,0.00016902774556250145],[-0.021796517888132555,-0.0025622196355930224,-0.03448993722424642],[0.021608207149569646,0.0029402123908611657,0.034320909478683916]]
[[0.00018542526899680554,-0.0003724247097432766,0.00016634501698062557],[-0.06001321610951295,-0.021044892135397633,-0.01716254038614783],[0.05982779084051614,0.021417316845140907,0.016996195369167202]]
[[0.00018260664356030935,-0.00036697978822693763,0.00016372462264860959],[-0.03932445005757253,-0.02260680476204887,0.03784307080679591],[0.039141843414012216,0.022973784550275808,-0.03800679542944452]]
[[0.00017985147837990163,-0.0003616547633743921,0.00016116494248063424],[-0.005047585344112896,-0.007928529118789798,0.03287145642166253],[0.004867733865732995,0.00829018388216419,-0.033032621364143165]]
[[0.0001771575866116872,-0.0003564452969483572,0.00015866471254217222],[0.003791507945365148,-0.002077353895773464,0.020089393370562033],[-0.0039686655319768355,0.0024337991927218215,-0.020248058083104207]]
[[0.00017452343843749393,-0.0003513477280907837,0.0001562222915024032],[0.005289444971830619,-0.00015494807887664604,0.012741857387944398],[-0.005463968410268113,0.0005062958069674298,-0.0128980796794468]]
[[0.0001719475027577511,-0.00034635880989653775,0.00015383594975613854],[0.005160227882260834,0.0005265805570844778,0.008658698558967835],[-0.005332175385018585,-0.0001802217471879401,-0.008812534508723975]]
[[0.0001694282161692333,-0.0003414754910619727,0.00015150398605434423],[0.0047041790713780495,0.0007786401780418488,0.006234354749070344],[-0.004873607287547282,-0.00043716468697987607,-0.006385858735124688]]
[[0.00016696401559475847,-0.0003366948461417906,0.00014922475451778627],[0.0042317133955648645,0.0008653181794084677,0.004693771719845982],[-0.004398677411159623,-0.000528623333266677,-0.004842996474363768]]
[[0.00016455336039923637,-0.0003320140523547007,0.0001469966695155727],[0.0038142799025176937,0.0008835465926368503,0.003657364525002031],[-0.00397883326291693,-0.0005515325402821496,-0.003804361194517604]]
[[0.00016219474430736775,-0.0003274303802655465,0.0001448182049382387],[0.0034611010734837888,0.000872624707431502,0.00292703967563499],[-0.0036232958177911567,-0.0005451943271659555,-0.003071857880573229]]
[[0.0001598867014416509,-0.0003229411888898975,0.00014268789199845544],[0.003165547379371834,0.0008496954742829027,0.002392541328017928],[-0.0033254340808134848,-0.0005267542853930052,-0.0025352292200163835]]
[[0.00015762780913245895,-0.0003185439222925614,0.0001406043167027114],[0.0029181217884353384,0.0008226095088132526,0.0019889156266161482],[-0.003075749597567797,-0.0005040655865206911,-0.0021295199433188595]]
[[0.0001554166889285797,-0.00031423610670961507,0.00013856611733288827],[0.002710036436690651,0.0007950498736066836,0.0016759924645943487],[-0.0028654531256192307,-0.0004808137668970685,-0.001814558581927237]]
[[0.0001532520065799599,-0.0003100153478613762,0.0001365719820376544],[0.0025339971202413664,0.0007687350626719164,0.0014278797798207275],[-0.002687249126821326,-0.00045871971481054014,-0.0015644517618583818]]
[[0.00015113247142263352,-0.0003058793283449856,0.00013462064655771387],[0.0023841698576148964,0.0007444254183642671,0.0012272870340371905],[-0.00253530232903753,-0.00043854609001928147,-0.0013619076805949043]]
[[0.00014905683541398043,-0.0003018258050745729,0.0001327108920843638],[0.002255943827240178,0.0007224055698383186,0.0010623093422482855],[-0.0024050006626541586,-0.00042057976476374574,-0.0011950202343326492]]
[[0.0001470238919662893,-0.00029785260676506184,0.0001308415432433268],[0.002145679827837897,0.000702724435772566,0.0009245285860019136],[-0.002292703719804186,-0.0004048718290075042,-0.0010553701292452403]]
[[0.00014503247466938438,-0.000293957631464642,0.00012901146619419816],[0.0020504958610286284,0.000685317886753458,0.0008078507337108474],[-0.0021955283356980128,-0.00039136025528881596,-0.0009368621999050455]]
[[0.00014308145595924828,-0.00029013884414275126,0.0001272195668361607],[0.001968097306960555,0.0006700725071844212,0.0007077708158894945],[-0.0021111787629198033,-0.0003799336630416699,-0.0008349903827256552]]
[[0.00014116974576895906,-0.0002863942743397087,0.00012546478911150462],[0.001896646263569848,0.0006568589335657361,0.000620894900653593],[-0.002037816009338807,-0.0003704646592260274,-0.0007463596897650976]]
[[0.00013929629018533913,-0.00028272201388269437,0.00012374611339944632],[0.0018346620911550294,0.0006455491453966208,0.0005446212376589611],[-0.0019739583813403686,-0.00036282713151392646,-0.0006683673510584074]]
[[0.00013746007012642824,-0.00027912021467127945,0.00012206255499361291],[0.0017809458773956801,0.0006360251836767621,0.0004769226584776585],[-0.0019184059475221083,-0.0003569049690054827,-0.0005989852134712714]]
[[0.00013566010004946403,-0.00027558708653440046,0.00012041316265731211],[0.0017345229618157972,0.000628183279127972,0.0004161949497903533],[-0.0018701830618652613,-0.0003525961925935715,-0.0005366081124476654]]
[[0.0001338954266954416,-0.00027212089515960154,0.00011879701725134293],[0.0016945990417502963,0.0006219355535343889,0.000361149134591809],[-0.001828494468445738,-0.00034981465837478735,-0.00047994615184315196]]
[[0.00013216512787388306,-0.0002687199600945259,0.00011721323042963707],[0.001660526515557456,0.0006172104880380486,0.00031073353080451503],[-0.001792691643431339,-0.00034849052794352274,-0.0004279467612341521]]
[[0.00013046831128978435,-0.0002653826528199964,0.0001156609433984739],[0.0016317785896467346,0.000613952825706886,0.0002640763365431803],[-0.001762246900936519,-0.0003485701728868895,-0.00037973727994165417]]
[[0.00012880411341356158,-0.0002621073948935353,0.00011413932573539622],[0.0016079293264243627,0.0006121232861824878,0.00022044255881783576],[-0.0017367334398379244,-0.0003500158912889525,-0.00033458188455323196]]
[[0.00012717169839403413,-0.0002588926561618186,0.00011264757426428691],[0.0015886382911200452,0.0006116983104231936,0.00017920106820224497],[-0.0017158099895140794,-0.00035280565426137504,-0.0002918486424665319]]
[[0.00012557025701393886,-0.00025573695304030255,0.00011118491198335432],[0.0015736388106384568,0.0006126699663693692,0.00013979884230070833],[-0.0016992090676523955,-0.00035693301332906667,-0.00025098375428406265]]
[[0.0001239990056871007,-0.000252638846858075,0.00010975058704302691],[0.0015627291215619477,0.0006150461008523094,0.00010174030500331595],[-0.0016867281272490485,-0.0003624072539942344,-0.00021149089204634288]]
[[0.00012245718549613754,-0.00024959694226587073,0.00010834387177098349],[0.0015557658831245739,0.0006188508023655539,0.00006457022847793762],[-0.0016782230686207113,-0.0003692538600996831,-0.00017291410024892112]]
[[0.00012094406126941494,-0.0002466098857051032,0.00010696406174174274],[0.0015526596835626428,0.0006241252342769121,0.000027859034414867588],[-0.0016736037448320576,-0.000377515348571809,-0.00013482309615661032]]
[[0.00011945892069586683,-0.00024367636393573332,0.00010561047488841897],[0.0015533722889653954,0.0006309289039703992,-8.810431686883218e-6],[-0.0016728312096612622,-0.00038725254003466584,-0.00009680004320153575]]
[[0.00011800107347624081,-0.00024079510262077215,0.00010428245065441137],[0.0015579154833803071,0.0006393414482519206,-0.00004585543906807836],[-0.0016759165568565478,-0.00039854634563114843,-0.00005842701158633302]]
[[0.00011656985050930413,-0.00023796486496521982,0.00010297934918294585],[0.0015663514359448034,0.0006494650389336019,-0.00008370594551270291],[-0.0016829212864541076,-0.0004115001739683821,-0.000019273403670242947]]
[[0.00011516460311153964,-0.0002351844504072525,0.00010170055054252214],[0.0015787946122918857,0.0006614275460913926,-0.00012281793345019865],[-0.0016939592154034252,-0.0004262430956841401,0.000021117382907676508]]
[[0.0001137847022688771,-0.00023245269335949334,0.000100445453986448],[0.0015954153298142146,0.0006753866427768814,-0.0001636883088545353],[-0.0017092000320830917,-0.000442933949417388,0.0000632428548680873]]
[[0.0001124295379190247,-0.00022976846199822235,0.00009921347724475801],[0.0016164451459319722,0.0006915350983922812,-0.00020687231618126656],[-0.001728874683850997,-0.0004617666363940588,0.00010765883893650855]]
[[0.00011109851826299636,-0.00022713065709840295,0.00009800405584692544],[0.0016421843721942935,0.0007101075952742894,-0.00025300467685825627],[-0.0017532828904572898,-0.00048297693817588635,0.00015500062101133087]]
[[0.00010979106910446143,-0.00022453821091241344,0.0000968166424738793],[0.0016730121328427893,0.0007313895244152149,-0.0003028260532211358],[-0.0017828032019472507,-0.0005068513135028014,0.00020600941074725646]]
[[0.00010850663321557773,-0.00022199008609037222,0.00009565070633793826],[0.0017093995439576382,0.0007557283868678196,-0.0003572170374136837],[-0.001817906177173216,-0.0005337383007774474,0.00026156633107574546]]
[[0.00010724466972800286,-0.00021948527463992674,0.00009450573258936977],[0.0017519267899584257,0.0007835486701736202,-0.0004172427677496913],[-0.0018591714596864286,-0.0005640633955336934,0.00032273703516032156]]
[[0.00010600465354781025,-0.00021702279692332283,0.00009338122174837652],[0.0018013051310781152,0.0008153714191527975,-0.0004842126492763751],[-0.0019073097846259255,-0.0005983486222294747,0.0003908314275279986]]
[[0.00010478607479306876,-0.00021460170068948026,0.00009227668916140902],[0.0018584052010830207,0.0008518402317588426,-0.0005597617742141518],[-0.0019631912758760897,-0.0006372385310693622,0.00046748508505274275]]
[[0.00010358843825287576,-0.0002122210601386426,0.00009119166448080052],[0.0019242933549431331,0.0008937561682594349,-0.0006459639606771838],[-0.002027881793196009,-0.0006815351081207923,0.0005547722961963833]]
[[0.00010241126286666702,-0.00020987997501691695,0.0000901256911668251],[0.0020002782840702563,0.0009421252002875673,-0.0007454916426506918],[-0.0021026895469369233,-0.0007322452252706503,0.0006553659514838667]]
[[0.00010125408122267414,-0.0002075775697376355,0.00008907832601139604],[0.0020879705496241537,0.0009982235610910526,-0.0008618465372400787],[-0.002189224630846828,-0.0007906459913534172,0.0007727682112286826]]
[[0.00010011643907446911,-0.00020531299252586364,0.00008804913868275099],[0.002189357840415548,0.0010636890385935722,-0.0009996995945270022],[-0.0022894742794900176,-0.0008583760460677085,0.0009116504558442513]]
[[0.00009899789487466807,-0.0002030854145814577,0.00008703771129062606],[0.002306897960733685,0.0011406504444750128,-0.0011654038760928343],[-0.0024058958556083527,-0.0009375650298935551,0.0010783661648022082]]
[[0.00009789801932511786,-0.0002008940292546249,0.00008604363797160175],[0.002443628029017705,0.0012319141033012187,-0.0013677887221623666],[-0.002541526048342823,-0.0010310200740465936,0.0012817450841907648]]
[[0.00009681639494339953,-0.00019873805122564285,0.00008506652449451988],[0.0026032775558498763,0.001341236636470942,-0.0016194258786463372],[-0.002700093950793276,-0.0011424985852452989,0.0015343593541518174]]
[[0.00009575261564653657,-0.00019661671567669373,0.00008410598788610648],[0.00279034296475536,0.0014737294815122548,-0.001938715714410278],[-0.0028860955804018967,-0.001277112765835561,0.0018546097265241717]]
[[0.00009470628635500352,-0.00019452927743762862,0.00008316165607712581],[0.003009999091529366,0.0016364640592636415,-0.002353456090748911],[-0.0031047053778843693,-0.001441934781826013,0.002270294434671785]]
[[0.0000936770226249049,-0.00019247501007705467,0.00008223316756932246],[0.003267496288686411,0.001839373527944728,-0.0029072151278884705],[-0.003361173311311316,-0.0016468985178676732,0.002824981960319148]]
[[0.00009266445032685047,-0.0001904532048918963,0.00008132017112237246],[0.0035660385473076403,0.002096545594562993,-0.0036712837690058182],[-0.003658702997634491,-0.0019060923896710967,0.003589963597883446]]
[[0.00009166820541496984,-0.00018846316971584843,0.00008042232545586401],[0.0039001395672716285,0.002427807570725789,-0.004768382966306997],[-0.003991807772686599,-0.0022393444010099404,0.004687960640851133]]
[[0.00009068793389117217,-0.00018650422740749145,0.0000795392989467183],[0.004234819424295525,0.0028593430692055223,-0.0064226864083836615],[-0.004325507358186697,-0.002672838841798031,0.0063431471094369425]]
[[0.00008972329223346359,-0.00018457571377300847,0.00007867076925205705],[0.004436588368319022,0.00341609669694546,-0.009072073553843023],[-0.004526311660552485,-0.0032315209831724513,0.008993402784590966]]
[[0.00008877394902881042,-0.00018267697452592453,0.0000778164226034851],[0.004020673341712127,0.00406684892907596,-0.013628276502429619],[-0.004109447290740938,-0.0038841719545500354,0.013550460079826134]]
[[0.00008783959002563407,-0.00018080736096362916,0.0000769759517788546],[0.0011070347210196663,0.0043958540874118645,-0.0219858927309901],[-0.0011948743110453003,-0.004215046726448235,0.021908916779211248]]
[[0.0000869199334947457,-0.00017896622706955375,0.00007614904845673898],[-0.011989103629849963,0.0016705050166272942,-0.03613431504644343],[0.011902183696355217,-0.0014915387895577403,0.036058165997986696]]
[[0.00008601477016932692,-0.00017715295827441013,0.0000753353718719281],[-0.0516127097209823,-0.014568089264172943,-0.034422632284012614],[0.051526694950812975,0.014745242222447353,0.03434729691214068]]
[[0.0000851239285837797,-0.00017536715972130522,0.00007453449008980285],[-0.05138886644496428,-0.025008704029739887,0.024231395969161577],[0.05130374251638049,0.025184071189461192,-0.02430593045925138]]
[[0.00008424689515201414,-0.00017360851440943135,0.0000737461045022209],[-0.01368058883596554,-0.011230729582014244,0.03193559309496398],[0.013596341940813527,0.011404338096423675,-0.0320093391994662]]
[[0.00008338323027196739,-0.00017187635455594456,0.00007297009750414639],[-0.0006565458442780799,-0.0040773234396651445,0.02125865925730801],[0.0005731626140061124,0.0042491997942210894,-0.021331629354812157]]
[[0.0000825326858476783,-0.00017017005641160816,0.00007220627877080655],[0.0026985027850769338,-0.0014313292318594163,0.014034166523261246],[-0.002781035470924612,0.0016014992882710246,-0.014106372802032053]]
[[0.00008169503758940424,-0.00016848907455144165,0.00007145441616246218],[0.00346939433091055,-0.00036368239872704746,0.00981375263829961],[-0.003551089368499954,0.0005321714732784891,-0.009885207054462072]]
[[0.00008087005625807822,-0.00016683290168653444,0.00007071426826314729],[0.003509401427329455,0.00011413264496453444,0.007241832550778807],[-0.003590271483587533,0.000052700256722000016,-0.0073125468190419545]]
[[0.00008005750860295251,-0.00016520105179570885,0.0000699855946951948],[0.0033390051841745965,0.0003442600724333481,0.0055783034749453215],[-0.0034190626927775494,-0.00017905902063763924,-0.005648289069640516]]
[[0.00007925716048702245,-0.00016359305381392566,0.00006926815935008834],[0.003119672516771356,0.0004597485549991063,0.0044437014963475754],[-0.003198929677258379,-0.0002961555011851807,-0.004512969655697664]]
[[0.00007846877910595078,-0.00016200844904331924,0.0000685617314383605],[0.0029039052833057105,0.0005181555233553965,0.003635016385197089],[-0.0029823740624116617,-0.0003561470743120773,-0.0037035781166354495]]
[[0.00007769213436379708,-0.00016044678994208924,0.00006786608579509387],[0.002707913002038706,0.0005466226979187835,0.0030373740232758706],[-0.0027856051364025035,-0.00038617590797669426,-0.0031052401090709645]]
[[0.0000769269997033123,-0.00015890763946411137,0.00006718100290575466],[0.0025351774882069553,0.000558852370417521,0.002582252747849549],[-0.002612104487910268,-0.00039994473095340957,-0.0026494337507553035]]
[[0.00007617315260061921,-0.00015739057063428368,0.00006650626881991686],[0.0023847384982552786,0.0005621441972569128,0.002226844730751817],[-0.0024609116508558975,-0.0004047536266226291,-0.002293350999571734]]
[[0.00007543037485196613,-0.00015589516623067037,0.00006584167501906496],[0.002254257615046945,0.0005605549583269269,0.0019433180228313135],[-0.002329687989898911,-0.00040465979209625656,-0.0020091596978503786]]
[[0.00007469845272899254,-0.00015442101851749428,0.0000651870182665609],[0.0021411674475865145,0.0005564148500749358,0.001712944620734194],[-0.002215865900315507,-0.0004019938315574414,-0.001778131639000755]]
[[0.00007397717704898662,-0.00015296772900363524,0.00006454210045233276],[0.002043084695201981,0.0005510965768148773,0.0015227417961768985],[-0.0021170618722509676,-0.000398128847811242,-0.0015872838966292312]]
[[0.0000732663431890995,-0.00015153490821483593,0.00006390672843808351],[0.001957933846077184,0.0005454240366267647,0.0013634728069167519],[-0.0020312001892662836,-0.00039388912841192885,-0.0014273795353548354]]
[[0.00007256575106304212,-0.00015012217547407148,0.00006328071390571967],[0.0018839585248620083,0.0005398982178501496,0.0012284141103941543],[-0.0019565242759250505,-0.00038977604237607817,-0.001291694824299874]]
[[0.00007187520507241361,-0.00014872915868751097,0.00006266387321021921],[0.0018196924534390883,0.0005348263244345268,0.001112571131526589],[-0.0018915676585115019,-0.00038609716574701584,-0.0011752350047368081]]
[[0.00007119451404080791,-0.00014735549413493306,0.00006205602723742993],[0.0017639193638298006,0.0005303977465059825,0.0010121653516896529],[-0.0018351138778706084,-0.0003830422523710494,-0.0010742213789270826]]
[[0.00007052349113627564,-0.0001460008262641543,0.00006145700126692641],[0.0017156334340779826,0.0005267298935081196,0.0009242904283503142],[-0.0017861569252142582,-0.0003807290672439653,-0.0009857474296172406]]
[[0.00006986195378602468,-0.00014466480748935232,0.000060866624839871524],[0.0016740043337501367,0.0005238964692245218,0.0008466764326290253],[-0.0017438662875361615,-0.0003792316617351695,-0.0009075430574688969]]
[[0.00006920972358610673,-0.00014334709799331363,0.00006028473163174058],[0.001638347853676743,0.0005219452791985765,0.0007775248945410523],[-0.0017075575772628497,-0.0003785981812052629,-0.0008378096261727929]]
[[0.00006856662620805398,-0.00014204736553368298,0.00005971115932972485],[0.0016081018693129528,0.0005209096790323926,0.0007153912112123916],[-0.001676668495521007,-0.0003788623134987095,-0.0007751023705421164]]
[[0.00006793249130389003,-0.00014076528525330432,0.000059145749514618356],[0.0015828069753550623,0.0005208161045942715,0.0006590993387021216],[-0.0016507394666589522,-0.0003800508193409672,-0.00071824508821674]]
[[0.00006730715241054816,-0.00013950053949472437,0.000058588347546988485],[0.001562091059604878,0.0005216891689470274,0.0006076788580465754],[-0.001629398212015426,-0.000382188629452303,-0.0006662672055935639]]
[[0.000066690446854456,-0.00013825281761891317,0.000058038802457437476],[0.0015456571484469097,0.0005235552504431071,0.0005603177714268955],[-0.0016123475953013656,-0.000385302432824194,-0.0006183565738843331]]
[[0.00006608221565683998,-0.00013702181582822816,0.0000574969668407699],[0.0015332739639970926,0.0005264451622285883,0.0005163264869767506],[-0.0015993561796539327,-0.0003894233464003601,-0.0005738234538175205]]
[[0.00006548230344015506,-0.00013580723699362787,0.00005696269675389101],[0.0015247687461590312,0.0005303962916974117,0.0004751098276225543],[-0.0015902510495991863,-0.0003945890547037839,-0.0005320725243764452]]
[[0.00006489055833593194,-0.0001346087904861185,0.00005643585161727122],[0.0015200219974477252,0.0005354544764035013,0.0004361448133377229],[-0.0015849125557836571,-0.0004008456859173828,-0.0004925806649549941]]
[[0.00006430683189425042,-0.00013342619201239938,0.000055916294119822055],[0.0015189639010505722,0.0005416758102588013,0.0003989625783811815],[-0.0015832707329448226,-0.00040824961824640195,-0.00045487887250100355]]
[[0.00006373097899498214,-0.00013225916345465578,0.000055403890127037824],[0.0015215722442986632,0.000549128532983548,0.0003631331956316384],[-0.0015853032232936454,-0.00041686936952889213,-0.0004185370857586762]]
[[0.00006316285776089736,-0.00013110743271443524,0.00005489850859226778],[0.0015278717535296092,0.0005578951366794171,0.00032825245175267326],[-0.0015910346112905066,-0.0004267877039649819,-0.00038315096034494106]]
[[0.00006260232947268952,-0.00012997073356052876,0.000054400021470990514],[0.001537934816062467,0.0005680748205987699,0.0002939297886499269],[-0.0016005371455351566,-0.0004381040870382411,-0.00034832981012091743]]
[[0.00006204925848594294,-0.0001288488054807706,0.0000539083036379719],[0.0015518836349920153,0.0005797864362333991,0.0002597767218244802],[-0.0016139328934779583,-0.00045093763075262856,-0.0003136850254624521]]
[[0.00006150351215004177,-0.00012774139353765625,0.000053423232807195126],[0.0015698939376246211,0.0005931720895286401,0.0002253950769101396],[-0.001631397449774663,-0.0004654306959909839,-0.00027881830971733475]]
[[0.00006096496072899914,-0.00012664824822767218,0.00005294468945445913],[0.0015922004443934372,0.0006084016070971554,0.00019036435506187811],[-0.0016531654051224363,-0.0004817533588694832,-0.00024330904451633724]]
[[0.000060433477324166035,-0.00012556912534421598,0.00005247255674254942],[0.0016191044092176334,0.0006256781326171242,0.00015422744059871411],[-0.0016795378865417994,-0.0005001090072729082,-0.00020669999734126355]]
[[0.00005990893779876544,-0.00012450378584397912,0.00005200672044889309],[0.0016509836739649908,0.0006452452046461465,0.00011647368539166406],[-0.0017108926117637563,-0.0005207414188021673,-0.00016848040584055714]]
[[0.00005939122070417957,-0.00012345199571664483,0.000051547068895617624],[0.0016883058518092182,0.0006673957880301739,0.00007651811610902282],[-0.0017476970725133977,-0.000543943792313529,-0.00012806518500464045]]
[[0.00005888020720790462,-0.00012241352585774231,0.00005109349288194216],[0.0017316454848259966,0.0006924839035320228,0.00003367506596472689],[-0.0017905256920339012,-0.0005700703776742805,-0.00008476855884666905]]
[[0.00005837578102306956,-0.00012138815194447053,0.00005064588561883948],[0.0017817063357270302,0.0007209397481685958,-0.000012876143933136934],[-0.0018400821167500999,-0.0005995515962241253,-0.00003776974168570255]]
[[0.000057877828339397225,-0.00012037565431427877,0.00005020414266591834],[0.0018393504090069698,0.0007532895590358995,-0.00006413688090456403],[-0.001897228237346367,-0.0006329139047216207,0.000013932738238645685]]
[[0.00005738623775546351,-0.0001193758178459478,0.000049768161870490104],[0.0019056359062891858,0.0007901820041004656,-0.00012135123382235327],[-0.0019630221440446495,-0.0006708061862545178,0.00007158307195186318]]
[[0.00005690090021208296,-0.00011838843184285738,0.00004933784330880098],[0.0019818671815100743,0.0008324236767838278,-0.00018609189455907218],[-0.002038768081722157,-0.0007140352449409703,0.00013675405125027122]]
[[0.00005642170892661478,-0.00011741328991804391,0.00004891308922943402],[0.0020696609845713664,0.000881027476353696,-0.0002603813553415047],[-0.0021260826934979813,-0.0007636141864356521,0.00021146826611207072]]
[[0.000055948559327939806,-0.00011645018988053126,0.00004849380399891704],[0.0021710350221945426,0.0009372795187597388,-0.00034686637072524963],[-0.002226983581522482,-0.0008208293288792075,0.00029837256672633257]]
[[0.000055481348991802714,-0.00011549893362223924,0.000048079894049614986],[0.00228852732584796,0.0010028331543438056,-0.00044907445659793296],[-0.002344008674839763,-0.0008873342207215665,0.000400994562548318]]
[[0.000055019977576144786,-0.00011455932700450851,0.000047671267830048746],[0.002425358327190144,0.0010798433727284373,-0.0005717997701089167],[-0.0024803783047662887,-0.0009652840457239288,0.000524128502278868]]
[[0.00005456434675596448,-0.00011363117974286515,0.000047267835757872095],[0.0025856520271291075,0.0011711625718793094,-0.0007216985546050775],[-0.002640216373885072,-0.0010575313921364444,0.0006744307188472053]]
[[0.00005411436015714386,-0.00011271430528799877,0.0000468695101758751],[0.0027747377721595847,0.001280631507598743,-0.0009082343920614543],[-0.0028288521323167285,-0.0011679172023107442,0.0008613648818855792]]
[[0.0000536699232885809,-0.00011180852069987326,0.0000464762053115887],[0.002999557444632259,0.0014135210310153583,-0.0011452275574830456],[-0.0030532273679208396,-0.001301712510315485,0.001098751352171457]]
[[0.00005323094347192366,-0.00011091364651013109,0.00004608783724138603],[0.0032691950717690676,0.0015772176341113926,-0.0014534887221562],[-0.003322426015240991,-0.0014663039876012616,0.001407400884914814]]
[[0.00005279732976835684,-0.00011002950656491656,0.00004570432386047352],[0.0035954955053016323,0.0017823098376108686,-0.0018654867594259479],[-0.0036482928350699893,-0.001672280331045952,0.0018197824355654744]]
[[0.00005236899290265729,-0.00010915592783481861,0.00004532558486093887],[0.003993539993326688,0.0020443372582654223,-0.002434029809021402],[-0.0040459089862293456,-0.0019351813304306035,0.002388704224160463]]
[[0.00005194584518725066,-0.00010829274016851731,0.00004495154172115872],[0.004481030037555134,0.0023866062450016872,-0.003249335212574045],[-0.004532975882742385,-0.0022783135048331698,0.0032043836708528866]]
[[0.00005152780045662396,-0.00010743977594705966,0.000044582117711252754],[0.005073025206407949,0.0028444969555761505,-0.004474818004343745],[-0.005124553006864573,-0.0027370571796290905,0.0044302358866324925]]
[[0.000051114774045557894,-0.00010659686955590862,0.00004421723791946719],[0.0057584056794639585,0.0034704670015160773,-0.006427699852576656],[-0.005809520453509517,-0.0033638701319601686,0.006383482614657189]]
[[0.00005070668291813746,-0.0001057638565097638,0.00004385682929518917],[0.006401443304088271,0.004329462535631062,-0.009773931399232137],[-0.006452149987006409,-0.004223698679121299,0.009730074569936948]]
[[0.00005030344630694491,-0.00010494057190671076,0.00004350082064173134],[0.006304467631474988,0.005410046276932983,-0.016012650344752213],[-0.006354771077781932,-0.005305105705026272,0.01596914952411048]]
[[0.0000499049881661707,-0.00010412684774989288,0.00004314914212588904],[0.0020782994873376854,0.0059232266331659495,-0.028339511864755536],[-0.002128204475503856,-0.005819099785416056,0.028296362722629646]]
[[0.000049511246237566227,-0.00010332251058384961,0.000042801721703970354],[-0.020949422948433365,-0.00008452849501737633,-0.0464473036732535],[0.020899911702195798,0.00018785100560122595,0.04640450195154953]]
[[0.00004912219530917428,-0.00010252740364486326,0.000042458466512925464],[-0.06289010419107524,-0.021981515966950794,-0.018382102496646312],[0.06284098199576606,0.022084043370595656,0.018339644030133384]]
[[0.00004873779098404384,-0.00010174147548971076,0.00004211925411451173],[-0.03551232855264431,-0.019192432118637717,0.02740586642148351],[0.035463590761660266,0.01929417359412743,-0.02744798567559802]]
[[0.000048357878043564605,-0.00010096462847234749,0.00004178403539004754],[-0.00980784044930444,-0.008373549146723802,0.024700553114335003],[0.009759482571260875,0.00847451377519615,-0.02474233714972505]]
[[0.00004798235922173316,-0.0001001966897597932,0.00004145278599083639],[-0.001480384741698985,-0.0036500066612759658,0.017033829972294273],[0.0014324023824772518,0.0037502033510357588,-0.017075282758285112]]
[[0.00004761117211343501,-0.00009943750249827475,0.000041125460506199576],[0.0011679108924763108,-0.0016806007747087533,0.011992072233815798],[-0.0012155220645897458,0.001780038277207028,-0.012033197694321996]]
[[0.00004724425905627031,-0.00009868692506366324,0.0000408020040365322],[0.0020478393748724222,-0.0007654733152150097,0.008863750919373406],[-0.0020950836339286927,0.000864160240278673,-0.008904552923409937]]
[[0.00004688156193037623,-0.00009794482403932199,0.000040482358735663594],[0.002315231808160351,-0.0002953261896823361,0.0068428535238835115],[-0.0023621133700907275,0.0003932710137216581,-0.006883335882619175]]
[[0.000046523021908737636,-0.0000972110709572506,0.000040166466200809844],[0.0023524143607948768,-0.000034277059001337653,0.005471421102282014],[-0.0023989373827036143,0.00013148812995858824,-0.005511587568482823]]
[[0.00004616857986641978,-0.00009648554087250551,0.00003985426839020321],[0.0023007275404365994,0.00011944734461962184,0.0044989586909531904],[-0.0023468961203030195,-0.000022961803747116333,-0.0045388129593433935]]
[[0.000045818176759458125,-0.00009576811169264562,0.00003954570800500638],[0.0022168844284949146,0.00021412683735716237,0.0037834792345274155],[-0.0022627026052543728,-0.00011835872566451677,-0.003823024942532422]]
[[0.00004547175389710309,-0.0000950586638314031,0.00003924072865627033],[0.0021248133543853454,0.0002745153116620902,0.003240648246584797],[-0.002170285108282448,-0.00017945664783068714,-0.003279888975241067]]
[[0.00004512925312690115,-0.00009435708001131732,0.00003893927493728108],[0.0020347614509435424,0.0003141328651684896,0.0028180821822604988],[-0.002079890704070444,-0.00021977578515717229,-0.00285702145719778]]
[[0.00004479061695873066,-0.00009366324513936085,0.00003864129245098071],[0.0019509590873748764,0.0003407569402391894,0.0024819192087688078],[-0.001995749704333607,-0.0002470936950998286,-0.0025205605012197886]]
[[0.00004445578864737759,-0.00009297704622041474,0.000038346727814760915],[0.001874906898221757,0.0003590583732823639,0.0022094935917413737],[-0.0019193626868691345,-0.00026608132706194913,-0.0022478403195561347]]
[[0.00004412471224689223,-0.00009229837229137141,0.000038055528653363565],[0.0018068589085253027,0.00037194592584313837,0.001985165895832676],[-0.001850983620772195,-0.0002796475535517669,-0.0020232214244860396]]
[[0.00004379733264549759,-0.00009162711436700128,0.00003776764358536489],[0.0017465164982051605,0.00038128823193423535,0.0017978546169894307],[-0.001790313830850658,-0.0002896611175672341,-0.0018356222605747955]]
[[0.00004347359558688643,-0.00009096316539282571,0.0000374830222061751],[0.0016933603144072195,0.0003883188655802384,0.0016395225354331425],[-0.001736833909994106,-0.0002973557001874127,-0.0016770055576393176]]
[[0.0000431534476818486,-0.00009030642020235608,0.00003720161506918673],[0.001646809871858598,0.00039387240708217626,0.0015042188008555545],[-0.0016899633195404467,-0.00030356598687982016,-0.0015414204159247412]]
[[0.00004283683641293375,-0.00008965677547718855,0.00003692337366601089],[0.001606298956738415,0.00039852665250322545,0.0013874554086496166],[-0.0016491357931513488,-0.0003088698770260369,-0.0014243787823156274]]
[[0.00004252371013403989,-0.00008901412970907113,0.00003664825040635506],[0.0015713092550797593,0.0004026908275674658,0.0012857909753700178],[-0.0016138329652137992,-0.00031367669785839464,-0.0013224392257763728]]
[[0.00004221401806627094,-0.00008837838316341624,0.000036376198597875496],[0.0015413832159360955,0.00040666176475560753,0.0011965465171553732],[-0.0015835972340023665,-0.00031828338159219126,-0.0012329227157532486]]
[[0.000041907710291031894,-0.00008774943784393765,0.00003610717242620563],[0.0015161267763875081,0.0004106605521048717,0.0011176073354516732],[-0.00155803448667854,-0.0003229111142609341,-0.0011537145078778788]]
[[0.00004160473774107151,-0.00008712719745821558,0.00003584112693528322],[0.0014952073966944146,0.0004148569956472253,0.0010472823031954413],[-0.001536812134435486,-0.00032772979818900975,-0.0010831234301307245]]
[[0.00004130505218999797,-0.00008651156738406666,0.00003557801800805016],[0.001478350213588122,0.00041938632340840243,0.0009842021678347509],[-0.00151965526577812,-0.0003328747560243358,-0.001019780185842801]]
[[0.00004100860624066213,-0.00008590245463664062,0.000035317802347567225],[0.0014653337527404436,0.00042436086919920885,0.0009272448409606635],[-0.0015063423589811058,-0.0003384584145625682,-0.0009625626433082308]]
[[0.00004071535331270703,-0.00008529976783619401,0.00003506043745856786],[0.001455985928630049,0.00042987847041223414,0.0008754796422309623],[-0.001496701281942756,-0.0003445787025760401,-0.0009105400796895301]]
[[0.000040425247629511555,-0.0000847034171765072,0.00003480588162946103],[0.0014501806900493119,0.0004360287047196929,0.0008281250317964307],[-0.0014906059376788236,-0.0003513252875431857,-0.0008629309134258917]]
[[0.00004013824420470295,-0.00008411331439392108,0.00003455409391478583],[0.0014478354824313407,0.0004428977143958227,0.000784516042545483],[-0.0014879737266360437,-0.0003587844000019016,-0.0008190701364602688]]
[[0.00003985429882837377,-0.00008352937273697718,0.000034305034118115476],[0.0014489096104632192,0.0004505721320628477,0.0007440787360631405],[-0.001488763909291593,-0.0003670427593258705,-0.000778383770181256]]
[[0.000039573368053106976,-0.00008295150693664683,0.0000340586627754041],[0.0014534035520462204,0.00045914247463792836,0.0007063097528530359],[-0.0014929769200993275,-0.0003761909677012815,-0.00074036841562844]]
[[0.00003929540917988931,-0.00008237963317713711,0.000033814941138768634],[0.0014613592744868612,0.00046870628172067575,0.0006707595314705752],[-0.0015006546836667505,-0.00038632664854353863,-0.0007045744726093438]]
[[0.00003902038024397475,-0.00008181366906726329,0.00003357383116069648],[0.0014728616242299867,0.0004793712220281734,0.000637018110247153],[-0.0015118820044739613,-0.0003975575529609101,-0.0006705919414078495]]
[[0.00003874824000074321,-0.00008125353361237442,0.000033335295478668854],[0.0014880408974097873,0.0004912583659780382,0.0006047026479622093],[-0.0015267891374105304,-0.00041000483236566375,-0.0006380379434408781]]
[[0.00003847894791158841,-0.00008069914718682106,0.00003309929740019009],[0.001507076749012218,0.0005045058183618575,0.0005734459361315498],[-0.0015455556969238063,-0.0004238066711750364,-0.0006065452335317398]]
[[0.00003821246412985751,-0.00008015043150695066,0.00003286580088821304],[0.0015302036654847731,0.000519272919969613,0.0005428852426010792],[-0.0015684161296146307,-0.00043912248846266237,-0.0005757510434892922]]
[[0.00003794874948685572,-0.00007960730960461476,0.00003263477054695104],[0.0015577183138224535,0.0005357452615772656,0.000512650831119597],[-0.0015956670633093092,-0.00045613795197265084,-0.000545285601666548]]
[[0.00003768776547792118,-0.00007906970580117106,0.00003240617160806836],[0.0015899891970884508,0.0005541408111972458,0.0004823534430992408],[-0.001627676962566372,-0.00047507110539607477,-0.0005147596147073092]]
[[0.00003742947424856647,-0.00007853754568195834,0.000032179969917241206],[0.0016274692034293184,0.0005747175424165996,0.0004515698952352202],[-0.0016648986776778849,-0.0004961799967346412,-0.0004837498651524614]]
[[0.00003717383858067533,-0.00007801075607121972,0.000031956131921083314],[0.0016707118497869395,0.0005977830787838264,0.0004198257177930107],[-0.0017078856883676148,-0.0005197723227126068,-0.000451781849714094]]
[[0.0000369208218787342,-0.00007748926500744359,0.000031734624654431985],[0.0017203923175823283,0.0006237070535355382,0.0003865733942834509],[-0.0017573131394610626,-0.0005462177885280947,-0.00041830801893788294]]
[[0.000036670388156067766,-0.00007697300171908486,0.000031515415727992517],[0.001777334792644849,0.0006529371519443575,0.00035116419930318664],[-0.0018140051808009168,-0.0005759641502252726,-0.0003826796150311791]]
[[0.00003642250202103588,-0.0000764618966006182,0.00003129847331634239],[0.0018425482111597777,0.0006860201966414461,0.00031281076115653874],[-0.0018789707131808137,-0.000609558300040828,-0.0003441092344728811]]
[[0.00003617712866313469,-0.00007595588118886264,0.00003108376614630142],[0.0019172733618490856,0.0007236302200014321,0.0002705361231482208],[-0.00195345049051222,-0.0006476743388125695,-0.0003016198892945222]]
[[0.00003593423383892489,-0.00007545488813949511,0.00003087126348567939],[0.0020030455317547892,0.0007666063475198213,0.00022310294515288055],[-0.0020389797655937145,-0.0006911514593803262,-0.00025397420863855995]]
