[[0.18292375308918857,-0.426493083504383,-0.08331505379997133],[-0.21008638296784943,0.3520210698480883,0.28468834560566747],[0.027162629878660874,0.0744720136562947,-0.20137329180569613]]
[[0.16852571948948905,-0.3880923994578378,-0.05700405254558784],[-0.17595237917123444,0.31849006569004146,0.26514731227427274],[0.0074266596817453845,0.06960233376779633,-0.2081432597286849]]
[[0.1617341581496086,-0.36051069471371305,-0.04088123456871985],[-0.1480218765912856,0.29806807685986586,0.25425174005298024],[-0.013712281558322987,0.06244261785384722,-0.2133705054842604]]
[[0.15938209861177333,-0.34015246842806635,-0.031416849014763826],[-0.12319758402689342,0.2869769846650511,0.24802334451027538],[-0.03618451458487991,0.053175483763015244,-0.21660649549551156]]
[[0.15964644930834165,-0.3250704381763806,-0.02653092227726979],[-0.09980921856751654,0.28296238764870374,0.24377927831197282],[-0.0598372307408251,0.04210805052767683,-0.21724835603470305]]
[[0.16144871423165158,-0.314236545282961,-0.02488987470846811],[-0.07710936199377544,0.2845394970115708,0.23948354595913485],[-0.08433935223787613,0.029697048271390282,-0.21459367125066675]]
[[0.164168809951359,-0.30718622524392303,-0.025578591896264498],[-0.055067440258021676,0.2906287737934623,0.23353738188651615],[-0.10910136969333731,0.016557451450460753,-0.20795878999025166]]
[[0.16749789659132003,-0.3038428563329065,-0.02793649611627519],[-0.034248607121838026,0.3004074048684481,0.2247891956507651],[-0.133249289469482,0.0034354514644583944,-0.19685269953448992]]
[[0.1713594541428336,-0.30444488451174506,-0.03147078377004205],[-0.01567007023729723,0.31331169079243326,0.21263534136645604],[-0.15568938390553638,-0.008866806280688186,-0.18116455759641398]]
[[0.1758691214084735,-0.3095489544482699,-0.03580659065810031],[-0.0005969321374550141,0.32915707340875594,0.1971007580581976],[-0.1752721892710185,-0.01960811896048604,-0.16129416740009728]]
[[0.1813238785295975,-0.3201128422358146,-0.04065219979171359],[0.009692365575819775,0.3483484117697453,0.1788094156234413],[-0.1910162441054173,-0.028235569533930693,-0.13815721583172771]]
[[0.18822487863964893,-0.3376935170407669,-0.04576344556683981],[0.014087734172705327,0.3721711476010978,0.15880670124731688],[-0.20231261281235424,-0.03447763056033092,-0.11304325568047706]]
[[0.19735407767385058,-0.3648510466763165,-0.05088835673059784],[0.01167789278151335,0.4032201433521549,0.13826059958155365],[-0.20903197045536392,-0.03836909667583838,-0.08737224285095581]]
[[0.20995465728511187,-0.405977887592691,-0.05565343332473536],[0.0015465117239148174,0.4461823460638612,0.11809353008413023],[-0.21150116900902668,-0.040204458471170226,-0.06244009675939487]]
[[0.22814011664031192,-0.4691223983816045,-0.05928361229743811],[-0.01776523505052302,0.5095688168803247,0.09852037286608034],[-0.2103748815897889,-0.04044641849872027,-0.03923676056864224]]
[[0.25588023817251876,-0.5704683344144961,-0.05979079596754807],[-0.04941821464891036,0.6100963032009887,0.07816463968199214],[-0.20646202352360837,-0.03962796878649277,-0.018373843714444067]]
[[0.3017014592453326,-0.7472354803665091,-0.05112614722776336],[-0.10113920814492201,0.785513786928399,0.051235598256650215],[-0.2005622511004106,-0.03827830656188987,-0.00010945102888685644]]
[[0.38773804493761554,-1.1047676043185592,-0.01005765060177532],[-0.1944013661853476,1.1416541600182184,-0.005510008864304558],[-0.1933366787522679,-0.03688655569965918,0.015567659466079877]]
[[0.5913669173257767,-2.0724797864490663,0.2004878111748155],[-0.40617840694408924,2.1083853248746878,-0.22931708660317385],[-0.18518851038168743,-0.03590553842562152,0.028829275428358316]]
[[1.2821450262847047,-7.716823900054752,3.090157196928094],[-1.1061674121724427,7.7526137070952075,-3.130032601516168],[-0.17597761411226204,-0.03578980704045521,0.039875404588073725]]
[[-1.57761932474711,5.438451314118361,0.48416810602851046],[1.7394993164780392,-5.402456685546728,-0.5323694131556782],[-0.1618799917309292,-0.03599462857163302,0.0482013071271678]]
[[-0.25015729978303874,1.2650664677908372,-0.13543248090889357],[0.3945303547050874,-1.23175231642906,0.08254928011647233],[-0.14437305492204866,-0.03331415136177715,0.05288320079242123]]
[[-0.085731602634753,0.6035703210415919,-0.11028836819247947],[0.21377212129389947,-0.5743577508630106,0.05514793233888021],[-0.12804051865914645,-0.029212570178581428,0.05514043585359926]]
[[-0.03751137289433511,0.369141551853307,-0.085685954184968],[0.15113771659993996,-0.3446102074053557,0.02989304164525953],[-0.11362634370560484,-0.02453134444795128,0.05579291253970847]]
[[-0.0187005107016994,0.2557920012077854,-0.0689968432336421],[0.11986709410333837,-0.23600865621063552,0.013565280455356175],[-0.10116658340163898,-0.019783344997149864,0.05543156277828591]]
[[-0.01031264033791758,0.190898299129243,-0.05727823634042854],[0.10077389946904111,-0.17563969486785638,0.0028228192304132274],[-0.09046125913112352,-0.01525860426138662,0.054455417110015315]]
[[-0.00629655568506389,0.14956642978585183,-0.04861835993579719],[0.08754791006122245,-0.13846429898649684,-0.0045041774910543585],[-0.08125135437615855,-0.011102130799354994,0.05312253742685155]]
[[-0.0042989157017548005,0.12124742642890146,-0.04194845591558932],[0.07758760996487984,-0.11387661782559674,-0.009647119088059933],[-0.07328869426312504,-0.007370808603304725,0.05159557500364925]]
[[-0.0032883295288751255,0.10079367904878425,-0.03664869068571119],[0.06964759157261631,-0.09672243471879677,-0.0133267884792167],[-0.06635926204374118,-0.00407124432998748,0.04997547916492789]]
[[-0.0027766253849154654,0.08542398626302605,-0.03233769437120267],[0.06306346683015618,-0.08424067186328767,-0.015986571516537956],[-0.06028684144524071,-0.001183314399738386,0.04832426588774063]]
[[-0.002520604866991979,0.07351487957623488,-0.02876718541129175],[0.05744986015888094,-0.07484072762188868,-0.017912498833173866],[-0.05492925529188896,0.0013258480456537838,0.046679684244465613]]
[[-0.0023949600536892265,0.06405937072494482,-0.02576750224485478],[0.05256752309150126,-0.06755322578681476,-0.019296928360240547],[-0.050172563037812035,0.0034938550618699455,0.04506443060509533]]
[[-0.002333824572749924,0.05640161176106403,-0.023217985551161124],[0.0482591944195324,-0.06176028602801559,-0.02027388093183374],[-0.04592536984678248,0.005358674266951555,0.04349186648299486]]
[[-0.0023023271951473955,0.05009704180326511,-0.021029999728273692],[0.044416297131172615,-0.057053398910835426,-0.020939550247646564],[-0.04211396993602522,0.006956357107570322,0.041969549975920256]]
[[-0.0022821415102759106,0.04483415400278401,-0.01913670228363231],[0.040960591171031374,-0.05315413739540287,-0.0213647147825674],[-0.03867844966075547,0.00831998339261886,0.04050141706619971]]
[[-0.002263901025778429,0.04038849731164869,-0.017486595225784572],[0.03783355494945729,-0.04986778506715671,-0.02160253829660275],[-0.03556965392367886,0.009479287755508022,0.03908913352238732]]
[[-0.002243117828468582,0.03659446320133561,-0.016039295932565444],[0.03498997644270228,-0.047055118912853564,-0.021693641689446666],[-0.032746858614233695,0.010460655711517955,0.03773293762201211]]
[[-0.002217946429153592,0.03332734158060446,-0.014762666733564037],[0.03239394095252973,-0.04461465046317174,-0.021669502801820197],[-0.03017599452337614,0.011287308882567288,0.03643216953538424]]
[[-0.0021879441238715864,0.030491543964460112,-0.013630808502528626],[0.03001623608105757,-0.04247112054099554,-0.021554798499988346],[-0.02782829195718598,0.011979576576535431,0.03518560700251697]]
[[-0.002153380276856907,0.028012659573371883,-0.012622622513605401],[0.0278326228291834,-0.040567855865683886,-0.021369057982152044],[-0.02567924255232649,0.012555196292312006,0.033991680495757445]]
[[-0.0021148525164405895,0.025831966388438612,-0.011720757267074944],[0.025822651671583857,-0.038861578500759594,-0.021127855533183422],[-0.023707799155143268,0.01302961211232098,0.032848612800258366]]
[[-0.0020730762915831336,0.023902556981502593,-0.010910822923624601],[0.02396883064372909,-0.03731881216150136,-0.020843687803753116],[-0.021895754352145958,0.013416255179998768,0.03175451072737772]]
[[-0.0020287728604267965,0.02218655189998761,-0.010180795981336014],[0.022256026322617993,-0.035913351055056546,-0.020526630177346867],[-0.020227253462191196,0.013726799155068935,0.030707426158682882]]
[[-0.0019826131280498904,0.02065306116208471,-0.009520561858525836],[0.020671022374381523,-0.03462444956822173,-0.020184835310778484],[-0.018688409246331632,0.013971388406137018,0.029705397169304322]]
[[-0.0019351929085769158,0.019276670216247935,-0.00892155915846965],[0.019202186983885886,-0.03343550954853499,-0.019824916848610746],[-0.017266994075308968,0.014158839332287055,0.028746476007080395]]
[[-0.0018870255269065146,0.018036299917908657,-0.00837650003331323],[0.017839217064320963,-0.03233311645923659,-0.019452248210870354],[-0.015952191537414447,0.014296816541327934,0.027828748244183583]]
[[-0.0018385436312692335,0.016914337394657992,-0.007879148255046412],[0.016572937680710893,-0.03130632359961586,-0.019071197630406864],[-0.01473439404944166,0.014391986204957867,0.026950345885453274]]
[[-0.0017901055479663116,0.015895965887890665,-0.007424141560843603],[0.015395141941475107,-0.030346114973933587,-0.01868531469522719],[-0.013605036393508794,0.014450149086042922,0.026109456256070793]]
[[-0.001742003530851154,0.014968642638588044,-0.0070068483238389725],[0.01429846110346183,-0.029444998320358365,-0.01829747955884313],[-0.012556457572610676,0.014476355681770317,0.025304327882682102]]
[[-0.0016944724410772989,0.014121688225797478,-0.00662325108794412],[0.013276257641129358,-0.02859669398615363,-0.017910023105050604],[-0.011581785200052059,0.014475005760356152,0.024533274192994725]]
[[-0.0016476980833338923,0.013345960722928433,-0.006269851307725128],[0.012322536071952547,-0.027795895075627096,-0.017524824299247163],[-0.010674837988618653,0.014449934352698666,0.023794675606972293]]
[[-0.0016018248247944514,0.012633595049273184,-0.005943590957636998],[0.011431867736901996,-0.02703808107952124,-0.017143389469528172],[-0.009830042912107545,0.014404486030248055,0.02308698042716517]]
[[-0.0015569623508809966,0.011977792898482897,-0.005641787658031857],[0.010599326717864371,-0.02631937197465661,-0.01676691716684556],[-0.009042364366983373,0.014341579076173713,0.022408704824877418]]
[[-0.0015131915379656157,0.01137265224096504,-0.005362080703651701],[0.009820434770209692,-0.025636413189608985,-0.016396351439447555],[-0.008307243232244077,0.014263760948643945,0.021758432143099256]]
[[-0.0014705694891785203,0.01081302803865679,-0.005102385940210066],[0.00909111364865621,-0.024986284285674773,-0.016032425743887302],[-0.0076205441594776905,0.014173256247017981,0.02113481168409737]]
[[-0.001429133810610161,0.010294417761084512,-0.004860857863087679],[0.008407643568362756,-0.024366425986182175,-0.015675699248395465],[-0.006978509757752595,0.014072008225097667,0.020536557111483143]]
[[-0.0013889062163701033,0.009812866746032073,-0.004635857642697557],[0.007766626811437425,-0.02377458149568989,-0.015326586925841552],[-0.006377720595067322,0.013961714749657819,0.019962444568539107]]
[[-0.0013498955511381694,0.009364889542657719,-0.004425926038028399],[0.007164955689527121,-0.023208749018403602,-0.014985384555387976],[-0.005815060138388952,0.013843859475745884,0.019411310593416376]]
[[-0.0013121003133106234,0.00894740420567975,-0.004229760361043631],[0.006599784224973792,-0.022667143106489984,-0.014652289534431925],[-0.005287683911663169,0.013719738900810236,0.018882049895475556]]
[[-0.0012755107537021854,0.00855767714494672,-0.004046194813146643],[0.006068503029519454,-0.022148163010534683,-0.014327418231037168],[-0.004792992275817268,0.013590485865587965,0.018373613044183813]]
[[-0.0012401106157819031,0.00819327662482523,-0.003874183640626012],[0.005568716950093706,-0.021650366613753764,-0.014010820471074393],[-0.004328606334311803,0.013457089988928533,0.017885004111700405]]
[[-0.0012058785745690586,0.007852033388421137,-0.003712786656242936],[0.0050982251224927,-0.021172448842988,-0.013702491645723102],[-0.0038923465479236414,0.013320415454566862,0.01741527830196604]]
[[-0.0011727894230915753,0.007532007179172842,-0.003561156754506122],[0.004655003130543456,-0.02071322368785744,-0.013402382837817379],[-0.0034822137074518806,0.013181216508684599,0.0169635395923235]]
[[-0.0011408150479333995,0.007231458166430288,-0.0034185291129645206],[0.004237187014112351,-0.020271609142925605,-0.013110409295161673],[-0.003096371966178951,0.013040150976495319,0.016528938408126193]]
[[-0.0011099252289299129,0.006948822466902577,-0.0032842118243160733],[0.003843058906601976,-0.0198466145297249,-0.012826457521888024],[-0.0027331336776720634,0.012897792062822325,0.016110669346204098]]
[[-0.0010800882924861099,0.006682691101337646,-0.0031575777468188246],[0.003471034113266252,-0.01943732976597509,-0.012550391212457657],[-0.002390945820780142,0.012754638664637443,0.01570796895927648]]
[[-0.0010512716432216627,0.006431791843834375,-0.0030380573953743685],[0.003119649467163519,-0.01904291623571039,-0.012282056214912115],[-0.0020683778239418567,0.012611124391876014,0.015320113610286483]]
[[-0.0010234421946025809,0.006194973516148449,-0.002925132724278713],[0.002787552820922375,-0.018662598981897947,-0.012021284678795444],[-0.0017641106263197944,0.0124676254657495,0.014946417403074157]]
[[-0.000996566715808953,0.005971192356125041,-0.0028183316762185875],[0.002473493550523799,-0.018295659996695312,-0.011767898517491115],[-0.001476926834714846,0.01232446764057027,0.014586230193709701]]
[[-0.0009706121092242655,0.005759500151749868,-0.002717223391594311],[0.0021763139626298994,-0.01794143242695993,-0.011521712293507829],[-0.0012057018534056337,0.01218193227521006,0.014238935685102141]]
[[-0.000945545630533205,0.005559033883187969,-0.0026214139884380744],[0.0018949415101000625,-0.017599295546433802,-0.011282535617679758],[-0.0009493958795668575,0.012040261663245833,0.013903949606117834]]
[[-0.0009213350614101951,0.0053690066568685205,-0.0025305428366796264],[0.0016283817316122735,-0.017268670373058993,-0.011050175138655575],[-0.0007070466702020784,0.011899663716190473,0.013580717975335202]]
[[-0.0008979488431077019,0.005188699749973241,-0.0024442792617792573],[0.0013757118410547813,-0.016949015831579744,-0.01082443618690223],[-0.0004777629979470794,0.011760316081606503,0.013268715448681488]]
[[-0.0008753561778582061,0.005017455612016635,-0.00236231962219519],[0.0011360749008156744,-0.016639825379077555,-0.010605124127312564],[-0.0002607187229574683,0.011622369767060919,0.012967443749507753]]
[[-0.0008535271038410139,0.0048546716936946534,-0.002284384713097602],[0.0009086745204728423,-0.01634062402523589,-0.01039204546602869],[-0.000055147416631828395,0.011485952331541236,0.012676430179126293]]
[[-0.0008324325484964508,0.004699794992722666,-0.0022102174554434664],[0.0006927700288363799,-0.016050965690624565,-0.010185008749990638],[0.00013966251966007087,0.0113511706979019,0.012395226205434104]]
[[-0.0008120443641631034,0.004552317222702485,-0.0021395808351959097],[0.00048767207295291164,-0.015770430855662553,-0.009983825291757623],[0.0003243722912101917,0.011218113632960068,0.012123406126953533]]
[[-0.0007923353493416595,0.0044117705247293075,-0.002072256062281303],[0.0002927386026576097,-0.015498624460584318,-0.00978830974713646],[0.0004995967466840498,0.01108685393585501,0.011860565809417764]]
[[-0.0007732792583289464,0.004277723652939273,-0.0020080409229681507],[0.00010737120364740042,-0.015235174023029456,-0.009598280568929455],[0.000665908054681546,0.010957450370090183,0.011606321491897605]]
[[-0.0007548508014992151,0.004149778574884671,-0.0019467483028404965],[-0.00006898825407369012,-0.014979727945063467,-0.009413560356553293],[0.0008238390555729053,0.010829949370178796,0.01136030865939379]]
[[-0.0007370256381209112,0.0040275674358142,-0.0018882048605211176],[-0.00023686068209283873,-0.014731953985728203,-0.00923397611827302],[0.00097388632021375,0.010704386549914003,0.011122180978794137]]
[[-0.0007197803632730661,0.003910749842880866,-0.0018322498348557887],[-0.0003967325805006454,-0.014491537878781302,-0.009059359460251508],[0.0011165129437737116,0.010580788035900436,0.010891609295107296]]
[[-0.000703092490155263,0.0037990104312059375,-0.001778733970465581],[-0.0005490586097814548,-0.014258182078249772,-0.008889546714461688],[0.0012521510999367177,0.010459171647043837,0.010668280684927268]]
[[-0.0006869404288598511,0.0036920566787626502,-0.0017275185484645597],[-0.0006942639492379016,-0.01403160461690138,-0.008724379015683377],[0.0013812043780977528,0.01033954793813873,0.010451897564147937]]
[[-0.0006713034624872406,0.003589616941347684,-0.0016784745107714244],[-0.0008327464613597565,-0.013811538064815753,-0.008563702336257861],[0.001504049923846997,0.01022192112346807,0.010242176847029286]]
[[-0.0006561617213284825,0.003491438682596984,-0.0016314816678541073],[-0.0009648786796322114,-0.013597728576986035,-0.008407367485958439],[0.0016210404009606937,0.010106289894389052,0.010038849153812547]]
[[-0.0006414961557087708,0.0033972868771712074,-0.0015864279809685935],[-0.0010910096355678418,-0.013389935020358283,-0.008255230083217208],[0.0017325057912766127,0.009992648143187075,0.009841658064185802]]
[[-0.0006272885079766596,0.003306942567964337,-0.0015432089110143851],[-0.0012114665392160778,-0.013187928171966446,-0.008107150502997708],[0.0018387550471927374,0.009880985604002109,0.009650359414012094]]
[[-0.0006135212840331154,0.0032202015605436625,-0.0015017268270522484],[-0.0013265563260336543,-0.012991489980883938,-0.007962993805794082],[0.0019400776100667698,0.009771288420340274,0.00946472063284633]]
[[-0.0006001777247190306,0.0031368732400658076,-0.0014618904683345543],[-0.001436567081770949,-0.012800412887618774,-0.00782262965154816],[0.0020367448064899795,0.009663539647552967,0.009284520119882714]]
[[-0.0005872417773169845,0.0030567794976785988,-0.0014236144544011696],[-0.0015417693559268727,-0.012614499195355164,-0.0076859322016891345],[0.002129011133243857,0.009557719697676563,0.009109546656090305]]
[[-0.0005746980673708347,0.0029797537549517434,-0.0013868188384085604],[-0.0016424173733347717,-0.012433560488109473,-0.007552780012000099],[0.002217115440705606,0.00945380673315773,0.00893959885040866]]
[[-0.000562531870983366,0.0029056400762135235,-0.0013514286993984372],[-0.0017387501525517133,-0.012257417091441875,-0.007423055918589445],[0.0023012820235350792,0.009351777015228352,0.008774484617987882]]
[[-0.0005507290877162827,0.002834292359834199,-0.0013173737696851192],[-0.0018309925389224787,-0.012085897571859487,-0.007296646918881423],[0.0023817216266387616,0.009251605212025288,0.008614020688566542]]
[[-0.0005392762141871261,0.0027655736005133447,-0.0012845880939566087],[-0.0019193561594681831,-0.011918838271475964,-0.00717344404923035],[0.0024586323736553095,0.00915326467096262,0.008458032143186958]]
[[-0.0005281603184331359,0.002699355215517965,-0.0012530097170504995],[-0.002004040306099177,-0.011756082874864893,-0.007053342260498704],[0.002532200624532313,0.009056727659346928,0.008306351977549203]]
[[-0.0005173690150919162,0.002635516428598452,-0.0012225803976889057],[-0.00208523275306515,-0.011597482005369272,-0.006936240292714116],[0.002602601768157066,0.008961965576770821,0.008158820690403022]]
[[-0.0005068904414321837,0.0025739437059946043,-0.0011932453457419176],[-0.0021631105140257467,-0.01144289284841336,-0.006822040549728504],[0.0026700009554579303,0.008868949142418757,0.00801528589547042]]
[[-0.0004967132342543702,0.0025145302395468963,-0.0011649529808415975],[-0.0022378405436462505,-0.01129217879961206,-0.006710648974639163],[0.002734553777900621,0.008777648560065165,0.007875601955480762]]
[[-0.00048682650766986393,0.002457175472459528,-0.0011376547103922432],[-0.0023095803881901557,-0.01114520913569215,-0.006601974926592781],[0.00279640689586002,0.008688033663232623,0.007739629636985024]]
[[-0.0004772198317588046,0.002401784663730825,-0.001111304725221159],[-0.0023784787891885997,-0.01100185870643248,-0.006495931059475003],[0.0028556986209474044,0.008600074042701654,0.007607235784696163]]
[[-0.00046788321209926,0.002348268487681318,-0.0010858598112905805],[-0.0024446762439119117,-0.010862007646001206,-0.006392433202888164],[0.002912559456011172,0.008513739158319888,0.0074782930141787446]]
[[-0.00045880707015496917,0.0022965426653769644,-0.0010612791760483387],[-0.002508305526046903,-0.010725541102219228,-0.006291400245734438],[0.0029671125962018718,0.008428998436842264,0.007352679421782776]]
[[-0.00044998222450444664,0.002246527625070683,-0.0010375242881347046],[-0.002569492169691875,-0.010592348982413615,-0.006192754022649921],[0.0030194743941963217,0.008345821357342933,0.007230278310784625]]
[[-0.0004413998728908492,0.002198148189074561,-0.0010145587292876164],[-0.002628354919516522,-0.010462325714644508,-0.006096419203474258],[0.0030697547924073707,0.008264177525569948,0.007110977932761875]]
[[-0.0004330515750694613,0.002151333284732266,-0.0009923480573999157],[-0.0026850061496934397,-0.01033537002319608,-0.006002323185889205],[0.0031180577247629008,0.008184036738463815,0.006994671243289121]]
[[-0.00042492923642780463,0.0021060156773903063,-0.0009708596797819078],[-0.0027395522539893744,-0.010211384717317987,-0.005910395991316511],[0.003164481490417179,0.008105369039927682,0.006881255671098419]]
[[-0.0004170250923520991,0.002062131723471023,-0.0009500627357718],[-0.0027920940092054113,-0.010090276492289437,-0.005820570164129419],[0.0032091191015575105,0.008028144768818414,0.006770632899901219]]
[[-0.00040933169331299217,0.0020196211419326294,-0.0009299279879165909],[-0.002842726913974457,-0.009971955741955633,-0.005732780674202115],[0.0032520586072874494,0.007952334600023004,0.006662708662118706]]
[[-0.00040184189064304863,0.0019784268025647097,-0.0009104277210178048],[-0.0028915415047593702,-0.009856336381955735,-0.0056469648227964655],[0.0032933833954024187,0.007877909579391025,0.00655739254381427]]
[[-0.00039454882297837457,0.0019384945297136105,-0.0008915356484009943],[-0.0029386236507449336,-0.009743335682924473,-0.005563062151764888],[0.003333172473723308,0.007804841153210862,0.006454597800165883]]
[[-0.0003874459033368834,0.0018997729201630305,-0.0008732268248259953],[-0.0029840548291798176,-0.009632874113006451,-0.005481014356031356],[0.003371500732516701,0.00773310119284342,0.006354241180857351]]
[[-0.00038052680680604646,0.001862213174012589,-0.0008554775655071937],[-0.0030279123825995378,-0.009524875189073655,-0.005400765199298898],[0.003408439189405584,0.007662662015061066,0.006256242764806092]]
[[-0.00037378545881346017,0.0018257689375026822,-0.000838265370760211],[-0.003070269759247308,-0.0094192653360836,-0.005322260432921092],[0.003444055218060768,0.007593496398580918,0.006160525803681303]]
[[-0.0003672160239541732,0.0017903961568288738,-0.0008215688558339296],[-0.0031111967379051906,-0.009315973754058076,-0.005245447717866308],[0.003478412761859364,0.007525577597229202,0.006067016573700237]]
[[-0.0003608128953494264,0.001756052942074563,-0.0008053676855252375],[-0.0031507596382526594,-0.009214932292201324,-0.005170276549696905],[0.003511572533602086,0.007458879350126761,0.0059756442352221426]]
[[-0.00035457068451222654,0.0017226994404677416,-0.000789642513208591],[-0.0031890215177821776,-0.00911607532971171,-0.005096698186480496],[0.0035435922022944042,0.007393375889243969,0.0058863406996890865]]
[[-0.0003484842116960034,0.0016902977182372283,-0.0007743749239439762],[-0.0032260423562216482,-0.009019339662873641,-0.005024665579546772],[0.0035745265679176515,0.007329041944636412,0.0057990405034907475]]
[[-0.000342548496703453,0.0016588116504066012,-0.0007595473813553346],[-0.0032618792283402114,-0.008924664398045729,-0.004954133307000966],[0.0036044277250436648,0.007265852747639127,0.0057136806883562995]]
[[-0.000336758750133543,0.0016282068179209045,-0.0007451431779973752],[-0.003296586465946809,-0.008831990850188674,-0.004885057509903525],[0.003633345216080352,0.0072037840322677705,0.0056302006879009]]
[[-0.00033111036504553847,0.0015984504115526548,-0.0007311463889521561],[-0.0033302158098293066,-0.008741262446601027,-0.004817395831024938],[0.003661326174874845,0.0071428120350483714,0.005548542219977093]]
[[-0.00032559890901979165,0.0015695111420803202,-0.0007175418284181455],[-0.0033628165523255605,-0.008652424635554054,-0.004751107356084719],[0.003688415461345352,0.007082913493473735,0.005468649184502864]]
[[-0.00032022011659590374,0.0015413591562747294,-0.0007043150090738464],[-0.003394435671165788,-0.008565424799537917,-0.004686152557384097],[0.003714655787761692,0.007024065643263188,0.005390467566457943]]
[[-0.0003149698820697338,0.0015139659582672992,-0.0006914521040157342],[-0.0034251179551780804,-0.008480212172850818,-0.004622493239743116],[0.003740087837247814,0.006966246214583519,0.00531394534375885]]
[[-0.0003098442526315678,0.0014873043359088663,-0.0006789399110863233],[-0.0034549061224049427,-0.008396737763280695,-0.0045600924886541935],[0.0037647503750365104,0.0069094334273718284,0.005239032399740517]]
[[-0.0003048394218285778,0.0014613482917596632,-0.0006667658194228343],[-0.0034838409311384985,-0.008314954277645472,-0.004498914620565957],[0.0037886803529670766,0.006853605985885809,0.005165680439988792]]
[[-0.000299951723335501,0.0014360729783799034,-0.0006549177780703196],[-0.0035119612843449487,-0.008234816050973407,-0.004438925135213263],[0.0038119130076804497,0.006798743072593504,0.005093842913283583]]
[[-0.0002951776250182331,0.0014114546376167783,-0.000643384266515313],[-0.0035393043279145554,-0.00815627897911883,-0.004380090669911232],[0.0038344819529327885,0.006744824341502052,0.005023474936426545]]
[[-0.00029051372327577527,0.0013874705436077001,-0.0006321542670072345],[-0.003565905543142131,-0.00807930045462209,-0.00432237895573369],[0.0038564192664179062,0.006691829911014389,0.004954533222740924]]
[[-0.0002859567376466851,0.0013640989492415784,-0.0006212172385449989],[-0.00359179883381385,-0.008003839305634272,-0.004265758775498612],[0.0038777555714605352,0.006639740356392695,0.004886976014043611]]
[[-0.0002815035056668699,0.0013413190358399381,-0.000610563092415622],[-0.003617016608249525,-0.007929855737738817,-0.00421019992348575],[0.0038985201139163954,0.006588536701898879,0.004820763015901372]]
[[-0.00027715097796621505,0.0013191108658380415,-0.0006001821691801839],[-0.0036415898566247674,-0.007857311278512438,-0.00415567316681406],[0.003918740834590983,0.006538200412674396,0.004755855335994244]]
[[-0.0002728962135921672,0.0012974553382629167,-0.0005900652170103608],[-0.003665548223874637,-0.007786168724677513,-0.004102150208409105],[0.003938444437466804,0.006488713386414596,0.004692215425419466]]
[[-0.00026873637554899674,0.0012763341468205855,-0.000580203371285944],[-0.0036889200784593085,-0.007716392091707168,-0.004049603651493101],[0.003957656454008305,0.006440057944886582,0.004629807022779046]]
[[-0.00026466872654203256,0.0012557297404188453,-0.0005705881353703752],[-0.0037117325772529058,-0.007647946565752711,-0.003998006965532838],[0.003976401303794938,0.0063922168253338655,0.004568595100903213]]
[[-0.0002606906249167069,0.0012356252859648696,-0.0005612113624874037],[-0.003734011726798506,-0.007580798457770809,-0.0039473344535830785],[0.0039947023517152135,0.006345173171805939,0.004508545816070482]]
[[-0.00025679952078277454,0.0012160046332887627,-0.0005520652386275691],[-0.0037557824411557817,-0.007514915159735235,-0.003897561220965567],[0.004012581961938556,0.006298910526446472,0.004449626459593136]]
[[-0.0002529929523145541,0.0011968522820550729,-0.0005431422664183343],[-0.0037770685965522787,-0.007450265102824719,-0.003848663145226107],[0.004030061548866833,0.0062534128207696466,0.004391805411644441]]
[[-0.0002492685422185225,0.0011781533505342925,-0.0005344352498964509],[-0.0037978930830350477,-0.007386817717484852,-0.0038006168473145056],[0.00404716162525357,0.006208664366950559,0.004335052097210956]]
[[-0.00024562399436002687,0.0011598935461155804,-0.0005259372801254788],[-0.0038182778533061494,-0.00732454339526794,-0.003753399663934439],[0.004063901847666177,0.00616464984915236,0.004279336944059918]]
[[-0.000242057090541313,0.0011420591374504082,-0.0005176417216054151],[-0.0038382439689132555,-0.007263413452360189,-0.003706989621012541],[0.004080301059454569,0.00612135431490978,0.004224631342617956]]
[[-0.00023856568742346601,0.00112463692812466,-0.00050954219942509],[-0.0038578116439551943,-0.007203400094710855,-0.0036613654082380386],[0.004096377331378661,0.0060787631665861945,0.004170907607663129]]
[[-0.00023514771358524136,0.001107614231763892,-0.000501632587111411],[-0.0038770002864518113,-0.007144476384682859,-0.003616506354626454],[0.004112148000037053,0.006036862152918967,0.004118138941737865]]
[[-0.00023180116671212995,0.001090978848483124,-0.0004939069951327036],[-0.0038958285375175986,-0.007086616209148841,-0.0035723924050628042],[0.004127629704229728,0.005995637360665717,0.004066299400195508]]
[[-0.00022852411090933886,0.0010747190425986416,-0.00048635976001630874],[-0.003914314308469557,-0.00702979424896095,-0.0035290040977816383],[0.004142838419378896,0.005955075206362308,0.004015363857797947]]
[[-0.00022531467413269948,0.001058823521524962,-0.0004789854340433116],[-0.003932474815991242,-0.0069739859497266535,-0.0034863225427431655],[0.004157789490123941,0.005915162428201692,0.003965307976786477]]
[[-0.000222171045731821,0.0010432814157853515,-0.0004717787754857684],[-0.003950326615467129,-0.00691916749382655,-0.0034443294008664562],[0.0041724976611989505,0.005875886078041199,0.003916108176352224]]
[[-0.00021909147410009792,0.0010280822600691115,-0.00046473473935411554],[-0.003967885632594087,-0.006865315773613734,-0.003403006864082412],[0.004186977106694185,0.0058372335135446225,0.0038677416034365274]]
[[-0.00021607426442646056,0.0010132159752733374,-0.0004578484686245928],[-0.003985167193369983,-0.0068124083657375035,-0.0033623376361708707],[0.004201241457796444,0.005799192390464166,0.0038201861047954637]]
[[-0.00021311777654401532,0.000998672851471,-0.00045111528591849665],[-0.00400218605255312,-0.006760423506537385,-0.0033223049143477445],[0.004215303829097136,0.005761750655066384,0.003773420200266241]]
[[-0.00021022042287097256,0.0009844435317510323,-0.0004445306856069244],[-0.00401895642068028,-0.006709340068456197,-0.0032828923715696383],[0.004229176843551253,0.005724896536705164,0.0037274230571765626]]
[[-0.00020738066643949458,0.000970518996879683,-0.00043809032631638583],[-0.0040354919897257115,-0.006659137537423818,-0.003244084139524805],[0.004242872656165206,0.005688618540544135,0.0036821744658411906]]
[[-0.0002045970190083158,0.0009568905507356825,-0.00043179002381223797],[-0.004051805957478258,-0.006609795991165726,-0.003205864792280709],[0.004256402976486573,0.005652905440430043,0.003637654816092947]]
[[-0.00020186803925520235,0.0009435498064748473,-0.00042562574423838544],[-0.00406791105070903,-0.006561296078392846,-0.0031682193305597583],[0.004269779089964233,0.005617746271917999,0.003593845074798144]]
[[-0.00019919233104551416,0.0009304886733825916,-0.0004195935976930528],[-0.004083819547197652,-0.006513618998831556,-0.0031311331666160546],[0.0042830118782431655,0.005583130325448964,0.0035507267643091075]]
[[-0.00019656854177332216,0.0009176993443754549,-0.00041368983212171156],[-0.004099543296680902,-0.006466746484054803,-0.003094592109687225],[0.0042961118384542245,0.005549047139679348,0.0035082819418089366]]
[[-0.00019399536077171434,0.0009051742841152254,-0.00040791082750943905],[-0.004115093740783713,-0.006420660779077304,-0.0030585823519965172],[0.004309089101555428,0.005515486494962079,0.0034664931795059563]]
[[-0.0001914715177890893,0.0008929062177015133,-0.0004022530903560781],[-0.004130481931988897,-0.006375344624679716,-0.0030230904552814852],[0.0043219534497779865,0.005482438406978202,0.0034253435456375633]]
[[-0.00018899578152840123,0.0008808881199107678,-0.0003967132484186092],[-0.004145718551698566,-0.0063307812404284555,-0.002988103337826633],[0.004334714333226967,0.005449893120517688,0.003384816586245242]]
[[-0.00018656695824646746,0.000869113204951705,-0.00039128804570609456],[-0.00416081392743706,-0.006286954308359526,-0.002953608261978352],[0.004347380885683527,0.005417841103407822,0.003344896307684447]]
[[-0.00018418389041059723,0.0008575749167089705,-0.00038597433771345505],[-0.004175778049242291,-0.006243847957296304,-0.0029195928221215327],[0.0043599619396528875,0.005386273040587333,0.003305567159834988]]
[[-0.00018184545540993375,0.0008462669194485679,-0.00038076908688117043],[-0.004190620585289571,-0.0062014467477727875,-0.0028860449330980185],[0.004372466040699505,0.00535517982832422,0.003266814019979189]]
[[-0.0001795505643190324,0.0008351830889602042,-0.00037566935826877215],[-0.004205350896789468,-0.006159735657535107,-0.002852952819048084],[0.0043849014611085,0.005324552568574902,0.003228622177316856]]
[[-0.00017729816071131925,0.00082431750411319,-0.00037067231543072815],[-0.0042199780521988625,-0.006118700067595644,-0.002820305002656857],[0.004397276212910182,0.005294382563482454,0.003190977318087585]]
[[-0.00017508721952018974,0.000813664438803932,-0.0003657752164839882],[-0.004234510840781965,-0.00607832574881512,-0.0027880902947884064],[0.0044095980603021554,0.005264661310011188,0.0031538655112723947]]
[[-0.00017291674594561703,0.000803218354274363,-0.0003609754103571048],[-0.0042489577855561195,-0.0060385988489894404,-0.0027562977844910247],[0.004421874531501736,0.0052353804947150775,0.0031172731948481292]]
[[-0.00017078577440424577,0.0007929738917818797,-0.0003562703332114269],[-0.004263327155655114,-0.00599950588041907,-0.0027249168293578888],[0.00443411293005936,0.005206531988637191,0.0030811871625693156]]
[[-0.0001686933675210405,0.0007829258656024776,-0.0003516575050254233],[-0.004277626978140891,-0.005961033707939829,-0.002693937046228032],[0.0044463203456619315,0.005178107842337352,0.003045594551253455]]
[[-0.0001666386151606567,0.0007730692563498665,-0.00034713452633370993],[-0.004291865049292845,-0.005923169537395034,-0.0026633483022131792],[0.004458503664453501,0.005150100281045167,0.003010482828546889]]
[[-0.00016462063349678788,0.0007633992045943273,-0.00034269907511284023],[-0.004306048945402189,-0.005885900904529802,-0.002633140706036614],[0.0044706695788989765,0.005122501699935475,0.0029758397811494542]]
[[-0.000162638564117827,0.0007539110047660099,-0.0003383489038063742],[-0.00432018603309742,-0.005849215664289332,-0.0026033045996708562],[0.004482824597215248,0.005095304659523322,0.0029416535034772306]]
[[-0.00016069157316725945,0.0007446000993282507,-0.0003340818364821652],[-0.004334283479225414,-0.0058131019805037374,-0.0025738305502615317],[0.0044949750523926735,0.005068501881175486,0.0029079123867436973]]
[[-0.00015877885051728246,0.0007354620732073011,-0.00032989576611520575],[-0.0043483482603113585,-0.00577754831594288,-0.0025447093423252493],[0.004507127110828641,0.005042086242735579,0.002874605108440455]]
[[-0.0001568996089742137,0.0007264926484656283,-0.00032578865198974434],[-0.004362387171619457,-0.005742543422725416,-0.0025159319702099574],[0.004519286780593671,0.005016050774259788,0.0028417206221997013]]
[[-0.00015505308351432387,0.0007176876792066723,-0.0003217585172147411],[-0.004376406835835179,-0.005708076333066968,-0.002487489630806604],[0.0045314599193495035,0.004990388653860296,0.002809248148021345]]
[[-0.00015323853054878967,0.000709043146699611,-0.0003178034463470547],[-0.0043904137113886365,-0.005674136350353043,-0.002459373716501494],[0.004543652241937426,0.004965093203653432,0.0027771771628485485]]
[[-0.00015145522721652648,0.0007005551547133286,-0.0003139215831170669],[-0.004404414100437705,-0.005640713040522958,-0.0024315758083591162],[0.004555869327654232,0.004940157885809629,0.002745497391476183]]
[[-0.00014970247070371644,0.0006922199250493672,-0.000310111128251737],[-0.004418414156528481,-0.005607796223751697,-0.0024040876695256724],[0.004568116627232197,0.004915576298702329,0.0027141987977774094]]
[[-0.00014797957758890516,0.000684033793264207,-0.0003063703373903568],[-0.004432419891949731,-0.005575375966417153,-0.002376901238843933],[0.004580399469538636,0.004891342173152947,0.00268327157623429]]
[[-0.00014628588321259064,0.0006759932045717456,-0.00030269751908852834],[-0.00444643718479709,-0.0055434425733407525,-0.002350008624670395],[0.00459272306800968,0.004867449368769007,0.0026527061437589235]]
[[-0.00014462074107027842,0.0006680947099173295,-0.0002990910329061298],[-0.004460471785762084,-0.005511986580290125,-0.0023234020988861727],[0.004605092526832362,0.004843891870372796,0.0026224931317923024]]
[[-0.00014298352222802472,0.0006603349622151753,-0.0002955492875752638],[-0.004474529324660038,-0.005480998746732765,-0.0022970740910932454],[0.004617512846888063,0.004820663784517589,0.0025926233786685094]]
[[-0.00014137361475953348,0.0006527107127414292,-0.0002920707392443923],[-0.004488615316710482,-0.0054504700488303285,-0.0022710171829882103],[0.0046299889314700155,0.004797759336088899,0.0025630879222326023]]
[[-0.0001397904232039168,0.0006452188076755463,-0.0002886538897950656],[-0.004502735168582746,-0.005420391672663476,-0.0022452241029058263],[0.004642525591786662,0.0047751728649879305,0.002533877992700892]]
[[-0.00013823336804326744,0.0006378561847830428,-0.00028529728522784086],[-0.004516894184218914,-0.005390755007677711,-0.0022196877205250356],[0.0046551275522621815,0.004752898822894668,0.0025049850057528764]]
[[-0.00013670188519923247,0.000630619870233046,-0.0002819995141141663],[-0.004531097570445732,-0.005361551640341051,-0.002194401041730413],[0.004667799455644964,0.004730931770108005,0.0024764005558445793]]
[[-0.00013519542554781176,0.0006235069755444036,-0.0002787592061111696],[-0.004545350442386382,-0.005332773348004723,-0.002169357203622243],[0.0046805458679341945,0.004709266372460319,0.0024481164097334127]]
[[-0.00013371345445164232,0.0006165146946544472,-0.0002755750305364561],[-0.004559657828682571,-0.005304412092958447,-0.0021445494696687027],[0.004693371283134213,0.004687897398304,0.002420124500205159]]
[[-0.0001322554513090596,0.0006096403011047927,-0.0002724456950001604],[-0.0045740246765368885,-0.005276460016672273,-0.0021199712249938643],[0.004706280127845948,0.00466681971556748,0.0023924169199940246]]
[[-0.00013082090911926167,0.0006028811453388683,-0.00026936994409164816],[-0.00458845585658484,-0.0052489094342171375,-0.0020956159717954643],[0.004719276765704101,0.004646028288878269,0.0023649859158871122]]
[[-0.00012940933406292932,0.000596234652106111,-0.0002663465581183854],[-0.0046029561676056326,-0.00522175282885683,-0.0020714773248866154],[0.004732365501668561,0.0046255181767507186,0.002337823883005001]]
[[-0.0001280202450976864,0.0005896983179680464,-0.0002633743518946294],[-0.004617530341080203,-0.005194982846804086,-0.0020475490073558152],[0.0047455505861778895,0.0046052845288360395,0.002310923359250445]]
[[-0.00012665317356780933,0.0005832697089016913,-0.00026045217357770374],[-0.0046321830456047585,-0.005168592292134076,-0.002023824846339844],[0.004758836219172568,0.0045853225832323844,0.002284277019917548]]
[[-0.0001253076628276221,0.0005769464579959626,-0.00025757890354973916],[-0.0046469188911675875,-0.0051425741218486115,-0.002000298768904331],[0.004772226553995209,0.004565627663852649,0.00225787767245407]]
[[-0.00012398326787803836,0.0005707262632369779,-0.00025475345334286415],[-0.004661742433296601,-0.005116921441084777,-0.001976964798026878],[0.004785725701174639,0.004546195177847799,0.002231718251369742]]
[[-0.00012267955501573332,0.000564606885378343,-0.0002519747646059278],[-0.004676658177084748,-0.00509162749846186,-0.0019538170486779094],[0.004799337732100482,0.004527020613083518,0.0022057918132838373]]
[[-0.00012139610149445307,0.0005585861458927151,-0.00024924180811093584],[-0.004691670581100104,-0.005066685681560751,-0.0019308497239944893],[0.004813066682594557,0.004508099535668036,0.002180091532105425]]
[[-0.00012013249519798901,0.0005526619250011089,-0.00024655358279746675],[-0.004706784061187135,-0.005042089512530116,-0.0019080571115425307],[0.004826916556385124,0.004489427587529007,0.0021546106943399978]]
[[-0.0001188883343243649,0.0005468321597765829,-0.00024390911485341928],[-0.004722002994165404,-0.0050178326438139135,-0.001885433579662952],[0.004840891328489769,0.00447100048403733,0.0021293426945163713]]
[[-0.00011766322708080517,0.0005410948423191157,-0.00024130745683052573],[-0.004737331721431648,-0.0049939088539950145,-0.0018629735738975115],[0.004854994948512453,0.004452814011675899,0.0021042810307280372]]
[[-0.00011645679138906929,0.000535448017998621,-0.00023874768679313585],[-0.004752774552471014,-0.004970312043749834,-0.0018406716134901102],[0.0048692313438600835,0.004434864025751212,0.002079419300283246]]
[[-0.00011526865460075654,0.0005298897837632114,-0.0002362289074988531],[-0.004768335768282893,-0.004947036231909067,-0.0018185222879595312],[0.00488360442288365,0.004417146448145856,0.0020547511954583843]]
[[-0.00011409845322220131,0.0005244182865099462,-0.00023375024560966907],[-0.004784019624726701,-0.004924075551619852,-0.0017965202537396727],[0.0048981180779489025,0.004399657265109906,0.002030270499349342]]
[[-0.0001129458326485951,0.0005190317215154394,-0.00023131085093230761],[-0.004799830355792582,-0.004901424246604703,-0.0017746602308834258],[0.0049127761884411765,0.0043823925250892634,0.0020059710818157335]]
[[-0.00011181044690698738,0.0005137283309238196,-0.00022890989568655098],[-0.00481577217680203,-0.004879076667512858,-0.001752936999826479],[0.004927582623709017,0.004365348336589038,0.0019818468955130303]]
[[-0.00011069195840783042,0.0005085064022896554,-0.0002265465738003775],[-0.00483184928754307,-0.004857027268359695,-0.001731345398207384],[0.0049425412459509,0.004348520866070039,0.0019578919720077614]]
[[-0.00010959003770474978,0.0005033642671735753,-0.0002242201002307958],[-0.004848065875344513,-0.004835270603050075,-0.0017098803177403431],[0.004957655913049263,0.0043319063358765,0.0019341004179711388]]
[[-0.0001085043632622317,0.0004983002997884017,-0.00022192971030931096],[-0.004864426118093724,-0.004813801321981582,-0.0016885367011372288],[0.0049729304813559555,0.004315501022193181,0.0019104664114465398]]
[[-0.00010743462123093594,0.0004933129156937425,-0.0002196746591110098],[-0.004880934187202075,-0.0047926141687237005,-0.0016673095390754397],[0.004988368808433011,0.004299301253029958,0.0018869841981864494]]
[[-0.00010638050523034982,0.0004884005705370521,-0.00021745422084629574],[-0.0048975942505222105,-0.00477170397676916,-0.0016461938672082314],[0.005003974755752561,0.0042833034062321074,0.0018636480880545273]]
[[-0.00010534171613851425,0.0004835617588392865,-0.0002152676882743506],[-0.004914410475221045,-0.004751065666353681,-0.0016251847632142962],[0.005019752191359559,0.004267503907514394,0.0018404524514886468]]
[[-0.00010431796188856298,0.0004787950128233501,-0.0002131143721374434],[-0.0049313870306123666,-0.00473069424134054,-0.0016042773438833089],[0.005035704992500929,0.00425189922851719,0.0018173917160207523]]
[[-0.00010330895727182505,0.0004740989012836163,-0.00021099360061524203],[-0.0049485280909527625,-0.0047105847861663944,-0.0015834667622343411],[0.0050518370482245875,0.004236485884882778,0.0017944603628495832]]
[[-0.00010231442374725236,0.00046947202849488047,-0.00020890471879832622],[-0.004965837838204458,-0.004690732462844908,-0.001562748204663962],[0.005068152261951711,0.0042212604343500265,0.0017716529234622883]]
[[-0.00010133408925694397,0.00046491303315918315,-0.00020684708818013514],[-0.0049833204647686475,-0.00467113250802481,-0.0015421168881210006],[0.005084654554025592,0.0042062194748656275,0.0017489639763011357]]
[[-0.00010036768804754561,0.00046042058738899873,-0.00020482008616661354],[-0.0050009801761926945,-0.004651780230099108,-0.0015215680573048792],[0.00510134786424024,0.0041913596427101095,0.0017263881434714926]]
[[-0.00009941496049731533,0.00045599339572536754,-0.00020282310560286004],[-0.005018821193854592,-0.004632671006362107,-0.0015010969818845445],[0.005118236154351907,0.004176677610636739,0.0017039200874874045]]
[[-0.0000984756529486509,0.0004516301941895959,-0.00020085555431610484],[-0.00503684775762795,-0.004613800280211171,-0.0014806989537349837],[0.005135323410576601,0.004162170086021574,0.0016815545080510886]]
[[-0.00009754951754588546,0.00044732974936722084,-0.00019891685467437808],[-0.00505506412853071,-0.004595163558389996,-0.0014603692841883627],[0.005152613646076595,0.004147833809022775,0.0016592861388627408]]
[[-0.00009663631207816422,0.00044309085752298897,-0.00019700644316025746],[-0.005073474591360727,-0.004576756408270331,-0.001440103301296857],[0.005170110903438891,0.004133665550747342,0.0016371097444571145]]
[[-0.00009573579982722205,0.0004389123437456498,-0.00019512376995910825],[-0.005092083457321299,-0.004558574455169083,-0.001419896347104203],[0.005187819257148521,0.004119662111423433,0.0016150201170633113]]
[[-0.00009484774941989095,0.0004347930611214246,-0.00019326829856125815],[-0.005110895066639749,-0.004540613379697844,-0.0013997437749230528],[0.00520574281605964,0.004105820318576419,0.001593012073484311]]
[[-0.00009397193468516954,0.0004307318899350489,-0.00019143950537756874],[-0.005129913791181918,-0.004522868915141734,-0.0013796409466152147],[0.005223885725867088,0.004092137025206685,0.0015710804519927834]]
[[-0.00009310813451569736,0.0004267277368973467,-0.00018963687936789285],[-0.005149144037065625,-0.004505336844864712,-0.0013595832298718036],[0.005242252171581323,0.004078609107967365,0.0015492201092396963]]
[[-0.00009225613273347919,0.00042277953439832813,-0.0001878599216819262],[-0.0051685902472759955,-0.004488012999738351,-0.0013395659954903909],[0.005260846380009474,0.004065233465340022,0.001527425917172317]]
[[-0.00009141571795971354,0.0004188862397848523,-0.0001861081453119839],[-0.005188256904285488,-0.004470893255591145,-0.001319584614646182],[0.0052796726222452016,0.004052007015806292,0.001505692759958166]]
[[-0.00009058668348858209,0.0004150468346619318,-0.00018438107475725096],[-0.00520814853268155,-0.004453973530675442,-0.001299634456154227],[0.005298735216170132,0.004038926696013511,0.001484015530911478]]
[[-0.00008976882716486599,0.0004112603242168016,-0.00018267824569907754],[-0.005228269701804671,-0.004437249783149061,-0.0012797108837196759],[0.005318038528969536,0.00402598945893226,0.0014623891294187534]]
[[-0.00008896195126525651,0.0004075257365649032,-0.00018099920468690533],[-0.00524862502839972,-0.004420718008568677,-0.0012598092531730626],[0.005337586979664977,0.004013192272003773,0.0014408084578599678]]
[[-0.00008816586238323432,0.0004038421221169747,-0.0001793435088344276],[-0.005269219179283381,-0.004404374237392059,-0.0012399249096874947],[0.005357385041666616,0.004000532115275084,0.0014192684185219222]]
[[-0.0000873803713173971,0.00040020855296647506,-0.0001777107255256086],[-0.0052900568740304145,-0.004388214532486166,-0.0012200531849747118],[0.005377437245347811,0.003988005979519691,0.0013977639105003203]]
[[-0.00008660529296311789,0.0003966241222965911,-0.0001761004321301928],[-0.005311142887681677,-0.0043722349866381965,-0.0012001893944568103],[0.005397748180644794,0.003975610864341605,0.001376289826587003]]
[[-0.00008584044620742252,0.00039308794380612036,-0.00017451221572836143],[-0.0053324820534766115,-0.004356431720066533,-0.0011803288344104247],[0.005418322499684034,0.003963343776260413,0.001354841050138786]]
[[-0.00008508565382697774,0.0003895991511535408,-0.00017294567284419717],[-0.005354079265613082,-0.004340800877928627,-0.0011604667790801532],[0.0054391649194400595,0.003951201726775086,0.0013334124519243503]]
[[-0.00008434074238908618,0.00038615689741861215,-0.00017140040918764058],[-0.005375939482037375,-0.004325338627822715,-0.0011405984777578505],[0.005460280224426461,0.003939181730404103,0.001311998886945491]]
[[-0.00008360554215558855,0.0003827603545808808,-0.00016987603940462836],[-0.0053980677272672094,-0.004310041157280289,-0.0011207191518244155],[0.005481673269422798,0.003927280802699409,0.001290595191229044]]
[[-0.0000828798869895756,0.0003794087130144792,-0.00016837218683511925],[-0.005420469095250628,-0.004294904671246154,-0.0011008239917506143],[0.005503348982240204,0.003915495958231674,0.0012691961785857334]]
[[-0.00008216361426481774,0.0003761011809986435,-0.00016688848327872478],[-0.005443148752263678,-0.004279925389542881,-0.0010809081540533682],[0.005525312366528495,0.0039038242085442376,0.001247796637332093]]
[[-0.00008145656477782297,0.00037283698424338973,-0.00016542456876767253],[-0.005466111939849779,-0.004265099544316384,-0.0010609667582038818],[0.005547568504627601,0.0038922625600729946,0.0012263913269715543]]
[[-0.00008075858266243612,0.00036961536542981494,-0.00016398009134684186],[-0.005489363977803805,-0.004250423377459276,-0.0010409948834838594],[0.0055701225604662405,0.0038808080120294615,0.0012049749748307011]]
[[-0.00008006951530689763,0.00036643558376450833,-0.00016255470686062125],[-0.0055129102672037845,-0.004235893138008592,-0.0010209875657859802],[0.005592979782510682,0.0038694575542440827,0.0011835422726466016]]
[[-0.00007938921327328043,0.00036329691454757877,-0.00016114807874634615],[-0.005536756293493346,-0.004221505079514378,-0.0010009397943547048],[0.005616145506766626,0.0038582081649667995,0.0011620878731010511]]
[[-0.00007871753021922898,0.0003601986487538252,-0.00015975987783408715],[-0.005560907629617948,-0.004207255457375591,-0.0009808465084632915],[0.005639625159837178,0.0038470568086217665,0.0011406063862973788]]
[[-0.00007805432282192548,0.0003571400926265934,-0.00015838978215256658],[-0.005585369939218058,-0.004193140526139558,-0.0009607025940228906],[0.005663424262039984,0.0038360004335129642,0.001119092376175457]]
[[-0.00007739945070421201,0.00035412056728388244,-0.00015703747674098925],[-0.005610148979882465,-0.004179156536761249,-0.0009405028801193547],[0.005687548430586677,0.003825035969477367,0.001097540356860344]]
[[-0.0000767527763627989,0.00035113940833627716,-0.00015570265346658317],[-0.005635250606464993,-0.004165299733818451,-0.0009202421354732694],[0.005712003382827792,0.003814160325482174,0.0010759447889398526]]
[[-0.00007611416509849344,0.00034819596551630453,-0.00015438501084765315],[-0.0056606807744679355,-0.0041515663526787774,-0.0008999150648186645],[0.005736794939566429,0.003803370387162473,0.0010543000756663176]]
[[-0.00007548348494838415,0.00034528960231882327,-0.00015308425388195756],[-0.005686445543495616,-0.004137952616614372,-0.0008795163051954916],[0.005761929028444,0.0037926630142955486,0.001032600559077449]]
[[-0.00007486060661991874,0.00034241969565207246,-0.0001518000938802263],[-0.00571255108078149,-0.004124454733859961,-0.0008590404221510317],[0.0057874116874014085,0.0037820350382078887,0.0010108405160312581]]
[[-0.00007424540342681624,0.0003395856354990197,-0.00015053224830464482],[-0.0057390036647924254,-0.004111068894609823,-0.0008384819058450126],[0.005813249068219241,0.003771483259110803,0.0009890141541496573]]
[[-0.00007363775122675497,0.0003367868245886607,-0.00014928044061213554],[-0.005765809688913719,-0.004097791267948994,-0.0008178351670531034],[0.005839447440140474,0.0037610044433603333,0.0009671156076652389]]
[[-0.0000730375283607815,0.0003340226780769387,-0.0001480444001022748],[-0.005792975665218561,-0.004084617998713934,-0.0007970945330632685],[0.005866013193579343,0.003750595320636995,0.0009451389331655433]]
[[-0.00007244461559438613,0.0003312926232369619,-0.00014682386176968925],[-0.005820508228325858,-0.00407154520427762,-0.0007762542434591966],[0.0058929528439202435,0.003740252581040658,0.0009230781052288857]]
[[-0.00007185889606019352,0.0003285960991582101,-0.00014561856616078132],[-0.005848414139350212,-0.004058568971253894,-0.0007553084457847971],[0.005920273035410405,0.003729972872095684,0.0009009270119455785]]
[[-0.00007128025520221806,0.00032593255645443285,-0.0001444282592346402],[-0.005876700289948109,-0.004045685352115583,-0.0007342511910835526],[0.005947980545150327,0.0037197527956611496,0.0008786794503181928]]
[[-0.00007070858072163606,0.00032330145697995416,-0.00014325269222799808],[-0.005905373706464503,-0.00403289036172081,-0.0007130764293061861],[0.005976082287186138,0.0037095889047408562,0.000856329121534184]]
[[-0.00007014376252402748,0.00032070227355410555,-0.00014209162152409841],[-0.005934441554183956,-0.0040201799737415705,-0.0006917780045799107],[0.006004585316707983,0.003699477700187465,0.0008338696261040091]]
[[-0.00006958569266804288,0.0003181344896935249,-0.00014094480852534764],[-0.005963911141690711,-0.004007550116988373,-0.0006703496503321311],[0.006033496834358754,0.003689415627294848,0.0008112944588574788]]
[[-0.00006903426531545133,0.0003155975993520623,-0.00013981201952962497],[-0.00599378992534223,-0.003994996671624581,-0.0006487849842612737],[0.006062824190657682,0.003679399072272519,0.0007885970037908986]]
[[-0.00006848937668252767,0.00031309110666804813,-0.00013869302561013194],[-0.006024085513860767,-0.003982515465263657,-0.0006270775031470222],[0.006092574890543294,0.003669424358595609,0.0007657705287571541]]
[[-0.0000679509249927384,0.00031061452571868556,-0.00013758760249866562],[-0.006054805673047763,-0.0039701022689423195,-0.0006052205774919082],[0.006122756598040502,0.0036594877432236336,0.0007428081799905738]]
[[-0.00006741881043068701,0.00030816738028133835,-0.000136495530472205],[-0.006085958330625888,-0.003957752792962161,-0.0005832074459858289],[0.006153377141056574,0.0036495854126808226,0.0007197029764580339]]
[[-0.00006689293509728045,0.0003057492036014924,-0.00013541659424270283],[-0.006117551581213938,-0.0039454626825920856,-0.0005610312097847349],[0.0061844445163112185,0.0036397134789905934,0.0006964478040274377]]
[[-0.00006637320296608068,0.0003033595381671799,-0.00013435058284998053],[-0.006149593691439569,-0.0039332275136233176,-0.0005386848265942339],[0.006215966894405649,0.0036298679754561375,0.0006730354094442144]]
[[-0.00006585951984080542,0.0003009979354896596,-0.00013329728955762651],[-0.006182093105195436,-0.0039210427877686155,-0.0005161611045485254],[0.006247952625036242,0.003620044852278956,0.000649458394106152]]
[[-0.00006535179331394392,0.0002986639558901557,-0.00013225651175180118],[-0.006215058449044119,-0.00390890392789659,-0.0004934526958745048],[0.006280410242358063,0.0036102399720064344,0.000625709207626306]]
[[-0.00006484993272645484,0.00029635716829246495,-0.00013122805084285808],[-0.006248498537777619,-0.0038968062730918578,-0.0004705520903305347],[0.006313348470504074,0.0036004491047993926,0.0006017801411733927]]
[[-0.00006435384912851415,0.00029407715002124717,-0.00013021171216969],[-0.006282422380137322,-0.003884745073531062,-0.0004474516084087397],[0.006346776229265836,0.0035906679235098147,0.0005776633205784298]]
[[-0.00006386345524128161,0.0002918234866058217,-0.00012920730490671516],[-0.0063168391847003855,-0.003872715485164375,-0.0004241433942892449],[0.006380702639941668,0.0035808919985585532,0.00055335069919596]]
[[-0.0000633786654196569,0.000289595771589299,-0.0001282146419734204],[-0.006351758365939007,-0.0038607125641915733,-0.00040061940853409876],[0.006415137031358664,0.0035711167926022747,0.0005288340505075191]]
[[-0.00006289939561599539,0.00028739360634288133,-0.0001272335399463811],[-0.0063871895504588145,-0.0038487312613211047,-0.00037687142050817253],[0.006450088946074809,0.0035613376549782235,0.0005041049604545536]]
[[-0.00006242556334475611,0.0002852165998851726,-0.00012626381897368053],[-0.006423142583423254,-0.00383676641580004,-0.000352891000513504],[0.00648556814676801,0.0035515498159148676,0.0004791548194871845]]
[[-0.00006195708764805494,0.00028306436870634505,-0.00012530530269165495],[-0.006459627535170735,-0.003824812749202114,-0.0003286695116230175],[0.00652158462281879,0.003541748380495769,0.00045397481431467244]]
[[-0.00006149388906209605,0.00028093653659701093,-0.0001243578181438908],[-0.0064966547080316525,-0.0038128648589602905,-0.00030419810119876165],[0.006558148597093749,0.0035319283223632795,0.00042855591934265247]]
[[-0.0000610358895844572,0.00027883273448165867,-0.00012342119570240634],[-0.006534234643352664,-0.0038009172116296795,-0.00027946769207913476],[0.006595270532937122,0.0035220844771480207,0.0004028888877815411]]
[[-0.000060583012642203506,0.00027675260025651193,-0.0001224952689909493],[-0.006572378128735768,-0.0037889641358657368,-0.00025446897341858054],[0.0066329611413779715,0.003512211535609225,0.0003769642424095298]]
[[-0.000060135183060806456,0.0002746957786316805,-0.00012157987481034697],[-0.00661109620549995,-0.003776999815101859,-0.00022919239116265676],[0.006671231388560756,0.0035023040364701784,0.0003507722659730037]]
[[-0.000059692327033844745,0.0002726619209774703,-0.00012067485306584486],[-0.0066504001763734895,-0.0037650182799095866,-0.00020362813814018952],[0.006710092503407334,0.003492356358932116,0.00032430299120603435]]
[[-0.00005925437209346501,0.00027065068517473004,-0.00011978004669637452],[-0.006690301613425212,-0.003753013400023714,-0.00017776614375351676],[0.006749555985518677,0.003482362714848984,0.0002975461904498913]]
[[-0.00005882124708158068,0.0002686617354691126,-0.00011889530160569218],[-0.006730812366243244,-0.0037409788760135337,-0.0001515960632466432],[0.006789633613324826,0.003472317140544421,0.0002704913648523354]]
[[-0.00005839288212178811,0.00026669474232913386,-0.00011802046659533078],[-0.006771944570370101,-0.0037289082305803746,-0.00012510726653014822],[0.006830337452491889,0.0034622134882512407,0.000243127733125479]]
[[-0.0000579692085919796,0.00026474938230791666,-0.00011715539329931197],[-0.006813710656003152,-0.003716794799460446,-0.00009828882654049844],[0.006871679864595131,0.0034520454171525295,0.0002154442198398104]]
[[-0.000057550159097634226,0.00026282533790851167,-0.00011629993612056533],[-0.0068561233569699054,-0.0037046317219107854,-0.00007112950711024873],[0.00691367351606754,0.003441806384002274,0.00018742944323081405]]
[[-0.00005713566744576675,0.00026092229745268707,-0.00011545395216900302],[-0.006899195719987662,-0.0036924119307547355,-0.00004361775032432852],[0.006956331387433429,0.003431489633302048,0.00015907170249333154]]
[[-0.00005672566861951687,0.00025903995495308804,-0.00011461730120120177],[-0.0069429411142174985,-0.003680128141962051,-0.00001574166333619302],[0.006999666782837016,0.003421088187008963,0.0001303589645373948]]
[[-0.00005632009875336066,0.000257178009988665,-0.0001137898455616439],[-0.006987373241122795,-0.003667772843737192,0.000012510995383716695],[0.007043693339876156,0.0034105948337485267,0.0001012788501779272]]
[[-0.00005591889510892699,0.00025533616758327684,-0.0001129714501254716],[-0.007032506144642718,-0.0036553382850877804,0.00004115283039638796],[0.007088425039751645,0.0034000021175045036,0.00007181861972908364]]
[[-0.00005552199605140218,0.0002535141380873758,-0.0001121619822427101],[-0.007078354221691451,-0.0036428164638434876,0.00007019682427025274],[0.007133876217742853,0.003389302325756112,0.00004196515797245736]]
[[-0.00005512934102650695,0.00025171163706268527,-0.00011136131168391667],[-0.007124932232994295,-0.003630199114093842,0.0000996563532173905],[0.007180061574020802,0.003378487477031157,0.00001170495846652616]]
[[-0.00005474087053802936,0.0002499283851697837,-0.00011056931058721331],[-0.007172255314271812,-0.003617477693011435,0.0001295452034241283],[0.007226996184809842,0.0033675493078416515,-0.000018975892836914963]]
[[-0.00005435652612589919,0.0002481641080585121,-0.00010978585340666418],[-0.007220338987783717,-0.003604643367025012,0.0001598775881124119],[0.0072746955139096165,0.0033564792589665005,-0.000050091734705747736]]
[[-0.000053976250344788505,0.0002464185362611222,-0.00010901081686195705],[-0.007269199174244334,-0.003591686997304654,0.0001906681653702686],[0.007323175424589123,0.0033452684610435317,-0.00008165734850831155]]
[[-0.000053599986743224144,0.0002446914050880888,-0.00010824407988935246],[-0.007318852205121787,-0.003578599124518922,0.00022193205679191458],[0.007372452191865011,0.003333907719430833,-0.00011368797690256214]]
[[-0.00005322767984319865,0.00024298245452651106,-0.00010748552359386388],[-0.0073693148353332575,-0.003565369952821306,0.00025368486697042493],[0.007422542515176456,0.0033223874982947947,-0.00014619934337656106]]
[[-0.00005285927512026551,0.00024129142914102616,-0.00010673503120263259],[-0.007420604256348904,-0.003551989333020561,0.00028594270388835485],[0.0074734635314691695,0.0033106979038795346,-0.00017920767268572225]]
[[-0.000052494718984106236,0.00023961807797716794,-0.00010599248801946453],[-0.007472738109717309,-0.0035384467448867224,0.0003187222002543335],[0.0075252328287014145,0.0032988286669095547,-0.00021272971223486894]]
[[-0.000052133958759556336,0.0002379621544670998,-0.00010525778138049493],[-0.007525734501025461,-0.0035247312785413316,0.00035204053583657414],[0.007577868459785017,0.003286769124074232,-0.0002467827544560792]]
[[-0.00005177694266807781,0.00023632341633765536,-0.00010453080061094918],[-0.007579612014306474,-0.003510831614877221,0.00038591546084713126],[0.007631388956974551,0.0032745081985395656,-0.00028138466023618205]]
[[-0.0000514236198096664,0.00023470162552062307,-0.00010381143698296874],[-0.007634389726908295,-0.0034967360049495896,0.00042036532043400395],[0.007685813346717961,0.0032620343794289666,-0.0003165538834510352]]
[[-0.000051073940145182127,0.00023309654806521156,-0.00010309958367447222],[-0.007690087224836967,-0.0034824322482762305,0.0004554090803415935],[0.0077411611649821485,0.003249335700211019,-0.0003523094966671213]]
