[[0.05854221648065805,0.35868027519969736,-0.5963757732615644],[0.0188540635416988,0.005203446419697447,-0.011274699790492622],[-0.07739628002235685,-0.3638837216193948,0.6076504730520571]]
[[0.12348136281883967,0.26314729143998605,-0.46190551413514136],[0.019472506168461037,0.005505382100561808,-0.010564657389307463],[-0.14295386898730073,-0.26865267354054784,0.4724701715244488]]
[[0.1522282461432274,0.20207649696023253,-0.3727507524166263],[0.020050432413073013,0.005845997723075633,-0.009846145597825887],[-0.1722786785563004,-0.20792249468330817,0.38259689801445224]]
[[0.1662598574016341,0.16046431343924106,-0.3108251951894323],[0.020564101898576333,0.006215664622414718,-0.0091097444975534],[-0.18682395930021045,-0.16667997806165577,0.3199349396869857]]
[[0.1741263919886911,0.1305574299394023,-0.26603958942850425],[0.020996618525719248,0.006603249808307143,-0.00835254866103847],[-0.19512301051441033,-0.13716067974770946,0.2743921380895427]]
[[0.17962526291058145,0.1080689888309492,-0.23253418184431612],[0.02133648182018178,0.006996921269642119,-0.007576404397965949],[-0.20096174473076325,-0.11506591010059132,0.2401105862422821]]
[[0.18461956450587513,0.09047214823734578,-0.20673301360835208],[0.0215769545807494,0.00738478080472766,-0.006786488597794961],[-0.20619651908662454,-0.09785692904207345,0.21351950220614704]]
[[0.19013139854515487,0.07618528994543854,-0.18634357817476566],[0.021715672442896048,0.007755438730734383,-0.005990104318046349],[-0.21184707098805092,-0.08394072867617292,0.19233368249281202]]
[[0.196812433533625,0.06415605378202427,-0.16982154962629828],[0.021754238664822657,0.008098525338985788,-0.005195630875161635],[-0.21856667219844764,-0.07225457912101006,0.17501718050145992]]
[[0.20516999352778528,0.05363326951568098,-0.1560682230222519],[0.021697707016553852,0.008405104734118395,-0.004411617349495094],[-0.22686770054433913,-0.06203837424979937,0.160479840371747]]
[[0.21569355093668377,0.044030540571011696,-0.14424660473236103],[0.02155394301680504,0.008667960275476044,-0.003646031572721481],[-0.23724749395348882,-0.052698500846487736,0.1478926363050825]]
[[0.2289442601843107,0.034833422495886474,-0.13365628116447187],[0.021332901337647203,0.008881737166756363,-0.002905678309000469],[-0.2502771615219579,-0.04371515966264283,0.13656195947347236]]
[[0.24564040439315038,0.02552210844688514,-0.12363078113088645],[0.02104587847952965,0.009042947336410614,-0.0021957892011515243],[-0.26668628287268004,-0.03456505578329575,0.12582657033203798]]
[[0.26676316295372404,0.015487400659721536,-0.11342790412250359],[0.020704802728704032,0.009149859361231192,-0.001519770533534806],[-0.28746796568242805,-0.024637260020952727,0.11494767465603839]]
[[0.29371047547168244,0.003913057531663065,-0.10207623858389546],[0.020321614764833202,0.009202309499883609,-0.0008790780665930396],[-0.3140320902365156,-0.013115367031546674,0.1029553166504885]]
[[0.32854124990420114,-0.010421687031464169,-0.08811266607611337],[0.019907778806980404,0.009201479478513238,-0.0002731734570929912],[-0.34844902871118155,0.0012202075529509316,0.08838583953320636]]
[[0.37438211978119584,-0.02951590775850744,-0.06906977770713107],[0.019473952574521863,0.009149696408517358,0.0003004965566807617],[-0.39385607235571773,0.02036621134999008,0.0687692811504503]]
[[0.43611971989871356,-0.05692337050521655,-0.04036902716100424],[0.01902984202132936,0.009050329390932674,0.0008465727510234335],[-0.4551495619200429,0.04787304111428387,0.039522454409980805]]
[[0.5215470478471138,-0.09951570810038526,0.0073105544338707956],[0.018584284970877878,0.008907907693125227,0.001372007564630086],[-0.5401313328179917,0.09060780040726003,-0.008682561998500881]]
[[0.6428740965385139,-0.17189159311318875,0.09498810742494558],[0.01814567007124409,0.008728724419850748,0.0018865833166302054],[-0.661019766609758,0.163162868693338,-0.09687469074157579]]
[[0.8155416161108692,-0.3085623016578083,0.27609255726148363],[0.017722960936621072,0.008522589574963007,0.0024039091153019573],[-0.8332645770474902,0.3000397120828453,-0.27849646637678555]]
[[1.025459736832378,-0.599320311268775,0.7047223913465347],[0.01732796813932391,0.00830760935112654,0.0029428557309219925],[-1.0427877049717018,0.5910127019176484,-0.7076652470774566]]
[[0.9124777390721356,-1.2454551476011477,1.8176167713538338],[0.016979737451771205,0.00812336591379274,0.003526567854975735],[-0.9294574765239068,1.237331781687355,-1.8211433392088094]]
[[-1.6932807435339572,-1.657466745993499,3.231616134617155],[0.016702105166140756,0.008057495617457283,0.0041529636639495715],[1.6765786383678163,1.6494092503760418,-3.235769098281105]]
[[-3.4445735834218842,0.3868314584583207,0.29925399667352365],[0.016424955540221026,0.008137448104834067,0.00466920909936018],[3.4281486278816633,-0.3949689065631547,-0.30392320577288384]]
[[-1.5137436025124504,0.7782798176920667,-0.8920910053354055],[0.01602250058092613,0.008130291525898926,0.005044439529299443],[1.4977211019315244,-0.7864101092179656,0.8870465658061061]]
[[-0.6086696673749448,0.578239528883234,-0.8092054168571082],[0.015560560281518247,0.008025823916985723,0.005400562475646749],[0.5931091070934265,-0.5862653528002199,0.8038048543814615]]
[[-0.25399753154105603,0.418533470598573,-0.6408919543095797],[0.01508564263990492,0.007876982480149546,0.005765397150857066],[0.23891188890115111,-0.4264104530787225,0.6351265571587226]]
[[-0.09510360599263092,0.3166657335581043,-0.5149242860989507],[0.014613631071220982,0.007713275910504573,0.006135220312941981],[0.08048997492140993,-0.3243790094686088,0.5087890657860087]]
[[-0.01385541656759054,0.2503901150464296,-0.42689850801590246],[0.014149226256025865,0.007548289816693468,0.006501996527916994],[-0.0002938096884353269,-0.2579384048631231,0.42039651148798546]]
[[0.032577735034992374,0.205253939963045,-0.364533215657003],[0.013693624565514286,0.007387912823129628,0.006859065289287941],[-0.046271359600506656,-0.21264185278617462,0.35767415036771505]]
[[0.061884765744519274,0.1731561957093292,-0.31919007688043305],[0.013247085459156803,0.007234435862951536,0.007201849750109894],[-0.07513185120367608,-0.18039063157228075,0.3119882271303232]]
[[0.08224917266336657,0.14947521655577514,-0.2854118599719086],[0.012809734573462002,0.007088475265795506,0.007527550527115231],[-0.09505890723682855,-0.15656369182157065,0.27788430944479336]]
[[0.09784163116568109,0.13145553841662805,-0.2597492274732875],[0.012381765892691715,0.006949886361962297,0.007834711391425764],[-0.11022339705837281,-0.13840542477859036,0.2519145160818617]]
[[0.11098673243787271,0.11737548120441382,-0.23996979442805375],[0.01196344757840143,0.006818205235892268,0.008122842338530067],[-0.12295018001627414,-0.1241936864403061,0.2318469520895237]]
[[0.12310891018175948,0.10610887882085517,-0.22458747474959218],[0.011555075605048613,0.00669286352959792,0.008392123014131234],[-0.1346639857868081,-0.11280174235045308,0.21619535173546095]]
[[0.13518596766063812,0.09688382603519909,-0.2125846550691174],[0.011156925917918267,0.006573291006489138,0.008643174826487904],[-0.1463428935785564,-0.10345711704168822,0.2039414802426295]]
[[0.14799008147219692,0.08914218762775591,-0.2032438912216821],[0.010769221080516537,0.00645896127864389,0.008876885994277463],[-0.15875930255271345,-0.0956011489063998,0.19436700522740463]]
[[0.16223534178022314,0.08245128941086857,-0.19604089583969242],[0.010392114394221722,0.006349407986867768,0.009094276110105],[-0.17262745617444486,-0.08880069739773634,0.1869466197295874]]
[[0.1786894053323493,0.07644121837375675,-0.19057030429954144],[0.010025689899040634,0.006244224740512786,0.009296389616784083],[-0.18871509523138993,-0.08268544311426954,0.18127391468275736]]
[[0.198284019604218,0.0707504953162931,-0.18648494805117646],[0.0096699753790472,0.00614305466790056,0.009484209632998302],[-0.2079539949832652,-0.07689354998419365,0.17700073841817818]]
[[0.2222548646422691,0.0649645842964836,-0.18343093404103716],[0.00932496540200484,0.006045570881088253,0.009658584680490386],[-0.23157983004427393,-0.07101015517757185,0.17377234936054678]]
[[0.2523506139443461,0.05852596894617884,-0.18095369640886705],[0.00899065153427065,0.005951445551173903,0.00982016107150797],[-0.26134126547861675,-0.06447741449735275,0.1711335353373591]]
[[0.2911788861810687,0.05057609924566513,-0.17832670255153],[0.008667056486962772,0.005860301166530417,0.009969312922987347],[-0.2998459426680315,-0.056436400412195546,0.16835738962854266]]
[[0.3428192169085273,0.03964126255852038,-0.17419023438020848],[0.00835426704746433,0.005771631179815004,0.01010605969458345],[-0.35117348395599157,-0.04541289373833538,0.164084174685625]]
[[0.4139695606383428,0.022944572329457333,-0.16570598692720312],[0.008052454889263852,0.005684665657163768,0.010229957362736216],[-0.42202201552760665,-0.0286292379866211,0.15547602956446688]]
[[0.5161833631645055,-0.005252992284079562,-0.14637286718602727],[0.007761858366797152,0.005598134615783587,0.010339943752180766],[-0.5239452215313026,-0.00034514233170402503,0.1360329234338465]]
[[0.6702616202232503,-0.05810928598009478,-0.09971228635806664],[0.007482653174609145,0.005509834496819301,0.010434114523434835],[-0.6777442733978595,0.05259945148327548,0.08927817183463181]]
[[0.9134559597496322,-0.16973048908168636,0.021596420722004364],[0.00721450310778131,0.005415807852494739,0.010509428131534684],[-0.9206704628574135,0.16431468122919163,-0.032105848853539044]]
[[1.291964994645739,-0.44073033561568414,0.3747603234078246],[0.006955133676888778,0.005308807570139045,0.010561533117587708],[-1.2989201283226277,0.4354215280455451,-0.38532185652541234]]
[[1.581555573715827,-1.158501747155489,1.5073790690577],[0.006695764034317346,0.005176187315470746,0.010586194789511184],[-1.5882513377501442,1.1533255598400183,-1.5179652638472112]]
[[-0.6964128733913469,-1.9652517775113925,3.5012349091670716],[0.00640905418077287,0.005006557959916584,0.010591037677439484],[0.6900038192105741,1.960245219551476,-3.511825946844511]]
[[-3.180479859346192,-0.11285322645200954,1.0605814003416716],[0.006071909022600249,0.004854332196722133,0.010619881041633686],[3.174407950323592,0.1079988942552874,-1.0712012813833052]]
[[-1.7088208618255285,0.5221539646053679,-0.4187547242875697],[0.005745787725175821,0.0047700270103719425,0.010653529407864355],[1.7030750741003526,-0.5269239916157398,0.40810119487970536]]
[[-0.8479246690008388,0.4663558913281962,-0.56231469946148],[0.005449249265003302,0.004710225073162616,0.010664828283639505],[0.8424754197358356,-0.47106611640135887,0.5516498711778405]]
[[-0.4631122752072759,0.36888302770962406,-0.5038204897447409],[0.005176050789699446,0.004651793315430401,0.010655278820582375],[0.4579362244175765,-0.3735348210250544,0.49316521092415855]]
[[-0.2717833885317436,0.29616065850944584,-0.4336590141824576],[0.004920242345255867,0.0045870658042243065,0.010630772999354644],[0.26686314618648777,-0.30074772431367014,0.42302824118310295]]
[[-0.16507732774714204,0.24512310100110013,-0.3767613868014211],[0.0046778187741105225,0.00451398039467134,0.010596280828013116],[0.1603995089730315,-0.24963708139577148,0.366165105973408]]
[[-0.09966868099980666,0.20876712728457542,-0.3332773331335047],[0.004446045312621363,0.004432466287123434,0.010555383367504511],[0.09522263568718531,-0.21319959357169885,0.3227219497660002]]
[[-0.0563166087297919,0.18218511615604946,-0.30023532798031133],[0.00422293725165301,0.004343145068367263,0.01051053979001098],[0.05209367147813889,-0.18652826122441674,0.28972478819030034]]
[[-0.025565287217512063,0.16226715446800566,-0.2749952795389632],[0.004006962412822172,0.0042468394528822305,0.010463386201722363],[0.02155832480468989,-0.1665139939208879,0.2645318933372408]]
[[-0.0023494652839296136,0.1470397004515236,-0.25562347389332907],[0.0037968756744697634,0.004144386145336788,0.010414966250632375],[-0.00144741039054015,-0.1511840865968604,0.24520850764269667]]
[[0.016257160555068942,0.13522056300789956,-0.24076354649316356],[0.0035916255872606643,0.00403657138712907,0.010365897251866658],[-0.019848786142329607,-0.13925713439502863,0.2303976492412969]]
[[0.03207114490790643,0.1259534512798143,-0.2294727296321978],[0.0033903006925139704,0.0039241180842249515,0.0103164890609901],[-0.03546144560042041,-0.12987756936403927,0.2191562405712077]]
[[0.04630965917323903,0.11865105782762948,-0.221098029870747],[0.00319209836484827,0.0038076947520220296,0.010266830494819863],[-0.0495017575380873,-0.12245875257965151,0.21083119937592715]]
[[0.059864733990806024,0.11290031343603696,-0.21519224042237886],[0.002996306905778963,0.0036879332838717126,0.01021685401337525],[-0.062861040896585,-0.11658824671990867,0.20497538640900362]]
[[0.07346529307335557,0.10840312530040527,-0.21145901838376166],[0.0028022957751610046,0.003565449809730291,0.010166386147180835],[-0.07626758884851659,-0.11196857511013555,0.2012926322365808]]
[[0.08778667382261761,0.10493727250312758,-0.2097177182768804],[0.0026095111236976703,0.003440866228842503,0.010115188940450826],[-0.09039618494631528,-0.1083781387319701,0.19960252933642958]]
[[0.10354066179343471,0.1023280745172792,-0.20988138866597214],[0.0024174751250227544,0.003314831603946428,0.010062996253665454],[-0.10595813691845747,-0.10564290612122564,0.1998183924123067]]
[[0.12156942891096008,0.10042403508425723,-0.21194314006648515],[0.002225788503195454,0.0031880434529949386,0.01000954791433197],[-0.12379521741415554,-0.10361207853725217,0.2019335921521532]]
[[0.14296729724074486,0.0990696432816312,-0.21596638835929172],[0.0020341364240453012,0.0030612695124770505,0.009954624287454344],[-0.14500143366479015,-0.10213091279410826,0.20601176407183738]]
[[0.16926486143525388,0.09806521340184265,-0.22207220081875775],[0.001842298837150834,0.002935370999590131,0.009898083800053062],[-0.17110716027240472,-0.10100058440143278,0.2121741170187047]]
[[0.20273700900596925,0.09709391610818373,-0.23040876178079336],[0.0016501677780445798,0.0028113288899815916,0.009839906306614365],[-0.20438717678401383,-0.09990524499816532,0.220568855474179]]
[[0.24695786589487687,0.09557053945134937,-0.24106337884119858],[0.0014577767170246155,0.0026902752866868945,0.009780245981781264],[-0.24841564261190147,-0.09826081473803627,0.23128313285941732]]
[[0.30786859932136756,0.09229640025825098,-0.25380244022034093],[0.0012653521495961434,0.00257353240644664,0.00971949869360179],[-0.3091339514709637,-0.09486993266469762,0.24408294152673912]]
[[0.39597290422253684,0.08459606491473562,-0.2672784208944801],[0.0010734084560054201,0.002462661112822536,0.009658390133800047],[-0.3970463126785423,-0.08705872602755815,0.2576200307606801]]
[[0.5311641502253989,0.06591775211658667,-0.27644341592978283],[0.0008829314980334512,0.002359515367107681,0.009598089703346892],[-0.5320470817234323,-0.06827726748369435,0.266845326226436]]
[[0.7538800027411339,0.018248356897196158,-0.26314363496428267],[0.0006957547900660416,0.0022662720956810626,0.009540337754671311],[-0.7545757575312,-0.02051462899287722,0.25360329720961133]]
[[1.1488892335646357,-0.11575965293533717,-0.15640092992137952],[0.0005153745692871811,0.002185284192079112,0.00948747123009476],[-1.1494046081339229,0.11357436874325806,0.14691345869128478]]
[[1.8364597329900758,-0.5462685085192708,0.3609583015676759],[0.000348732684843945,0.002118021937632063,0.009441661690943315],[-1.83680846567492,0.5441504865816388,-0.37039996325861924]]
[[1.9230245914542674,-1.7990235404125083,2.440303928325722],[0.00020873853978037622,0.002059563177068669,0.00939947551468028],[-1.9232333299940478,1.7969639772354395,-2.4497034038404024]]
[[-2.1522636186172073,-1.4358281930099355,3.0511096877893698],[0.00009796583145631806,0.0019827610292302055,0.009331101814170578],[2.152165652785751,1.4338454319807052,-3.06044078960354]]
[[-2.235653949227205,0.08427480344298888,0.5217480670877074],[-0.000033555496649650686,0.0018902484246412492,0.009226591385283239],[2.2356875047238547,-0.08616505186763013,-0.5309746584729906]]
[[-1.2718125560815003,0.33784063942976583,-0.19281959616109096],[-0.00018319029932699254,0.001814574148905669,0.009123990348688066],[1.2719957463808274,-0.3396552135786715,0.18369560581240288]]
[[-0.7602219005460167,0.3236700369638126,-0.32195247677681144],[-0.0003346709351157569,0.0017560904230837387,0.009032673307524004],[0.7605565714811324,-0.3254261273868963,0.31291980346928744]]
[[-0.493992141968643,0.2806785837391511,-0.32917604780009946],[-0.000481160765836759,0.0017092404872162557,0.008951908552613484],[0.49447330273447976,-0.2823878242263674,0.32022413924748594]]
[[-0.34198535878778463,0.24309084783989576,-0.31129869902325763],[-0.0006203163291645845,0.0016693998385199499,0.008879631465149102],[0.3426056751169492,-0.24476024767841573,0.3024190675581085]]
[[-0.2473143851152059,0.2139825649567296,-0.29052970659349786],[-0.0007515529343378053,0.001633252568184927,0.008813956706240135],[0.24806593804954372,-0.21561581752491452,0.2817157498872577]]
[[-0.1839588059837044,0.19188319432096207,-0.2721897197037213],[-0.0008749843578221999,0.0015984428480934098,0.00875333216034417],[0.1848337903415266,-0.19348163716905548,0.26343638754337717]]
[[-0.13892981662563783,0.17508648165620436,-0.25729962381733607],[-0.000991000443289087,0.0015632715818426996,0.008696471493704002],[0.13992081706892692,-0.17664975323804707,0.24860315232363206]]
[[-0.10519503666530816,0.16227866412272043,-0.24575626002668338],[-0.0011000900361966145,0.0015264936243809869,0.008642271441718762],[0.10629512670150477,-0.16380515774710142,0.23711398858496463]]
[[-0.07866262660768403,0.15252680291770762,-0.237216394465474],[-0.0012027649304302234,0.0014871882062922482,0.008589747395556697],[0.07986539153811426,-0.15401399112399985,0.22862664706991728]]
[[-0.056786716563898595,0.14518182848813796,-0.23135159248399814],[-0.0012995282714275264,0.0014446767060885767,0.00853798812064373],[0.05808624483532612,-0.14662650519422651,0.2228136043633544]]
[[-0.03787062825040627,0.13979564888162707,-0.22791771841729785],[-0.0013908637148181031,0.0013984707988913424,0.008486125421120304],[0.03926149196522437,-0.1411941196805184,0.21943159299617754]]
[[-0.02069075585916034,0.13606294255901027,-0.22676993555944386],[-0.0014772348715781096,0.0013482405306054043,0.008433314996681372],[0.02216799073073845,-0.1374111830896157,0.21833662056276248]]
[[-0.004274145048961443,0.13378256137206063,-0.22786473829179837],[-0.0015590902854631151,0.0012937959180784212,0.008378725947867226],[0.005833235334424558,-0.13507635729013906,0.21948601234393117]]
[[0.012251399006918006,0.13283247039481524,-0.23126318944827245],[-0.0016368718335820955,0.00123507813343117,0.008321537465207108],[-0.01061452717333591,-0.13406754852824643,0.22294165198306534]]
[[0.029780295646007655,0.13315343569568244,-0.23714109155258056],[-0.001711025775520647,0.0011721578637124788,0.008260942115870973],[-0.028069269870487006,-0.1343255935593949,0.2288801494367096]]
[[0.04935879629951332,0.13473748655737267,-0.24580965877443645],[-0.0017820164533551347,0.0011052394718353421,0.00819615593627533],[-0.047576779846158185,-0.135842726029208,0.2376135028381611]]
[[0.07235783457883556,0.1376165317801606,-0.2577502710293477],[-0.0018503432232272006,0.001034670405148356,0.008126436438221448],[-0.07050749135560835,-0.13865120218530894,0.24962383459112628]]
[[0.10074613735183273,0.14184275050910608,-0.2736670504646685],[-0.0019165617850975258,0.0009609561349963352,0.008051110935077172],[-0.0988295755667352,-0.14280370664410244,0.2656159395295913]]
[[0.13757296010376419,0.147440665102204,-0.29455779511430713],[-0.001981311825374808,0.0008847820253719659,0.007969619843392603],[-0.13559164827838938,-0.14832544712757595,0.2865881752709145]]
[[0.18789621151954114,0.1542758460839467,-0.32178477860727167],[-0.0020453539246002165,0.0008070453193394307,0.007881583977189525],[-0.1858508575949409,-0.15508289140328615,0.31390319463008215]]
[[0.260710190213937,0.1616748823848352,-0.3570415625142842],[-0.002109619992960521,0.0007289036102833872,0.007786914010132103],[-0.2586005702209765,-0.16240378599511862,0.3492546485041521]]
[[0.3732851777747819,0.16724833848436862,-0.4017379408718409],[-0.0021752822294163606,0.0006518520325870025,0.007686000893735329],[-0.3711098955453655,-0.16790019051695562,0.39405193997810556]]
[[0.5617837081658424,0.16286342379703866,-0.45356613398854034],[-0.0022438406244592573,0.0005778518495264627,0.0075800757330462595],[-0.5595398675413832,-0.16344127564656513,0.4459860582554941]]
[[0.908752538938238,0.11885677278780077,-0.4886036600321211],[-0.0023171909378707266,0.0005095461637845747,0.007471954916143624],[-0.9064353480003673,-0.11936631895158535,0.48113170511597747]]
[[1.6018186043566578,-0.08772439953775782,-0.359151546211219],[-0.0023974101570446715,0.00045056183175114304,0.007367707301024695],[-1.5994211941996133,0.08727383770600668,0.35178383891019427]]
[[2.692388860391309,-0.9621171311184741,0.7677208633864832],[-0.002484663537801947,0.0004052692161892549,0.007280144364281709],[-2.689904196853507,0.9617118619022849,-0.7750010077507649]]
[[0.6347227617642831,-2.212471298553857,3.5150660525622768],[-0.002565777329893394,0.00037197669137551526,0.007227072582482501],[-0.6321569844343897,2.2120993218624814,-3.5222931251447593]]
[[-2.1124728743848062,-0.688791890239205,1.8171636900540395],[-0.0026158592287045617,0.0003275877087025152,0.007175123552758605],[2.115088733613511,0.6884643025305024,-1.8243388136067982]]
[[-1.5536118467611761,0.06250878126760841,0.37917602639473036],[-0.0026592729236743903,0.00027605547242157065,0.007093195583606852],[1.5562711196848507,-0.06278483674002998,-0.38626922197833724]]
[[-0.9967549274489169,0.2034981134353659,-0.03247014382450964],[-0.002709729439557989,0.0002281260261339138,0.0069980813404840045],[0.9994646568884749,-0.2037262394614998,0.02547206248402564]]
[[-0.6784888989465281,0.21674515369606767,-0.1545014555960852],[-0.002767464482925715,0.00018604797680508439,0.006901304190508518],[0.6812563634294538,-0.21693120167287278,0.14760015140557667]]
[[-0.49178823649615744,0.20477671251884577,-0.1928454159520379],[-0.0028305089316074715,0.00014931656418134715,0.006807913754376303],[0.4946187454277649,-0.20492602908302712,0.1860375021976616]]
[[-0.3743536128974194,0.18951014904115707,-0.20390526414810242],[-0.0028970198400102417,0.00011683744310984644,0.006719951527282327],[0.3772506327374297,-0.18962698648426693,0.1971853126208201]]
[[-0.29560114502672713,0.17587684163618292,-0.20557470185322366],[-0.002965568683267886,0.00008750143135808855,0.006638109524400221],[0.29856671370999505,-0.175964343067541,0.19893659232882344]]
[[-0.23986670510780553,0.16477526627735065,-0.2042830508462009],[-0.0030350782096661578,0.00006032195975792391,0.006562451608367131],[0.24290178331747167,-0.1648355882371086,0.19772059923783378]]
[[-0.1985771927896762,0.15611122134196573,-0.20256397377296673],[-0.003104723324636212,0.00003445208174855576,0.0064927378756905315],[0.2016819161143124,-0.15614567342371427,0.1960712358972762]]
[[-0.16672886202450996,0.14959058934995637,-0.20149410619770236],[-0.0031738500437702238,9.16982941139111e-6,0.0064285755973902195],[0.16990271206828017,-0.14959975917936777,0.19506553060031215]]
[[-0.14122141947109448,0.14493296068969522,-0.20157542056390296],[-0.0032419162364720087,-0.000016141877013327554,0.006369489771168772],[0.14446333570756648,-0.1449168188126819,0.19520593079273418]]
[[-0.12001792527911874,0.1419240141972048,-0.20308719365199113],[-0.0033084494302248425,-0.000042013040414673946,0.0063149541777403236],[0.12332637470934359,-0.14188200115679014,0.1967722394742508]]
[[-0.10169176449099496,0.14042293045739562,-0.206240822751898],[-0.0033730169132390377,-0.00006890010847931434,0.006264401906322093],[0.105064781404234,-0.1403540303489163,0.19997642084557593]]
[[-0.08516292764144903,0.14035952523454048,-0.21125792345430705],[-0.003435204713334081,-0.00009719491879782178,0.006217224537678983],[0.08859813235478312,-0.14026233031574264,0.20504069891662804]]
[[-0.0695274198775071,0.14173192572478657,-0.2184201305701139],[-0.0034946033116932318,-0.00012722918514403416,0.006172764574893555],[0.07302202318920034,-0.14160469653964255,0.21224736599522034]]
[[-0.05392718906078953,0.14460842568850582,-0.22811327070969944],[-0.0035507989917672937,-0.0001592745925144706,0.006130303456494217],[0.05747798805255682,-0.14444915109599135,0.22198296725320524]]
[[-0.03742457978170967,0.14913513089905117,-0.24087997684534865],[-0.0036033706209120785,-0.00019353834335057935,0.0060890463611808845],[0.04102795040262174,-0.14894159255570058,0.23479093048416777]]
[[-0.018845518586286233,0.15555051583889834,-0.2574939772370935],[-0.0036518925789501633,-0.00023015366798188143,0.006048104490893798],[0.022497411165236396,-0.15532036217091647,0.2514458727461997]]
[[0.0034612607056885643,0.16420734051306535,-0.2790735713368864],[-0.0036959457124257633,-0.00026916435428360453,0.006006475404748257],[0.000234685006737199,-0.16393817615878176,0.2730670959321381]]
[[0.032048822662822975,0.17559895290543123,-0.30726109785665295],[-0.003735139989472727,-0.000310501662359905,0.005963022314026952],[-0.028313682673350243,-0.17528845124307132,0.301298075542626]]
[[0.07119800922191791,0.19037267094068772,-0.34450860816372725],[-0.003769155722995336,-0.00035395084761362904,0.0059164544294615555],[-0.06742885349892257,-0.19001872009307408,0.3385921537342657]]
[[0.12866712106084616,0.20925691615070752,-0.39451289132001227],[-0.003797816529960635,-0.00039910246114059476,0.005865313723572732],[-0.12486930453088553,-0.2088578136895669,0.38864757759643953]]
[[0.21973915374031294,0.23260323131309968,-0.4627351232267206],[-0.003821220758507451,-0.0004452796898127575,0.005807982682254099],[-0.21591793298180548,-0.2321579516232869,0.45692714054446654]]
[[0.3775301016436509,0.25825266664179364,-0.5560982845641758],[-0.003839989758524857,-0.000491425474072222,0.005742755543402326],[-0.373690111885126,-0.2577612411677214,0.5503555290207734]]
[[0.681814730329775,0.27146304920125025,-0.6752366468416747],[-0.003855770396187043,-0.0005359203783097406,0.00566810920096208],[-0.677958959933588,-0.2709271288229405,0.6695685376407127]]
[[1.3391978671838953,0.19188378947008752,-0.7508881331763065],[-0.0038723269725968856,-0.0005763005489589185,0.005583663389964165],[-1.3353255402112985,-0.19130748892112862,0.7453044697863425]]
[[2.6978317089455817,-0.4049021055112169,-0.18040259198341801],[-0.003897839803371676,-0.000609083603115887,0.0054937608002042],[-2.69393386914221,0.4055111891143328,0.1749088311832138]]
[[2.3085934854329024,-2.066556410222549,2.73737361452476],[-0.003945349025978003,-0.0006325741887709408,0.005419103470749491],[-2.3046481364069242,2.06718898441132,-2.7427927179955094]]
[[-1.2817037321298068,-1.2386825930312428,2.4893681161724475],[-0.0039993157213744825,-0.0006598803666906828,0.0053829516908485186],[1.2857030478511813,1.2393424733979335,-2.494751067863296]]
[[-1.4300917004227411,-0.2510281208467117,0.876089074408474],[-0.00403176224932103,-0.0006956061531000141,0.005346882594623665],[1.434123462672062,0.25172372699981177,-0.8814359570030975]]
[[-1.0216581548852504,0.02744994961788025,0.2777954291236162],[-0.004051972267987353,-0.0007322072209565269,0.005296057145275609],[1.0257101271532376,-0.026717742396923726,-0.28309148626889186]]
[[-0.738043982399045,0.10480241368299187,0.05745241891350497],[-0.004068554380819305,-0.0007664645030867657,0.005233589368820924],[0.7421125367798642,-0.10403594917990511,-0.0626860082823259]]
[[-0.5596948821994885,0.1266347013248592,-0.03599310701908368],[-0.004085635200740324,-0.0007975940095000978,0.005163896250732203],[0.5637805174002288,-0.12583710731535913,0.030829210768351482]]
[[-0.4434120756405575,0.1313094952689862,-0.08081178668209706],[-0.004105062432119567,-0.0008256791057330536,0.00509032371374611],[0.44751713807267707,-0.13048381616325314,0.07572146296835094]]
[[-0.36381606255817955,0.13047913149134138,-0.10468484642628866],[-0.004127611741449638,-0.0008510998704781203,0.005015200064273133],[0.36794367429962915,-0.12962803162086325,0.09966964636201552]]
[[-0.3068982020244283,0.12813947592953537,-0.11879594256544919],[-0.004153540287137824,-0.0008743244018622391,0.004940123415403069],[0.3110517423115661,-0.12726515152767312,0.11385581915004613]]
[[-0.2646661729681298,0.1257782089141639,-0.12819387266420654],[-0.00418284672623208,-0.0008958295875887081,0.0048661917893978775],[0.26884901969436187,-0.12488237932657521,0.12332768087480865]]
[[-0.2323361393225861,0.12397885289569247,-0.13538446330037993],[-0.004215397872804484,-0.0009160717510961443,0.004794161627288912],[0.23655153719539057,-0.12306278114459632,0.13059030167309102]]
[[-0.20690415796877207,0.12298210143359946,-0.14172972337497985],[-0.004250991309932943,-0.0009354776608930702,0.004724554040390008],[0.21115514927870502,-0.12204662377270639,0.13700516933458987]]
[[-0.18639498549345987,0.12290161354826423,-0.1480501236771359],[-0.00428938536145233,-0.0009544439985269057,0.004657725968785888],[0.1906843708549122,-0.12194716954973733,0.14339239770835002]]
[[-0.16944756457938548,0.12381454416130584,-0.15490894737023897],[-0.004330311380443878,-0.000973340128087679,0.004593917900301668],[0.17377787595982935,-0.12284120403321817,0.1503150294699373]]
[[-0.15507298010787615,0.12580416806368347,-0.1627611143249731],[-0.00437347572949109,-0.0009925117756768558,0.004533285580175147],[0.15944645583736725,-0.1248116562880066,0.15822782874479793]]
[[-0.14250235675288403,0.1289845740724405,-0.1720431852689435],[-0.004418555108978703,-0.0010122843937097302,0.004475920315816288],[0.14692091186186274,-0.12797228967873076,0.1675672649531272]]
[[-0.13107987964707887,0.1335205877490109,-0.18324095490168352],[-0.004465186943657126,-0.001032965443011321,0.004421860593478334],[0.13554506659073598,-0.13248762230599959,0.17881909430820517]]
[[-0.12017263106838882,0.13965016138777916,-0.19695582676189158],[-0.004512955440973317,-0.0010548449210995964,0.0043710963781396495],[0.12468558650936214,-0.13859531646667958,0.19258473038375193]]
[[-0.10907332674832494,0.1477150679834938,-0.2139874049624786],[-0.0045613732614311255,-0.0010781933186989198,0.004323566373184947],[0.11363470000975606,-0.14663687466479486,0.20966383858929363]]
[[-0.09686590698235684,0.15820683634213908,-0.23545354016282122],[-0.004609858300177388,-0.0011032558028380313,0.004279147434172956],[0.10147576528253423,-0.15710358053930104,0.23117439272864826]]
[[-0.08220187950866396,0.17183805857285855,-0.2629814665637375],[-0.0046577048232857195,-0.0011302407136085993,0.004237634009028953],[0.0868595843319497,-0.17070781785924996,0.25874383255470856]]
[[-0.06287870310718122,0.18965436602345007,-0.2990303924226976],[-0.004704048250779308,-0.001159299202314939,0.004198703563995151],[0.06758275135796053,-0.18849506682113512,0.2948316888587025]]
[[-0.034966203084275796,0.21320673733875864,-0.34745956587160537],[-0.004747823706145161,-0.0011904905677305056,0.004161860863318968],[0.03971402679042096,-0.21201624677102812,0.3432977050082864]]
[[0.009172104710553469,0.24478763328073053,-0.41455589714830127],[-0.004787721546597044,-0.0012237235878242807,0.004126348645823539],[-0.004384383163956425,-0.24356390969290626,0.4104295485024777]]
[[0.08582012399020227,0.2875824007514421,-0.5108635709396441],[-0.004822153210745822,-0.0012586557947586068,0.00409100287466615],[-0.08099797077945645,-0.2863237449566835,0.506772568064978]]
[[0.2337100897957427,0.34461143473547384,-0.6538058097521],[-0.004849274405299392,-0.0012945157892876962,0.004054015424701881],[-0.2288608153904433,-0.34331691894618616,0.6497517943273982]]
[[0.5573325482794969,0.4089487761977831,-0.8650529732357614],[-0.004867234019073849,-0.001329781611477485,0.004012554315000416],[-0.552465314260423,-0.40761899458630557,0.8610404189207609]]
[[1.3655236573572185,0.3912709895210132,-1.0929412074198965],[-0.004875305065188159,-0.0013616222400889921,0.003962296471430692],[-1.3606483522920303,-0.38990936728092424,1.0889789109484658]]
[[3.1796616977338235,-0.3333523582576088,-0.45342004499959493],[-0.004878604238038941,-0.0013854579690482085,0.003898226835251211],[-3.1747830934957846,0.334737816226657,0.4495218181643437]]
[[2.160423439553466,-2.0491543963205188,2.7551376350300902],[-0.004901650908390466,-0.0014005334449430774,0.0038273197738598664],[-2.1555217886450757,2.0505549297654615,-2.7589649548039503]]
[[-0.8124296096205814,-1.1261219715694752,2.1516671404297987],[-0.004954437288416311,-0.0014254115780223241,0.0037814042274976105],[0.8173840469089977,1.1275473831474976,-2.1554485446572964]]
[[-1.0571864762142866,-0.3650724164118953,0.9507382991177955],[-0.005002262138426001,-0.0014611000270064812,0.003750198135155712],[1.0621887383527127,0.36653351643890175,-0.9544884972529513]]
[[-0.8482773872751194,-0.09842262827865327,0.4360757071245589],[-0.005037074219291117,-0.0014995305455928038,0.00371868584198489],[0.8533144614944105,0.09992215882424607,-0.43979439296654377]]
[[-0.6666438281759851,0.0026100366610224608,0.20844431007740488],[-0.005061372608996773,-0.0015367966479643501,0.0036821042992738282],[0.6717052007849819,-0.0010732400130581104,-0.2121264143766787]]
[[-0.5389127120117241,0.0464105448482457,0.09417933468491574],[-0.00507853322803733,-0.0015713450510013625,0.0036395789033657703],[0.5439912452397614,-0.044839199797244336,-0.0978189135882815]]
[[-0.44957487710535304,0.06770685106030398,0.029971976144534014],[-0.005091317698600328,-0.0016026547596503834,0.0035914971488168112],[0.45466619480395337,-0.0661041963006536,-0.033563473293350826]]
[[-0.3855122212166079,0.07921701155862974,-0.009734174739604223],[-0.005101820738837019,-0.001630682746372499,0.003538631671722977],[0.3906140419554449,-0.07758632881225724,0.006195543067881246]]
[[-0.3383009552522485,0.08622028752193876,-0.03649719537570937],[-0.005111612178621134,-0.0016556212674364366,0.0034818302127034035],[0.3434125674308697,-0.08456466625450233,0.03301536516300597]]
[[-0.30267220796814176,0.09115173813697461,-0.05608931856735406],[-0.005121871960020341,-0.0016777824309511216,0.003421902331232938],[0.3077940799281621,-0.08947395570602348,0.05266741623612112]]
[[-0.2752673286780243,0.09524699333905245,-0.07165798087430093],[-0.005133492892844762,-0.0016975397642458542,0.003359581078178461],[0.28040082157086904,-0.0935494535748066,0.06829839979612247]]
[[-0.2538814037882517,0.09920017259381307,-0.08507271425780616],[-0.005147155277941537,-0.0017152978161230417,0.003295515265365622],[0.2590285590661932,-0.09748487477769004,0.08177719899244054]]
[[-0.23702037968169434,0.10345431583281559,-0.09755445685288913],[-0.005163380441875194,-0.001731476711639856,0.0032302746684540447],[0.24218376012356954,-0.10172283912117573,0.09432418218443508]]
[[-0.22363723793374785,0.10834324517647848,-0.10999809602038307],[-0.0051825687241923366,-0.0017465052438401514,0.0031643606679030148],[0.2288198066579402,-0.10659673993263832,0.10683373535248006]]
[[-0.2129679111515476,0.11417070602474486,-0.12315780818577299],[-0.005205025648145274,-0.001760819123231241,0.0030982190531368883],[0.21817293679969285,-0.11240988690151361,0.12005958913263609]]
[[-0.20442112023815137,0.12126449607305936,-0.13777317942762618],[-0.005230978512937386,-0.0017748624757549956,0.003032253594224189],[0.20965209875108876,-0.11948963359730437,0.134740925833402]]
[[-0.1974931579747882,0.13002531601738676,-0.1546785145140739],[-0.005260584403084691,-0.001789091395236534,0.0029668398630121238],[0.2027537423778729,-0.12823622462215023,0.15171167465106178]]
[[-0.19168422824088707,0.14098451538987997,-0.1749266211024759],[-0.005293929419112019,-0.0018039786338237712,0.002902339186102692],[0.1969781576599991,-0.13918053675605618,0.1720242819163732]]
[[-0.18638808157052372,0.15488623225721396,-0.19996214304922832],[-0.005331017539369714,-0.0018200184311053975,0.002839112722765812],[0.19171909910989343,-0.15306621382610858,0.19712303032646253]]
[[-0.18070530694798057,0.17281723919545988,-0.23189948040128877],[-0.005371745564007425,-0.0018377299314037113,0.0027775354743886345],[0.18607705251198797,-0.17097950926405617,0.22912194492690013]]
[[-0.17307150358450257,0.1964252903623237,-0.2740086000134387],[-0.005415857467957659,-0.0018576562419945963,0.0027180093166519143],[0.17848736105246021,-0.19456763412032912,0.2712905906967868]]
[[-0.16042923124164593,0.22830074197252972,-0.33162096324200785],[-0.0054628661013915655,-0.0018803529931993401,0.0026609722030943965],[0.1658920973430375,-0.2264203889793304,0.32895999103891344]]
[[-0.1361931517292244,0.2726514860311962,-0.4139136933914484],[-0.005511920456058061,-0.0019063529015963248,0.002606895582659509],[0.14170507218528244,-0.27074513312959986,0.4113067978087889]]
[[-0.08468520359364243,0.336416757877486,-0.53755782798833],[-0.005561579028639602,-0.0019360750742073943,0.0025562481934984544],[0.09024678262228203,-0.3344806828032786,0.5350015797948315]]
[[0.03611186609042804,0.43026921572600607,-0.7339048644817795],[-0.005609420413731779,-0.001969602195252001,0.002509364211784679],[-0.030502445676696258,-0.4282996135307541,0.7313955002699948]]
[[0.3556995795097405,0.5614152849838797,-1.0563821663227864],[-0.005651401140307079,-0.002006125074835761,0.002466028116475916],[-0.35004817836943347,-0.559409159909044,1.0539161382063105]]
[[1.3136251577032727,0.6377130914950081,-1.4902273000310287],[-0.005681127407082395,-0.002042535202438146,0.0024241792115478533],[-1.3079440302961902,-0.63567055629257,1.4878031208194806]]
[[3.5879595807132825,-0.22609817420968054,-0.7628461593373188],[-0.005692242040814096,-0.0020705547962870576,0.002376232826394437],[-3.582267338672468,0.22816872900596757,0.7604699265109244]]
[[2.102266970202724,-1.8853298324219552,2.5018108753859565],[-0.005703096511340039,-0.0020830876671958307,0.002309522009300047],[-2.0965638736913843,1.8874129200891512,-2.5041203973952566]]
[[-0.3491273745074212,-1.0445045953321481,1.869813833433782],[-0.005747965052135732,-0.0021049247397967345,0.0022416199070655687],[0.3548753395595569,1.046609520071945,-1.8720554533408476]]
[[-0.695226704790557,-0.4512971796647172,0.9826869603669839],[-0.005805796468661154,-0.0021419406563153347,0.00218401985309248],[0.7010325012592182,0.4534391203210325,-0.9848709802200764]]
[[-0.6383549620740038,-0.206265004693766,0.5525807417927223],[-0.005861767001996313,-0.0021869530312114533,0.0021331500350472484],[0.6442167290760001,0.20845195772497746,-0.5547138918277695]]
[[-0.5465636080252835,-0.09490837482408679,0.33614363059393615],[-0.005911195056794948,-0.002234909102155945,0.002085385653149135],[0.5524748030820784,0.09714328392624275,-0.3382290162470853]]
[[-0.47032531024831375,-0.03740465996609906,0.21522630424381312],[-0.005953077986751333,-0.0022828424828244946,0.002038436804028018],[0.4762783882350651,0.03968750244892356,-0.21726474104784113]]
[[-0.4121955893633501,-0.004282256129236557,0.14107729248274306],[-0.005987723288213788,-0.002328981533702509,0.0019909120388667666],[0.4181833126515639,0.006611237662939067,-0.14306820452160982]]
[[-0.36835442128505236,0.01668240385931518,0.09191994735267883],[-0.006015927524961842,-0.0023722509871934626,0.0019419613978043748],[0.3743703488100142,-0.014310152872121716,-0.0938619087504832]]
[[-0.3351469040986604,0.031157804137858507,0.057054866915931875],[-0.006038662447808517,-0.002412011580769891,0.0018910656259169473],[0.34118556654646887,-0.028745792557088614,-0.05894593254184882]]
[[-0.30987733090673164,0.04203870543379781,0.030753495477410787],[-0.006056943556427202,-0.0024479165318845707,0.0018379127982803916],[0.31593427446315886,-0.03959078890191325,-0.03259140827569118]]
[[-0.29066382521318274,0.05093864354333068,0.009701564994481267],[-0.006071771938252438,-0.002479826909606977,0.0017823233417718289],[0.2967355971514352,-0.0484588166337237,-0.011483888336253096]]
[[-0.2762078904671563,0.05884090949617471,-0.008169316117646366],[-0.006084108701565478,-0.002507758811086591,0.0017242025445440082],[0.2822919991687218,-0.05633315068508812,0.006445113573102357]]
[[-0.2656165178849479,0.0664099214105932,-0.024262164692112318],[-0.006094865321035918,-0.00253184920806256,0.0016635094723970387],[0.27171138320598376,-0.06387807220253064,0.02259865521971528]]
[[-0.2582810938571099,0.07415557970535386,-0.039629783925147585],[-0.006104902445333729,-0.002552333845576435,0.0016002362762229994],[0.2643859963024436,-0.07160324585977743,0.038029547648924585]]
[[-0.25379741567223046,0.08253223317271144,-0.055166894526612935],[-0.006115033561742945,-0.0025695338061873458,0.0015343945645268698],[0.2599124492339734,-0.07996269936652409,0.05363249996208607]]
[[-0.2519121742843626,0.09201137266856838,-0.07174973030791046],[-0.006126031611558704,-0.0025838490949039125,0.001466007053704949],[0.25803820589592125,-0.08942752357366446,0.07028372325420551]]
[[-0.2524840560456472,0.10315118557983724,-0.09036584803126282],[-0.006138637396359873,-0.002595758665618718,0.0013951037208925605],[0.25862269344200706,-0.10055542691421852,0.08897074431037026]]
[[-0.2554475436503947,0.1166826703274306,-0.11227120376082496],[-0.006153568839437669,-0.0026058270949222417,0.001321722530721264],[0.26160111248983237,-0.11407684323250836,0.1109494812301037]]
[[-0.26076117264747867,0.13363775454830562,-0.13922333760768535],[-0.006171529941757915,-0.002614718824227519,0.0012459157711564328],[0.26693270258923657,-0.13102303572407809,0.13797742183652892]]
[[-0.2683008882426671,0.15556280880539486,-0.1738766670880778],[-0.006193217378786455,-0.002623221642142972,0.0011677644585137985],[0.2744941056214536,-0.1529395871632519,0.172708902629564]]
[[-0.2775968901593897,0.18490249835321523,-0.22051616947851782],[-0.00621932042083235,-0.00263228183043303,0.0010874057413714948],[0.28381621058022205,-0.1822702165227822,0.21942876373714632]]
[[-0.2871213761042015,0.2257326064125041,-0.2865255279778209],[-0.006250504370254669,-0.002643053682678991,0.0010050829068618467],[0.29337188047445617,-0.22308955272982509,0.28552044507095903]]
[[-0.2921935993316058,0.28522959088253663,-0.38554535077201535],[-0.006287353975594006,-0.0026569638647314974,0.0009212369073939191],[0.2984809533071998,-0.2825726270178051,0.3846241138646214]]
[[-0.27814290958804666,0.3766675451324623,-0.5447374076826244],[-0.006330216802365185,-0.0026757779788932753,0.0008366772681266249],[0.2844731263904119,-0.373991767153569,0.5439007304144978]]
[[-0.1947841830513329,0.524659321563491,-0.8218447792413228],[-0.006378782232957124,-0.0027015976663751708,0.0007529062633712381],[0.20116296528429004,-0.5219577238971159,0.8210918729779516]]
[[0.15402016592847362,0.7607272178391259,-1.333158281952171],[-0.0064309151138348935,-0.00273645191178447,0.0006727044789138593],[-0.14758925081463872,-0.7579907659273414,1.3324855774732571]]
[[1.561618774227538,0.9168838496195613,-2.0492521586557086],[-0.006479403445968906,-0.002779918831622598,0.0006007164203191494],[-1.5551393707815693,-0.9141039307879387,2.0486514422353896]]
[[4.132930252867443,-0.573174411458142,-0.35440302541311597],[-0.006506714291896357,-0.002819310224044542,0.0005389467912039071],[-4.126423538575548,0.5759937216821865,0.3538640786219121]]
[[1.5306591444853472,-1.587216782527329,2.196605802419507],[-0.0065164432218902365,-0.002834251848951847,0.0004640246723988323],[-1.524142701263457,1.5900510343762806,-2.1970698270919065]]
[[-0.1138276892633199,-0.8526093801069731,1.4823061234751091],[-0.006545347470846044,-0.0028525487958413753,0.00036889171328686256],[0.12037303673416595,0.8554619289028144,-1.482675015188396]]
[[-0.4086464247873207,-0.4411646198754913,0.8812670557859414],[-0.006589506055742149,-0.002884967180825895,0.0002679427872233976],[0.4152359308430629,0.4440495870563172,-0.8815349985731649]]
[[-0.4285047977651721,-0.25009260386382615,0.5646877548375849],[-0.006640033036515022,-0.0029285977836777527,0.00016704129368813676],[0.43514483080168714,0.2530212016475039,-0.564854796131273]]
[[-0.39866908341684654,-0.15165401370086545,0.3888258117662888],[-0.006691729578684913,-0.002979685951524069,0.00006797446879975766],[0.40536081299553145,0.15463369965238952,-0.3888937862350885]]
[[-0.3642080277424696,-0.09513723087137231,0.28237249587985613],[-0.00674177338334838,-0.0030352848195044097,-0.000028785547912325214],[0.37094980112581794,0.09817251569087672,-0.28234371033194383]]
[[-0.33432587944040587,-0.05964059536391645,0.21292696812369324],[-0.006788638410002298,-0.0030931727710687396,-0.00012321079448828252],[0.3411145178504082,0.06273376813498519,-0.21280375732920495]]
[[-0.31026147516417385,-0.03560910626665678,0.16472354078578763],[-0.006831534706038487,-0.003151646260192503,-0.00021543579907066542],[0.31709300987021233,0.03876075252684928,-0.16450810498671695]]
[[-0.291478507121214,-0.01823245462048591,0.12945202644847328],[-0.006870117253318784,-0.0032093688531830925,-0.000305661645151711],[0.29834862437453274,0.021441823473669006,-0.1291463648033216]]
[[-0.2771769862505093,-0.004877941768150889,0.10240079349456879],[-0.006904325336675938,-0.0032652735004200396,-0.00039412371391606875],[0.2840813115871852,0.008143215268570928,-0.10200666978065273]]
[[-0.26666071686069326,0.006008224639866227,0.08071623997378326],[-0.0069342877748752516,-0.0033184997969404645,-0.00048108283489190135],[0.2735950046355685,-0.002689724842925763,-0.08023515713889136]]
[[-0.25940605912625403,0.015414457765841109,0.06255614460144185],[-0.0069602633700138455,-0.003368353008054701,-0.0005668254777953644],[0.2663663224962679,-0.012046104757786408,-0.06198931912364649]]
[[-0.25505551503653445,0.024024437528379575,0.04664657476182921],[-0.00698260140720166,-0.003414276794352784,-0.000651667625240271],[0.26203811644373615,-0.02061016073402679,-0.045994907136588936]]
[[-0.2533985320464817,0.03236164790769557,0.03203100965833897],[-0.0070017143679640586,-0.0034558349696891272,-0.0007359603706580139],[0.2604002464144458,-0.028905812938006446,-0.03129504928768096]]
[[-0.25435697719571176,0.0408794768963609,0.017912923609004098],[-0.007018058680777546,-0.0034926997439526037,-0.0008200966799336332],[0.2613750358764893,-0.0373867771524083,-0.017092826929070465]]
[[-0.2579799893935275,0.05002814166854329,0.0035403881841952977],[-0.007032121273524296,-0.003524645288464562,-0.0009045193869435589],[0.2650121106670518,-0.04650349638007873,-0.002635868797251739]]
[[-0.2644496589445086,0.06031785451126353,-0.011899811320878516],[-0.007044410812882565,-0.0035515465020078962,-0.0009897308312001177],[0.2714940697573912,-0.05676630800925563,0.012889542152078633]]
[[-0.2740984257492197,0.07239530612052855,-0.029407380339796178],[-0.007055453261339715,-0.003573383837070074,-0.0010763047760370256],[0.28115387901055944,-0.06882192228345847,0.030483685115833204]]
[[-0.28743847746991463,0.0871558421406892,-0.05035125290070243],[-0.007065792010217195,-0.0035902562509578496,-0.001164901433019591],[0.2945042694801318,-0.08356558588973134,0.051516154333722024]]
[[-0.30519951182376565,0.10592993506932488,-0.07677724156619985],[-0.007075993549405457,-0.0036024061659435122,-0.0012562865378167487],[0.3122755053731711,-0.10232752890338137,0.07803352810401659]]
[[-0.3283545322768027,0.13082105495179316,-0.11197950292410949],[-0.0070866606158123445,-0.003610263444044648,-0.0013513552876490817],[0.3354411928926151,-0.12721079150774853,0.11333085821175858]]
[[-0.35804967948180383,0.16536334990696494,-0.16165211154244277],[-0.007098456291753152,-0.003614521170054114,-0.0014511609158538161],[0.365148135773557,-0.16174882873691085,0.1631032724582966]]
[[-0.39510796008031546,0.215894088342016,-0.23640572781008642],[-0.007112144904951061,-0.0036162673610743105,-0.001556943635222651],[0.4022201049852665,-0.2122778209809417,0.23796267144530908]]
[[-0.43774926162902145,0.2946203077437893,-0.35777088171279436],[-0.007128658568935027,-0.0036172196707256244,-0.0016701414443782829],[0.44487792019795647,-0.2910030880730637,0.35944102315717263]]
[[-0.47131828881666926,0.4267867608584131,-0.5738333347198112],[-0.007149196972465754,-0.0036201561462358674,-0.0017923134425148475],[0.478467485789135,-0.42316660471217726,0.5756256481623261]]
[[-0.4170700971362294,0.6654385757917338,-1.0011860856853403],[-0.0071753267697880355,-0.00362970751292788,-0.0019247117422216179],[0.42424542390601744,-0.6618088682788059,1.003110797427562]]
[[0.15317609551929115,1.070461665236804,-1.8815125888377224],[-0.00720871288209189,-0.003653550760820177,-0.002066432924152024],[-0.14596738263719924,-1.0668081144759838,1.8835790217618744]]
[[2.83259881893712,0.8985978819343231,-2.455814385015448],[-0.007247742953936716,-0.0037007831409962503,-0.0022071768634784198],[-2.8253510759831832,-0.8948970987933268,2.4580215618789265]]
[[3.369904335513841,-1.232009174586644,1.0270634503302845],[-0.00727261834767581,-0.0037527573617258695,-0.002320570778288349],[-3.3626317171661655,1.23576193194837,-1.0247428795519962]]
[[0.8414824055594496,-1.0638318890260834,1.5588007021052621],[-0.007273778194000808,-0.0037742354233666828,-0.002431269222156243],[-0.8342086273654489,1.06760612444945,-1.556369432883106]]
[[0.041672890913346396,-0.6188752261788079,1.0547521736689185],[-0.007270026771454304,-0.0037864170866855943,-0.0025617019803913467],[-0.03440286414189209,0.6226616432654934,-1.052190471688527]]
[[-0.17003919843946128,-0.38241468916846494,0.7178244480218049],[-0.007267441707678322,-0.0038017708502153347,-0.002708284644273907],[0.1773066401471396,0.38621646001868026,-0.715116163377531]]
[[-0.22849231432893138,-0.2555741242639099,0.5193431512822497],[-0.0072665565431094675,-0.00382350361837646,-0.0028656870357498827],[0.23575887087204087,0.2593976278822864,-0.5164774642464999]]
[[-0.24199727255614406,-0.18122169301516058,0.39637157290982766],[-0.007266772061456057,-0.0038518451686079783,-0.0030301382953010414],[0.24926404461760013,0.18507353818376857,-0.39334143461452664]]
[[-0.241411775609516,-0.13395542483840825,0.31531433180183766],[-0.007267415151091012,-0.00388615004940745,-0.0031991244239358697],[0.24867919076060702,0.1378415748878157,-0.31211520737790177]]
[[-0.2368063358702369,-0.10182661325613547,0.2589261793440744],[-0.00726796564706669,-0.0039255535270744345,-0.0033709440006037387],[0.24407430151730358,0.10575216678320991,-0.25555523534347063]]
[[-0.23178899385574883,-0.07872802862587791,0.21789263523671742],[-0.007268082597197557,-0.0039691813410279,-0.003544418373126431],[0.23905707645294638,0.08269720996690581,-0.214348216863591]]
[[-0.22772616688221342,-0.061288749764298704,0.1868689018308642],[-0.0072675829312874255,-0.004016212868737063,-0.0037187174897072277],[0.23499374981350085,0.06530496263303577,-0.18315018434115696]]
[[-0.22515500248172732,-0.047516608259899534,0.16260759682010267],[-0.007266411809380792,-0.004065893262198708,-0.0038932545827240436],[0.2324214142911081,0.05158250152209824,-0.15871434223737865]]
[[-0.22430604878467159,-0.036156879868522514,0.14302733442745888],[-0.007264614534290399,-0.004117527316282985,-0.004067620724537177],[0.231570663318962,0.0402744071848055,-0.13895971370292168]]
[[-0.22531431840336913,-0.026366053356500923,0.12672102714806793],[-0.0072623118290580935,-0.0041704667873992025,-0.0042415427881809095],[0.23257663023242722,0.030536520143900125,-0.12247948435988702]]
[[-0.2283137436608093,-0.017533051567331235,0.11267939766151229],[-0.007259678038554639,-0.004224095290339609,-0.004414855508132118],[0.23557342169936396,0.021757146857670842,-0.10826454215338017]]
[[-0.23348770312016637,-0.009172207877122727,0.10012329724526481],[-0.007256921224364705,-0.004277811994625654,-0.004587482341512571],[0.24074462434453106,0.01345001987174838,-0.09553581490375224]]
[[-0.24110594803711569,-0.0008505362172115346,0.08839029392320623],[-0.007254263949148574,-0.004331014166020068,-0.00475942213888952],[0.24836021198626426,0.005181550383231602,-0.0836308717843167]]
[[-0.2515632460178772,0.007872113137949924,0.07684363133986756],[-0.007251923392877139,-0.004383078088220854,-0.0049307400703342864],[0.25881516941075433,-0.003489035049729071,-0.07191289126953328]]
[[-0.2654307211664403,0.017505969269065516,0.06477951286627862],[-0.007250089146695376,-0.0044333376559963665,-0.005101562296602764],[0.2726808103131356,-0.013072631613069149,-0.059677950569675856]]
[[-0.2835318596270516,0.02871488613062334,0.05130604968184752],[-0.007248896470200945,-0.004481059825035015,-0.005272074864991339],[0.2907807560972525,-0.024233826305588325,-0.046033974816856185]]
[[-0.30706016854695384,0.04244789412656672,0.035151596293087006],[-0.007248391808050543,-0.0045254161640115335,-0.005442528589511114],[0.3143085603550044,-0.03792247796255519,-0.02970906770357589]]
[[-0.3377645612634648,0.060171223578150405,0.01431922056601507],[-0.007248485651028154,-0.004565450210442156,-0.005613253770457386],[0.34501304691449297,-0.05560577336770825,-0.008705966795557685]]
[[-0.37823945119552727,0.08431381018241882,-0.014598332871183995],[-0.007248884859107233,-0.004600041873289972,-0.0057846925405755836],[0.3854883360546345,-0.07971376830912884,0.02038302541175958]]
[[-0.43234856227039364,0.11919194295066654,-0.05789847241364246],[-0.007248991350365257,-0.004627874730582808,-0.005957464639924938],[0.43959755362075886,-0.11456406822008373,0.0638559370535674]]
[[-0.5056574906510293,0.17309168596084204,-0.1282711861940824],[-0.007247744878233139,-0.0046474257055653745,-0.006132499833004583],[0.5129052355292624,-0.16844426025527667,0.13440368602708697]]
[[-0.6046951372250581,0.26338565644262646,-0.2539906623933357],[-0.0072433723324602725,-0.004657038783042042,-0.00631131017680586],[0.6119385095575184,-0.25872861765958444,0.26030197257014154]]
[[-0.7270012508375786,0.43005649247138866,-0.5058107144144712],[-0.007232988677734416,-0.004655285820476384,-0.00649657029304981],[0.7342342395153131,-0.4254012066509123,0.512307284707521]]
[[-0.7846589191649523,0.7684565793366473,-1.0791528454308785],[-0.0072120439238103715,-0.004642342884331931,-0.006693378860715173],[0.7918709630887627,-0.7638142364523154,1.0858462242915938]]
[[-0.05805545397735102,1.3787927429333378,-2.3834903162678693],[-0.007174348947776812,-0.004625182838227956,-0.00691157147941452],[0.06522980292512782,-1.3741675600951098,2.390401887747284]]
[[3.348393610263453,0.7597031799729046,-2.4094541112745818],[-0.00711930279177713,-0.004633594692514083,-0.007162180029025101],[-3.341274307471676,-0.7550695852803905,2.416616291303607]]
[[2.768582638701269,-1.0000559646704275,0.8571582035343722],[-0.007071512154863599,-0.004692542720992968,-0.007407275304154279],[-2.7615111265464054,1.0047485073914204,-0.8497509282302179]]
[[0.9051650534404856,-0.8247528228309987,1.1568393528065226],[-0.0070241156250858035,-0.004743517882352208,-0.007614611599954005],[-0.8981409378153997,0.829496340713351,-1.1492247412065686]]
[[0.25724095324983565,-0.5374744735953533,0.8652229239303414],[-0.006965365370974298,-0.004771161116361108,-0.007807365557161191],[-0.25027558787886134,0.5422456347117144,-0.8574155583731803]]
[[0.02798551144591356,-0.3678243376219012,0.6431756165085109],[-0.0068943137421846575,-0.004781562068801824,-0.007999335089038122],[-0.021091197703728904,0.37260589969070307,-0.6351762814194728]]
[[-0.0656593600098443,-0.2678352055354623,0.49887817970946274],[-0.006812336550506632,-0.004780752499604809,-0.008196057401477523],[0.07247169656035095,0.2726159580350671,-0.49068212230798525]]
[[-0.10875466990092733,-0.20497133193725217,0.4030871146635478],[-0.00672085693162317,-0.004772773306405969,-0.00839969731845767],[0.1154755268325505,0.20974410524365814,-0.3946874173450901]]
[[-0.13066833934283004,-0.16290998655201083,0.3368016895910002],[-0.006620958796908907,-0.004760189940116476,-0.008611086234636401],[0.13728929813973895,0.1676701764921273,-0.3281906033563638]]
[[-0.1430236062634499,-0.13325496788353736,0.2891149402265201],[-0.006513379597333542,-0.004744618095096701,-0.008830533081677732],[0.14953698586078346,0.13799958597863404,-0.28028440714484243]]
[[-0.15096267810820713,-0.11141268988965204,0.2536640851744024],[-0.006398565191417205,-0.004727069740560559,-0.00905816137979264],[0.15736124329962434,0.1161397596302126,-0.24460592379460977]]
[[-0.1569843434091471,-0.09470989708244974,0.22658620887159125],[-0.006276722540019446,-0.0047081690656457335,-0.009294052983258062],[0.16326106594916656,0.09941806614809548,-0.2172921558883332]]
[[-0.16241693227253506,-0.08150040871483212,0.2054347990294951],[-0.006147860282851103,-0.004688288676582705,-0.00953830759579637],[0.16856479255538617,0.08618869739141483,-0.19589649143369875]]
[[-0.16804339789934186,-0.07071546504566939,0.18859648931874223],[-0.006011818856562338,-0.0046676381172878045,-0.009791063506863824],[0.1740552167559042,0.0753831031629572,-0.17880542581187842]]
[[-0.1743919646849575,-0.06162309795817352,0.17496469580883398],[-0.005868293764504115,-0.004646323820455217,-0.010052499722704455],[0.1802602584494616,0.06626942177862874,-0.1649121960861295]]
[[-0.18188549517958422,-0.05369085303467643,0.16374813053332518],[-0.005716855513511464,-0.004624391893535898,-0.01032282893816196],[0.18760235069309567,0.05831524492821233,-0.1534253015951632]]
[[-0.19092969369381596,-0.046501177520318376,0.15435159864846928],[-0.005556969430918459,-0.004601860668367804,-0.01060228598848759],[0.19648666312473442,0.05110303818868618,-0.1437493126599817]]
[[-0.2019773857373655,-0.03969307687701111,0.14629503328011767],[-0.005388018509753824,-0.004578747260039871,-0.010891114167969946],[0.20736540424711933,0.04427182413705098,-0.13540391911214772]]
[[-0.21558970246747228,-0.03291426148010715,0.13914997346063362],[-0.0052093327210939525,-0.004555090619679817,-0.011189550676455957],[0.22079903518856622,0.03746935209978697,-0.12796042278417769]]
[[-0.23251024888407493,-0.025771568308053047,0.1324774020391572],[-0.005020228959393644,-0.004530972157772158,-0.01149781176053994],[0.23753047784346856,0.030302540465825204,-0.12097959027861727]]
[[-0.25377065683138256,-0.0177658548329837,0.12574888076030627],[-0.004820067080196777,-0.00450653347095273,-0.011816077384947846],[0.25859072391157933,0.02227238830393643,-0.11393280337535844]]
[[-0.2808555059138814,-0.00818945404240876,0.11822193217867233],[-0.004608329578858219,-0.004481988399740032,-0.012144473954024997],[0.2854638354927397,0.01267144244214879,-0.10607745822464733]]
[[-0.3159756241129123,0.004056499313276469,0.10871126571096387],[-0.004384735699864922,-0.004457622472419671,-0.012483050713471673],[0.3203603598127772,0.0004011231591432014,-0.0962282149974922]]
