[[0.12549374608010952,-0.23598333749721026,-0.42521301316412163],[-0.23740767394158074,0.29815216139097517,0.37252993915265176],[0.11191392786147121,-0.062168823893764935,0.05268307401146992]]
[[0.13347670765779324,-0.3132778714299572,-0.4770201375500219],[-0.26805455636400444,0.36888987233000825,0.42032804931853096],[0.13457784870621117,-0.05561200090005103,0.05669208823149101]]
[[0.14299906014393138,-0.43227524949837476,-0.5450234306307324],[-0.31449961405479276,0.47884658797571117,0.4854860844589193],[0.1715005539108614,-0.04657133847733639,0.05953734617181313]]
[[0.1539983425781219,-0.6295018678242238,-0.6337501211700044],[-0.39057577815656563,0.660927885555201,0.577766672807862],[0.2365774355784437,-0.03142601773097722,0.055983448362142384]]
[[0.16375759798271122,-0.9902014103219313,-0.7429981587481885],[-0.5369636175271615,0.990029925374163,0.7157037232221578],[0.3732060195444503,0.00017148494776829393,0.027294435526030683]]
[[0.14383651195690378,-1.7514000525207907,-0.8295524496507154],[-0.953179047312642,1.6045152751886331,0.9697244180273119],[0.8093425353557383,0.1468847773321576,-0.14017196837659654]]
[[-0.20601260784631537,-3.6639674408829435,-0.4034548664607614],[-0.08858582670975379,0.17806369317698412,2.1182627454883303],[0.29459843455606916,3.4859037477059593,-1.7148078790275687]]
[[-0.9832826316543282,-4.229330816483455,3.2789097366743074],[2.172640332311035,4.573391469998119,-3.5881789352838442],[-1.1893577006567069,-0.34406065351466397,0.3092691986095369]]
[[-1.906763191261023,1.0151919208851166,4.275334459685593],[2.0075213030939656,-0.8567413081230681,-4.3422605012832145],[-0.10075811183294259,-0.1584506127620485,0.0669260415976214]]
[[-0.6429943982306061,1.8636697994061402,1.6746068557578742],[0.6800905467205024,-1.7942277906801865,-1.707321921310381],[-0.037096148489896306,-0.06944200872595373,0.03271506555250685]]
[[-0.19248551153305918,1.376454702793899,0.632879548829217],[0.21216345178608792,-1.335198365647573,-0.6520691822443113],[-0.019677940253028724,-0.04125633714632598,0.019189633415094356]]
[[-0.04308175533885947,0.9876907009642509,0.2514941969013864],[0.055135481457364424,-0.9599742718115731,-0.2638784410319463],[-0.012053726118504955,-0.02771642915267772,0.012384244130559871]]
[[0.012945462134029,0.7381188524734795,0.09184308430225063],[-0.004902913022659416,-0.7181760223576925,-0.10038545049197176],[-0.008042549111369583,-0.019942830115786972,0.008542366189721129]]
[[0.035795365196355275,0.5750946863472925,0.016877095809024235],[-0.030099182386750033,-0.5600693774003489,-0.023073290836214896],[-0.00569618280960524,-0.015025308946943653,0.006196195027190662]]
[[0.045281102953762004,0.4638110576839611,-0.021272921705010113],[-0.04106193932998777,-0.452099445565211,0.01659806253573507],[-0.004219163623774227,-0.011711612118750096,0.004674859169275044]]
[[0.048879464170793176,0.3845583302415722,-0.041719658799261726],[-0.04564298054291018,-0.37518462425867094,0.03807961743748136],[-0.003236483627882994,-0.009373705982901302,0.003640041361780362]]
[[0.0497342908114036,0.32603044479001625,-0.052983165276501376],[-0.04718081373912783,-0.31836599073554234,0.0500750504889301],[-0.0025534770722757667,-0.007664454054473943,0.0029081147875712724]]
[[0.049279618090166705,0.28147547258910083,-0.059205887034688695],[-0.04721803962546598,-0.2750970804597814,0.05683253187048506],[-0.00206157846470072,-0.006378392129319474,0.002373355164203642]]
[[0.048209802700377655,0.2466858977216025,-0.06254448757748857],[-0.04651309385837688,-0.24129846445478037,0.060572650881388586],[-0.0016967088420007763,-0.005387433266822128,0.0019718366960999757]]
[[0.0468753060236193,0.21893525080187876,-0.06418454243664434],[-0.045456056899565826,-0.21432689580059228,0.06252126950537114],[-0.0014192491240534754,-0.004608355001286477,0.0016632729312732076]]
[[0.04545744984762012,0.19639467198387392,-0.064806819468786],[-0.044253718894589,-0.19240946450894966,0.06338546135993421],[-0.0012037309530311213,-0.003985207474924269,0.001421358108851785]]
[[0.044050676570004714,0.1777997663380544,-0.06481615332256409],[-0.04301744668179649,-0.17432049072806557,0.0635877737983702],[-0.0010332298882082234,-0.0034792756099888125,0.0012283795241938868]]
[[0.04270333568154805,0.16225299236697985,-0.06446013700617921],[-0.04180716367270155,-0.15918989457176083,0.06338805086044744],[-0.0008961720088464985,-0.0030630977952190303,0.0010720861457317779]]
[[0.041438778290846925,0.14910229462498711,-0.0638935901149916],[-0.04065433648550516,-0.1463855249759188,0.0629497880943516],[-0.0007844418053417633,-0.0027167696490682947,0.0009438020206399962]]
[[0.04026664427904511,0.13786419345835968,-0.06321498023241975],[-0.03957442229675399,-0.13543860594807805,0.062377727165886555],[-0.0006922219822911213,-0.002425587510281617,0.0008372530665331985]]
[[0.03918906566854314,0.12817366189600155,-0.062487704339206654],[-0.03857380535211546,-0.12599515718194718,0.061739887650702666],[-0.0006152603164276844,-0.002178504714054353,0.0007478166885039884]]
[[0.0382041450711405,0.11975062970214177,-0.06175289015895751],[-0.0376537512090366,-0.11778353386639329,0.06108086053271261],[-0.0005503938621038955,-0.0019670958357484777,0.0006720296262448995]]
[[0.037307932405079215,0.1123770888656559,-0.061037292631076566],[-0.03681269966529721,-0.1105922420546669,0.060430034831634456],[-0.0004952327397820055,-0.0017848468109889783,0.0006072577994421095]]
[[0.03649555499023559,0.10588112441799098,-0.060358272469753886],[-0.036047609542657566,-0.10425446538352999,0.05980680220070251],[-0.00044794544757802385,-0.001626659034460994,0.0005514702690513749]]
[[0.03576186172951555,0.10012556956264872,-0.05972699539318405],[-0.03535475146615669,-0.09863707263874687,0.059223913798370637],[-0.00040711026335885883,-0.001488496923901846,0.0005030815948134145]]
[[0.03510178472918926,0.0949998107663963,-0.05915052241806929],[-0.034730174152648924,-0.093632677265113,0.058689682390680634],[-0.00037161057654033975,-0.0013671335012832972,0.00046084002738866063]]
[[0.034510535306332045,0.0904137777968954,-0.058633195618495774],[-0.034169975328716205,-0.0891538137008806,0.058209448639319344],[-0.00034055997761584395,-0.0012599640960148082,0.0004237469791764287]]
[[0.03398370275710765,0.08629347464932657,-0.0581775686415353],[-0.03367045490015722,-0.08512860651113115,0.05778657044258375],[-0.0003132478569504307,-0.0011648681381954335,0.00039099819895155227]]
[[0.0335172963891504,0.08257761377398462,-0.05778503868516811],[-0.033228197024587146,-0.0814975083837949,0.057423098446333504],[-0.0002890993645632523,-0.0010801053901897265,0.0003619402388345998]]
[[0.03310775504723213,0.07921505138003375,-0.05745628019799746],[-0.032840109473747665,-0.07821081421254553,0.05712024234863214],[-0.000267645573484464,-0.0010042371674882228,0.00033603784936532]]
[[0.03275193871728053,0.0761628119001549,-0.05719154548465176],[-0.03250343772620248,-0.07522674598558418,0.056878696198020585],[-0.0002485009910780513,-0.0009360659145707285,0.00031284928663117867]]
[[0.03244711100970711,0.07338455093201128,-0.056990875225644534],[-0.032215764581432,-0.07250996251619736,0.05669886780800843],[-0.00023134642827511134,-0.0008745884158139104,0.00029200741763610376]]
[[0.032190917822530946,0.0708493481124597,-0.056854247681373045],[-0.03197500200142181,-0.07003038887043567,0.056581042558394495],[-0.0002159158211091325,-0.0008189592420240283,0.00027320512297854477]]
[[0.03198136535449768,0.0685307507857824,-0.05678168607857153],[-0.03177937935522197,-0.06776228882959608,0.05652550216050596],[-0.00020198599927570912,-0.0007684619561863295,0.0002561839180655677]]
[[0.03181679934042173,0.06640601011160527,-0.05677333756637042],[-0.03162743066608521,-0.06568352385647282,0.05653261255770262],[-0.0001893686743365204,-0.0007224862551324574,0.00024072500866779902]]
[[0.031695886594120176,0.06445546612542015,-0.05682953305894366],[-0.031517982478609756,-0.06377495643414285,0.056602890854264114],[-0.00017790411551041742,-0.0006805096912772921,0.0002266422046795468]]
[[0.03161759947443243,0.06266204901773886,-0.056950834548929935],[-0.03145014335454645,-0.06201996606099297,0.05673705828435295],[-0.0001674561198859838,-0.0006420829567458936,0.00021377626457698428]]
[[0.03158120361846517,0.06101087175544976,-0.05713807463195452],[-0.03142329563472847,-0.060404053796126705,0.056936084281577044],[-0.00015790798373670239,-0.0006068179593230548,0.00020199035037747766]]
[[0.03158624914060728,0.05948889496490496,-0.057392391738448026],[-0.03143708988647042,-0.058914516862962,0.05720122538728719],[-0.00014915925413685595,-0.0005743781019429572,0.00019116635116083592]]
[[0.03163256543124981,0.05808464930804738,-0.05771526373623539],[-0.031491442337995765,-0.05754017899494633,0.05753406184541085],[-0.00014112309325404326,-0.0005444703131010486,0.00018120189082453794]]
[[0.031720259678141655,0.05678800381454139,-0.05810854202267758],[-0.03158653555109571,-0.056271165337153733,0.05793653414414179],[-0.0001337241270459452,-0.0005168384773876533,0.00017200787853579235]]
[[0.03184971925952697,0.055589971069823704,-0.05857448788761697],[-0.031722822580066805,-0.05509871307745861,0.058410981395222585],[-0.00012689667946016872,-0.0004912579923650948,0.00016350649239438205]]
[[0.032021618212385805,0.054482542004500346,-0.05911581274552782],[-0.03190103489704942,-0.054015010767786566,0.05896018323450906],[-0.00012058331533638182,-0.00046753123671378196,0.00015562951101876036]]
[[0.03223692805676008,0.0534585444301657,-0.059735723774097416],[-0.03212219442479251,-0.05301306065053218,0.05958740684792153],[-0.00011473363196756853,-0.00044548377963352385,0.00014831692617588475]]
[[0.0324969333572408,0.052511520525056275,-0.06043797653783636],[-0.03238763010516426,-0.052086559328747374,0.060296460754157476],[-0.00010930325207653604,-0.0004249611963088996,0.00014151578367888984]]
[[0.03280325252684416,0.05163561926476818,-0.061226936310596315],[-0.03269899954603654,-0.05122979288343713,0.061091757099940226],[-0.00010425298080761247,-0.0004058263813310449,0.00013517921065608267]]
[[0.03315786453070708,0.0508255003712862,-0.06210765003999312],[-0.03305831643375292,-0.050437543098124704,0.06197838444425174],[-0.00009954809695415933,-0.0003879572731614961,0.000129265595741386]]
[[0.03356314233368337,0.05007624675356937,-0.06308593122745568],[-0.03346798457910418,-0.049705001834164944,0.06296219333212096],[-0.00009515775457919134,-0.0003712449194044248,0.00012373789533472326]]
[[0.03402189416612052,0.04938328265696347,-0.06416846044564385],[-0.033930839690281676,-0.04902769083110794,0.06404989740137815],[-0.00009105447583884348,-0.0003555918258555313,0.00011856304426570378]]
[[0.034537413968290125,0.04874229483688015,-0.06536290480500563],[-0.03445020024880488,-0.04840138429408018,0.06524919335171463],[-0.00008721371948524929,-0.0003409105427999609,0.00011371145329099554]]
[[0.03511354273287578,0.04814915402315901,-0.0666780604489233],[-0.03502992922044462,-0.04782203157272743,0.06656890386981272],[-0.00008361351243115487,-0.0003271224504315822,0.00010915657911057716]]
[[0.03575474291908629,0.047599833731754526,-0.06812402315201353],[-0.035674508785013055,-0.04728567701973863,0.06801914859682652],[-0.00008023413407323371,-0.0003141567120158946,0.00010487455518702236]]
[[0.036466188691656694,0.04709032308189356,-0.06971239338731346],[-0.03638913084673266,-0.04678837371302549,0.06961154951357602],[-0.00007705784492403263,-0.0003019493688680691,0.00010084387373743319]]
[[0.0372538754842818,0.04661652964318853,-0.07145652390966722],[-0.03717980683168887,-0.04632608708755213,0.07135947879871832],[-0.00007406865259292525,-0.0002904425556364003,0.0000970451109489055]]
[[0.0381247533559544,0.046174167396873314,-0.07337182010475088],[-0.03805350124659362,-0.04589458357889336,0.07327835941592095],[-0.00007125210936078253,-0.0002795838179799593,0.00009346068882992817]]
[[0.03908688987742757,0.04575862354145167,-0.07547610625634854],[-0.03901829474085709,-0.04548929802377989,0.07538603158813109],[-0.00006859513657047412,-0.0002693255176717868,0.00009007466821744007]]
[[0.04014966996080295,0.045364795947290794,-0.07779007474107284],[-0.04008358408895106,-0.04510517163471616,0.07770320217270926],[-0.00006608587185188692,-0.0002596243125746368,0.00008687256836357592]]
[[0.041324042278453134,0.04498689033242954,-0.08033784032566446],[-0.04126032874260119,-0.04473644963150259,0.08025399911639691],[-0.00006371353585195007,-0.0002504407009269489,0.00008384120926755356]]
[[0.04262282492120513,0.044618162343337125,-0.08314762872446342],[-0.04256135660552956,-0.04437642372231394,0.0830666601509351],[-0.00006146831567556646,-0.000241738621023189,0.00008096857352832339]]
[[0.04406108702512896,0.044250584153222035,-0.08625263810400652],[-0.04400174576244419,-0.044017099054482756,0.08617439441900898],[-0.00005934126268476744,-0.00023348509873927925,0.00007824368499754068]]
[[0.045656628693460405,0.04387440713556149,-0.08969212536215004],[-0.045599304490791796,-0.04364875719906949,0.08961646886022001],[-0.00005732420266861175,-0.0002256499364919966,0.0000756565019300308]]
[[0.04743058930319021,0.04347758039594392,-0.09351278733048281],[-0.04737517964649071,-0.043259374957771636,0.09343958950780676],[-0.00005540965669950058,-0.00021820543817228596,0.00007319782267605355]]
[[0.04940822517684784,0.04304496751661875,-0.09777053289773298],[-0.04935463440560385,-0.04283384135122904,0.09769967369548395],[-0.00005359077124399416,-0.00021112616538970552,0.00007085920224903378]]
[[0.05161991306689805,0.04255727770836528,-0.10253277898617466],[-0.051568051810591084,-0.0423528889873296,0.10246414610783049],[-0.00005186125630696796,-0.00020438872103568218,0.00006863287834417664]]
[[0.054102458153175305,0.041989587693143905,-0.10788145680890589],[-0.05405224282261098,-0.04179161613640513,0.10781494510332021],[-0.00005021533056432066,-0.0001979715567387802,0.00006651170558567954]]
[[0.05690081771832225,0.041309268843435665,-0.11391699345960031],[-0.05685217004573495,-0.041117414042172014,0.11385250436265071],[-0.00004864767258729748,-0.00019185480126364667,0.00006448909694960257]]
[[0.06007039973702217,0.040473036547495685,-0.12076365127198571],[-0.06002324635963667,-0.040287016440184426,0.1207010923005347],[-0.00004715337738549371,-0.00018602010731125926,0.00006255897145099944]]
[[0.06368016793367695,0.03942268163343092,-0.12857678563935934],[-0.0636344400160775,-0.039242231118907414,0.12851606993205775],[-0.000045727917599452704,-0.0001804505145235098,0.000060715707301608264]]
[[0.06781689552275275,0.038078784930327264,-0.13755285766346215],[-0.06777252841399244,-0.0379036546035375,0.13749390356362104],[-0.00004436710876030091,-0.00017513032678975933,0.00005895409984111272]]
[[0.07259108226026473,0.03633127945649596,-0.1479434728634383],[-0.07254801518215964,-0.03616123445429128,0.14788620353981585],[-0.000043067078105080915,-0.00017004500220468003,0.00005726932362245042]]
[[0.07814532325569205,0.0340249679662544,-0.16007541792239274],[-0.07810349901919857,-0.033859786912012746,0.16001976102430246],[-0.00004182423649348912,-0.00016518105424165178,0.00005565689809029088]]
[[0.08466636166417908,0.03093675195627211,-0.1743798228928377],[-0.08462572641116445,-0.030776225993383505,0.17432571023650745],[-0.000040635253014635495,-0.0001605259628886048,0.000054112656330266624]]
[[0.09240279116703354,0.026738831837841925,-0.19143552892703128],[-0.09236329413513386,-0.026582763743196264,0.19138289621065055],[-0.00003949703189967595,-0.00015606809464566135,0.00005263271638073356]]
[[0.10169161242832866,0.02093735010292748,-0.21203512853449377],[-0.10165320573696511,-0.020785553472522755,0.2119839150799137],[-0.00003840669136355351,-0.00015179663040472456,0.000051213454580055644]]
[[0.11299897471730047,0.012766365982931792,-0.2372881800979598],[-0.11296161317332275,-0.012618664482619937,0.2372383286176062],[-0.00003736154397772044,-0.00014770150031185377,0.00004985148035361919]]
[[0.12698412729023745,0.0009969110764849894,-0.2687871357247146],[-0.12694776821212994,-0.0008531377517546244,0.2687385921130216],[-0.000036359078107502774,-0.00014377332473036492,0.00004854361169302426]]
[[0.14460197162613037,-0.016423881432423338,-0.30888215018350085],[-0.1445665746863346,0.016563884792740877,0.30883486333322047],[-0.0000353969397957504,-0.00014000336031754033,0.00004728685028034191]]
[[0.16726994218163502,-0.04309470211867993,-0.36114977147819866],[-0.16723546926747423,0.04323108556853436,0.36110369312356716],[-0.000034472914160784206,-0.0001363834498544238,0.00004607835463149752]]
[[0.19713771735464497,-0.08570548001878535,-0.4312108778012769],[-0.19710413244991457,0.08583838599223162,0.43116596239277866],[-0.00003358490473042131,-0.00013290597344627398,0.00004491540849826189]]
[[0.23748925041556915,-0.1576258650131883,-0.5281550029219971],[-0.2374565195078088,0.1577554288091754,0.5281112075425206],[-0.000032730907760348715,-0.000129563795987088,0.000043795379476500865]]
[[0.29310563258518535,-0.2880915136998301,-0.6667752935811719],[-0.2930737236096546,0.28821786389801596,0.6667325779231769],[-0.000031908975530778635,-0.0001263501981858575,0.000042715657995098464]]
[[0.36888446021305193,-0.5485326786787837,-0.8688472564384204],[-0.3688533430575073,0.5486559374342668,0.8688055828814928],[-0.00003111715554470854,-0.00012325875548294273,0.00004167355692766069]]
[[0.45375181854231633,-1.1363891797772032,-1.1424343902234722],[-0.4537214651657379,1.1365094628294703,1.1423937240886748],[-0.000030353376578388775,-0.00012028305226715721,0.00004066613479739694]]
[[0.38864653045762415,-2.6163891282156704,-1.240798746985539],[-0.388616915225769,2.616506544053905,1.2407590570650957],[-0.00002961523185508219,-0.00011741583823433798,0.00003968992044334297]]
[[-0.8474011486310893,-5.161094219177533,0.9708952966471801],[0.8474300484656657,5.161208865570145,-0.970934037803098],[-0.000028899834576406334,-0.00011464639261109705,0.00003874115591792328]]
[[-2.3420808720233746,-1.4765743313495643,4.724747231781381],[2.342109078920234,1.4766862904604139,-4.7247850542421],[-0.000028206896859536002,-0.00011195911084959897,0.00003782246072039093]]
[[-1.09316739700529,1.324697710956529,2.5267600046446854],[1.093194939813514,-1.324588349959671,-2.5267969502570913],[-0.00002754280822390294,-0.00010936099685809281,0.00003694561240602676]]
[[-0.42065291758087164,1.2802320804181861,1.095297175991672],[0.4206798235084728,-1.2801252205232854,-1.0953332816246921],[-0.000026905927601191348,-0.00010685989490068128,0.000036105633019848454]]
[[-0.1745456266961702,0.9780701852988026,0.5258148837348315],[0.17457191944049655,-0.9779657347187136,-0.5258501801063246],[-0.00002629274432635916,-0.00010445058008897878,0.00003529637149300364]]
[[-0.07349080322654127,0.7500141387050685,0.2753788459636949],[0.07351650422865472,-0.7499120120070938,-0.2754133604521749],[-0.000025701002113441214,-0.00010212669797471588,0.000034514488480004617]]
[[-0.026458352722940368,0.5932024921370723,0.15073339064828212],[0.026483481899750194,-0.5931026093636802,-0.15076714861596374],[-0.000025129176809827585,-0.00009988277339214152,0.00003375796768161018]]
[[-0.0024278209649498447,0.48364645484201557,0.08234878808543108],[0.0024523970772032415,-0.4835487406916623,-0.08238181346453001],[-0.0000245761122533968,-0.00009771415035329198,0.00003302537909892518]]
[[0.01067927122751131,0.40460049588971436,0.04197007502260523],[-0.010655230373167898,-0.4045048791075475,-0.042002390603914044],[-0.000024040854343411703,-0.00009561678216686097,0.00003231558130881019]]
[[0.018147105237137123,0.34572624467915974,0.0167551859971665],[-0.018123582664420157,-0.34563265760333506,-0.016786813589966074],[-0.000023522572716966316,-0.0000935870758246933,0.00003162759279957132]]
[[0.022512764597581017,0.30062978785577843,0.00030998432266577964],[-0.022489744076910477,-0.30053816606774547,-0.0003409448539392105],[-0.000023020520670540774,-0.00009162178803291221,0.00003096053127343084]]
[[0.02508752564211228,0.2652474642743432,-0.010791462631868785],[-0.02506499162915809,-0.26515774631923617,0.010761149049203476],[-0.00002253401295418855,-0.00008971795510702215,0.000030313582665309355]]
[[0.0265902228779984,0.23691306974940032,-0.018497235428060282],[-0.026568160465449266,-0.23682519690527623,0.018467549443857856],[-0.00002206241254913447,-0.00008787284412408542,0.000029685984202426512]]
[[0.02743411840436362,0.21382276670639197,-0.023970560534988403],[-0.027412513282098334,-0.21373668278877628,0.023941483520444617],[-0.00002160512226528889,-0.00008608391761567638,0.000029077014543786768]]
[[0.027866196908908,0.19472152698802664,-0.027934886526632317],[-0.027845035329832294,-0.19463717818088377,0.027906400538946545],[-0.00002116157907570807,-0.00008434880714287002,0.000028485987685771226]]
[[0.028038842467995845,0.17871403112236242,-0.030855879824940775],[-0.028018111217911704,-0.17863136582947453,0.030827967575978922],[-0.000020731250084143117,-0.00008266529288788828,0.000027912248961853452]]
[[0.028048567965096173,0.16514719941733016,-0.033042204190093544],[-0.028028254335585225,-0.16506616812987918,0.033014849017842296],[-0.000020313629510948828,-0.0000810312874509764,0.000027355172251250605]]
[[0.02795783006074863,0.15353513481989983,-0.0347037056646076],[-0.027937921824408598,-0.15345568999722628,0.03467689150669871],[-0.00001990823634003584,-0.00007944482267355252,0.000026814157908889]]
[[0.027807763096358358,0.14350989919751758,-0.03598624026328392],[-0.027788248483947085,-0.14343199515881921,0.035959951632144785],[-0.000019514612411274568,-0.00007790403869836379,0.000026288631139137554]]
[[0.027625845115487994,0.13478845447719015,-0.036993187618418966],[-0.027606712794664083,-0.13471204730246605,0.036967409577767944],[-0.0000191323208239116,-0.00007640717472410093,0.00002577804065102553]]
[[0.02743063863678926,0.12714997479416382,-0.037799113495723],[-0.027411877692224612,-0.12707502223309156,0.037773831638225064],[-0.000018760944564646212,-0.00007495256107227059,0.00002528185749793748]]
[[0.02723479225105647,0.12041996722627585,-0.038458661922106264],[-0.02721639216575309,-0.12034642861398491,0.03843386234806353],[-0.000018400085303380008,-0.00007353861229093415,0.00002479957404273806]]
[[0.02704698089087773,0.11445895754949013,-0.03901247073182236],[-0.027028931528559664,-0.11438679372839743,0.038988140028810514],[-0.000018049362318069318,-0.00007216382109271032,0.000024330703011844003]]
[[0.026873183301365625,0.10915429636205147,-0.039491185214567494],[-0.026855474889843686,-0.10908346960907638,0.039467310437952076],[-0.000017708411521940416,-0.00007082675297510339,0.000023874776615415838]]
[[0.02671753702345378,0.10441413613574306,-0.03991823039897462],[-0.02670016013887969,-0.10434461009433588,0.0398947990532554],[-0.000017376884574091087,-0.00006952604140717571,0.000023431345719223275]]
[[0.026582919125880098,0.10016294334571481,-0.04031175743273128],[-0.0265658646778204,-0.10009468296222224,0.04028875745367234],[-0.00001705444805970016,-0.00006826038349256973,0.00002299997905893765]]
[[0.026471346018788405,0.09633811238755098,-0.04068603090270561],[-0.026454605236058797,-0.096271083851513,0.04066345064021475],[-0.000016740782729609923,-0.00006702853603797853,0.000022580262490853405]]
[[0.026384252216724986,0.09288738125020012,-0.04105243178776553],[-0.02636781663393348,-0.09282155193822969,0.041030259989490454],[-0.000016435582791504686,-0.00006582931197041719,0.000022171798275077742]]
[[0.026322687110900137,0.08976683808730611,-0.041420192431471096],[-0.026306548555653494,-0.08970217651024867,0.04139841822708259],[-0.000016138555246642806,-0.00006466157705744078,0.000021774204388505414]]
[[0.026287455637201307,0.0869393684511994,-0.04179694234384072],[-0.026271606217933962,-0.08687584420430666,0.04177555522997503],[-0.000015849419267341945,-0.00006352424689273822,0.000021387113865692767]]
[[0.02627922024912244,0.084373434773892,-0.04218911901086597],[-0.026263652343511117,-0.08431101848977603,0.04216810883669973],[-0.000015567905611322913,-0.00006241628411597386,0.000021010174166239113]]
[[0.026298576068651897,0.0820421089253524,-0.042602281496528324],[-0.02628328231258221,-0.08198077222951157,0.04258163844996074],[-0.000015293756069687585,-0.0000613366958408167,0.000020643046567584118]]
[[0.026346107425276783,0.07992229939350615,-0.04304135355755485],[-0.02633108070233097,-0.07986201486223703,0.04302106815197254],[-0.00001502672294581084,-0.00006028453126912964,0.000020285405582309226]]
[[0.026422431542361135,0.07799412947685413,-0.04351081543024932],[-0.026407664973798324,-0.0779348705973816,0.04349087849185018],[-0.00001476656856281192,-0.000059258879472534005,0.00001993693839913375]]
[[0.0265282334753102,0.07624043364008708,-0.044014858226264574],[-0.02651372041051263,-0.07618217477276189,0.04399526088191772],[-0.000014513064797571561,-0.00005825886732520025,0.000019597344346853432]]
[[0.02666429528179394,0.07464634706183848,-0.04455751123559269],[-0.02665002928915444,-0.0745890634042646,0.04453824490121219],[-0.000014265992639498694,-0.00005728365757387576,0.000019266334380497417]]
[[0.026831521639486773,0.07319896922902629,-0.045142749885281906],[-0.02681749649771433,-0.07314263678199334,0.04512380625469291],[-0.000014025141772442194,-0.000056332447032947886,0.000018943630588992632]]
[[0.027030963609466878,0.07188708677807475,-0.045774590313001434],[-0.02701717329928858,-0.07183168231318092,0.04575596134727781],[-0.00001379031017830024,-0.000055404464893833153,0.000018628965723629535]]
[[0.0272638419001859,0.0707009440522257,-0.04645717526579606],[-0.027250280596424887,-0.07064644508108646,0.04643885318304944],[-0.000013561303761010666,-0.000054498971139238036,0.000018322082746624228]]
[[0.02753157076951923,0.06963205232124128,-0.04719485517850053],[-0.027518232833529516,-0.06957843706618738,0.04717683244410145],[-0.000013337935989716398,-0.00005361525505390048,0.000018022734399073216]]
[[0.02783578357945197,0.06867303049874957,-0.04799226772432872],[-0.027822663551891974,-0.06862027786492524,0.04797453704154112],[-0.000013120027559995269,-0.00005275263382433037,0.000017730682787598655]]
[[0.028178360969671596,0.06781747163984603,-0.048854418796848334],[-0.02816545356359947,-0.06776556118862519,0.048836973097859344],[-0.000012907406072126249,-0.000051910451220846964,0.000017445698988985968]]
[[0.028561462631293343,0.06705983061327056,-0.04978676773675455],[-0.028548762725567906,-0.06700874253691468,0.049769600174082426],[-0.000012699905725437221,-0.00005108807635588834,0.000017167562672121593]]
[[0.028987563735045286,0.06639532919515731,-0.05079531963557246],[-0.02897506636801744,-0.06634504429264415,0.05077842357383591],[-0.000012497367027844456,-0.00005028490251315599,0.000016896061736547253]]
[[0.029459497199682126,0.06581987547998663,-0.05188672772325909],[-0.029447197563162376,-0.06577037513394396,0.051870096731292135],[-0.000012299636519752236,-0.000049500346042673164,0.0000166309919669569]]
[[0.029980503181239584,0.06532999498754131,-0.05306840918222015],[-0.02996839661472805,-0.06528126114222402,0.053052037025517175],[-0.00001210656651153427,-0.00004873384531729099,0.00001637215670297533]]
[[0.03055428743211665,0.06492277118788349,-0.05434867824387509],[-0.030542369417282784,-0.06487478632813691,0.05433255887735152],[-0.000011918014833866632,-0.00004798485974657906,0.00001611936652357039]]
[[0.031185090536807226,0.06459579338398959,-0.05573690114704409],[-0.031173356692207,-0.06454854051514519,0.05572102870809863],[-0.00001173384460022634,-0.00004725286884439736,0.000015872438945465726]]
[[0.03187777050151573,0.06434710998761102,-0.05724367851843613],[-0.03186621657753482,-0.06430057261626425,0.057228047320301186],[-0.000011553923980910234,-0.000046537371346768946,0.00001563119813493567]]
[[0.0326379017903801,0.06417518519104647,-0.058881062044347586],[-0.03262652366439213,-0.06412934730666951,0.05886566656971521],[-0.000011378125987966555,-0.00004583788437696539,0.00001539547463237981]]
[[0.03347189470673624,0.06407885685570903,-0.06066281403816576],[-0.033460688378465775,-0.06403370291305406,0.06064764893307667],[-0.00001120632827046615,-0.000045153942654982283,0.000015165105089089162]]
[[0.034387140076404775,0.06405729307071517,-0.06260472080892779],[-0.0343761016634852,-0.06401280797296634,0.06258978087691215],[-0.000011038412919572165,-0.00004448509774882648,0.000014939932015630462]]
[[0.03539218558851983,0.06410994422096225,-0.06472497379621041],[-0.03538131132223693,-0.06406611330359699,0.06471025399266911],[-0.000010874266282896647,-0.00004383091736526293,0.000014719803541287666]]
[[0.03649695201003316,0.06423648645027309,-0.06704463652960806],[-0.0364862382312455,-0.06419329546559521,0.06703013195642404],[-0.000010713778787659264,-0.00004319098467788143,0.000014504573184010453]]
[[0.0377129999851807,0.06443675096662929,-0.06958822098534054],[-0.03770244314040851,-0.06439418606893874,0.06957392688571021],[-0.000010556844772187541,-0.00004256489769054453,0.000014294099630327018]]
[[0.03905386150687642,0.06471063149155659,-0.07238440440449032],[-0.039043458144551096,-0.06466867922292212,0.07237031615796563],[-0.000010403362325319878,-0.000041952268634474075,0.0000140882465246822]]
[[0.04053545475780159,0.06505795896248373,-0.0754669279126233],[-0.040525201524668306,-0.06501660623908631,0.07545304103035563],[-0.000010253233133290628,-0.00004135272339742462,0.000013886882267659397]]
[[0.042176607382006945,0.0654783278233718,-0.07887573251925199],[-0.04216650101967325,-0.06543756192238823,0.07886204263942946],[-0.0000101063623336917,-0.00004076590098358689,0.000013689879822535204]]
[[0.04399972212668349,0.06597085104752294,-0.08265840802861674],[-0.043989759468307375,-0.06593065959451988,0.08264491091208714],[-9.962658376115101e-6,-0.00004019145300306466,0.000013497116529594738]]
[[0.04603163133084901,0.06653381009026454,-0.08687205869371115],[-0.04602180929795993,-0.06649418104707455,0.08685875021978355],[-9.822032889085461e-6,-0.00003962904318998309,0.000013308473927600433]]
[[0.048304704666970004,0.06716414910109164,-0.0915857301116854],[-0.04829502026641712,-0.06712507075414313,0.09157260627410364],[-9.684400552887654e-6,-0.000039078346948522396,0.000013123837581750537]]
[[0.05085830053492941,0.06785673636216416,-0.0968836011200949],[-0.05084875085595152,-0.06781819731123773,0.09687065802317753],[-9.549678977880087e-6,-0.00003853905092643993,0.000012943096917377636]]
[[0.05374068975029414,0.06860327406258428,-0.10286923213149594],[-0.05373127196170629,-0.06856526320996832,0.10285646598643744],[-9.417788587852694e-6,-0.000038010852615958166,0.000012766145058507926]]
[[0.05701163733104273,0.0693906698818275,-0.1096712932081178],[-0.0570023486785348,-0.06935317642184523,0.10965870032944759],[-9.288652507933827e-6,-0.000037493459982279434,0.000012592878670209535]]
[[0.06074591510194779,0.07019857241979907,-0.11745139704975964],[-0.06073675290549133,-0.07016158582867861,0.11743897385195627],[-9.162196456457792e-6,-0.00003698659112046115,0.00001242319780336984]]
[[0.06503815245439015,0.07099558491579257,-0.1264149771311786],[-0.06502911410575009,-0.07095909494185057,0.12640272012543852],[-9.038348640055995e-6,-0.000036489973941991464,0.000012257005740109427]]
[[0.07000964531389242,0.07173334825878377,-0.13682665337760824],[-0.07000072827424142,-0.07169734491289058,0.13681455916877086],[-8.917039650994403e-6,-0.00003600334589318821,0.000012094208837381382]]
[[0.07581808683463008,0.07233711160754386,-0.14903234663526246],[-0.07580928863226469,-0.07230158515383528,0.14902041191889717],[-8.798202365392258e-6,-0.000035526453708580504,0.00001193471636528818]]
[[0.08267175105217292,0.07269036434757248,-0.1634917723354191],[-0.0826630692803326,-0.07265530529436866,0.16347999389508405],[-8.681771840322526e-6,-0.00003505905320381187,0.00001177844033504804]]
[[0.09085062301116405,0.0726091330514634,-0.18082729631748598],[-0.09084205532595732,-0.07257453214234894,0.18081567102217702],[-8.567685206737639e-6,-0.000034600909114452055,0.000011625295308967768]]
[[0.10073864438099045,0.07179768882023253,-0.201899300316423],[-0.10073018849943709,-0.07176353702524298,0.2018878251182425],[-8.455881553361572e-6,-0.00003415179498955868,0.000011475198180527145]]
[[0.11287424402377619,0.06976952294511901,-0.2279258185403194],[-0.11286589772198266,-0.06973581145196701,0.22791449047241397],[-8.346301793527297e-6,-0.000033711493151996605,0.000011328067905448683]]
[[0.1280318495259462,0.06570051300297672,-0.2606786152597421],[-0.128023610637445,-0.06566723320823543,0.2606674314345902],[-8.238888501200712e-6,-0.00003327979474127765,0.000011183825151901859]]
[[0.14735751470648292,0.05814271640074736,-0.3028161261433786],[-0.14734938112079132,-0.05810985990088929,0.3028050837515639],[-8.133585691603914e-6,-0.000032856499858074486,0.000011042391814713746]]
[[0.17260180151309795,0.04443381313307003,-0.3584709644469399],[-0.1725937711745975,-0.04440137171524115,0.35846006075664594],[-8.03033850045614e-6,-0.00003244141782888234,0.000010903690293935291]]
[[0.20653062979222223,0.01939225140607433,-0.4343283801342522],[-0.20652270069955098,-0.019360217038482456,0.4343176124919037],[-7.9290926712581e-6,-0.00003203436759187459,0.000010767642348495904]]
[[0.25365554345857166,-0.027815401328856473,-0.5416730026889098],[-0.2536477136649105,0.027847036506984398,0.5416623685217652],[-7.829793661143576e-6,-0.000031635178127923684,0.000010634167144543337]]
[[0.3214423457974278,-0.12199515829775945,-0.7002769224715618],[-0.3214346134124875,0.12202640198633187,0.7002664192938782],[-7.73238494026997e-6,-0.0000312436885724249,0.000010503177683600307]]
[[0.42139639748979774,-0.32686063684221445,-0.944678697866199],[-0.4213887606853442,0.326891496588778,0.9446683232924545],[-7.636804453545401e-6,-0.00003085974656352397,0.000010374573744450542]]
[[0.5611753716003826,-0.829751594154357,-1.3210021045997344],[-0.5611678286238356,0.8297820773533925,1.32099185637288],[-7.542976547003079e-6,-0.000030483199035568957,0.000010248226854476252]]
[[0.6397677738916339,-2.2277170668950665,-1.7106156100653167],[-0.6397603230993517,2.2277471807453706,1.7106054861178266],[-7.450792282229047e-6,-0.000030113850303837928,0.000010123947489978577]]
[[-0.31606316406272383,-5.240964468398338,-0.16720621094394006],[0.316070524132926,5.240994219675246,0.1671962095042424],[-7.360070202148608e-6,-0.000029751276907875902,0.00001000143969767128]]
[[-2.2167710202466138,-2.7181216489292632,4.261145802467046],[2.2167782909130676,2.718151043338036,-4.26115568307976],[-7.2706664534574315e-6,-0.000029394408772859447,9.880612714741438e-6]]
[[-1.2544891784394108,0.6714353545600957,2.7641440333896465],[1.2544963614480362,-0.6714063113678452,-2.764153795755375],[-7.183008625636096e-6,-0.00002904319225051342,9.762365728131308e-6]]
[[-0.5570466272356905,1.0041933075076508,1.3401044270368117],[0.5570537244432868,-1.0041646090363523,-1.3401140738007804],[-7.097207596343806e-6,-0.000028698471298620744,9.646763968634001e-6]]
[[-0.273336464236811,0.8458945053793662,0.7139473687602657],[0.2733434773489162,-0.8458661451207555,-0.7139569022510643],[-7.0131121051844245e-6,-0.000028360258610635645,9.533490798697543e-6]]
[[-0.14706570123623344,0.68003338699786,0.42003403604967554],[0.14707263183722288,-0.6800053586565856,-0.4200434583856674],[-6.930600989433466e-6,-0.00002802834127444423,9.422335991871057e-6]]
[[-0.08356942083761583,0.5540533897934081,0.265441001282046],[0.08357627042724705,-0.5540256873010861,-0.2654503144498264],[-6.849589631230714e-6,-0.000027702492321985463,9.313167780427203e-6]]
[[-0.04837080275631242,0.46145750538530583,0.17611049854600716],[0.04837757277120559,-0.4614301228815762,-0.1761197044411842],[-6.770014893176242e-6,-0.000027382503729639465,9.205895177044984e-6]]
[[-0.02735749128748951,0.39249181513987463,0.12059605269195132],[0.02736418311363003,-0.39246474695215566,-0.12060515314107063],[-6.691826140520513e-6,-0.000027068187718969918,9.100449119310568e-6]]
[[-0.014078035111216856,0.33997109301987943,0.08408674551597013],[0.014084650091677278,-0.33994433364646914,-0.08409574228919414],[-6.614980460421439e-6,-0.00002675937341030028,8.996773224013937e-6]]
[[-0.005303071756291387,0.29906670024263204,0.05897210809872906],[0.005309611196320248,-0.2990402443390913,-0.05898100291770823],[-6.539440028861028e-6,-0.000026455903540691037,8.894818979171706e-6]]
[[0.0007067007542641834,0.2665534949830335,0.04105353195788366],[-0.0007002355836839576,-0.2665273373511285,-0.04106232650096217],[-6.465170580225886e-6,-0.0000261576319049933,8.794543078516542e-6]]
[[0.004945501650965838,0.24024285527765718,0.027875926650947434],[-0.004939109510495816,-0.24021699085621157,-0.027884622556804517],[-6.392140470022406e-6,-0.000025864421445613534,8.695905857085522e-6]]
[[0.008010192332011048,0.21861693137000668,0.01793286669222539],[-0.008003872011937644,-0.2185913552271807,-0.017941465562552515],[-6.320320073403153e-6,-0.000025576142825978458,8.598870327126387e-6]]
[[0.010274048664064733,0.20059923168620836,0.010261926732767377],[-0.0102677989826817,-0.20057393901285828,-0.010270430134326018],[-6.249681383032543e-6,-0.000025292673350068236,8.50340155864078e-6]]
[[0.011978732397606663,0.18540987363369218,0.004226783100779038],[-0.011972552199876323,-0.1853848597375633,-0.00423519256704578],[-6.1801977303407475e-6,-0.000025013896128860562,8.409466266741429e-6]]
[[0.013285398420375254,0.17247268625869452,-0.0006058587268276044],[-0.013279286576789253,-0.17244794655926973,0.0005975416942996912],[-6.1118435860022895e-6,-0.00002473969942480111,8.317032527913228e-6]]
[[0.014304305510311517,0.16135435757861802,-0.0045386925483278905],[-0.014298260915898578,-0.16132988760249142,0.004530466478748611],[-6.044594412939627e-6,-0.000024469976126611536,8.226069579279467e-6]]
[[0.015112603761538898,0.15172372910326884,-0.00778798238424011],[-0.015106625334983753,-0.1516995244799477,0.007779845836567264],[-5.978426555146079e-6,-0.00002420462332113022,8.136547672846316e-6]]
[[0.01576536220612062,0.14332401111090695,-0.010511353861747464],[-0.015759448888969064,-0.14330006756896832,0.010503305423780395],[-5.913317151553828e-6,-0.000023943541938609438,8.048437967068341e-6]]
[[0.016302598163668233,0.13595345329863714,-0.012825767670650643],[-0.016296748919600427,-0.13592976666218262,0.012817805958206339],[-5.8492440678093736e-6,-0.000023686636454524273,7.961712444302786e-6]]
[[0.016753869760431264,0.12945165802180272,-0.014819431173013691],[-0.01674808357459015,-0.1294282242071672,0.01481155482916712],[-5.7861858411137095e-6,-0.000023433814635525382,7.87634384657045e-6]]
[[0.017141343203191352,0.12368972950625307,-0.016559867261626424],[-0.017135619081556582,-0.12366654451893269,0.016552074956001937],[-5.7241216347708104e-6,-0.000023184987320371544,7.79230562448677e-6]]
[[0.017481882409986153,0.11856307652692044,-0.018099489032270037],[-0.01747621937878608,-0.11854013645869148,0.01809177946037422],[-5.663031200073249e-6,-0.000022940068228953707,7.709571895817256e-6]]
[[0.01778849848545229,0.11398608050593698,-0.019479520852752893],[-0.01778289559060847,-0.11396338153214282,0.019471892735341726],[-5.602894843820459e-6,-0.000022698973794162005,7.628117411168138e-6]]
[[0.018071371900497513,0.10988809489154229,-0.020732801922547256],[-0.018065828207097286,-0.10986563326852974,0.02072525400502222],[-5.543693400225178e-6,-0.00002246162301254562,7.547917525038449e-6]]
[[0.018338584478872388,0.10621040799315143,-0.02188582141722312],[-0.0183330990706661,-0.10618818005584083,0.02187835246905217],[-5.485408206286208e-6,-0.00002222793731060206,7.468948170952296e-6]]
[[0.018596651207529263,0.10290391220072281,-0.02296021690662461],[-0.018591223186449325,-0.10288191436029862,0.022952825720784876],[-5.428021079935741e-6,-0.000021997840424198126,7.391185839734842e-6]]
[[0.018850912024046727,0.09992729742558583,-0.023973892527944535],[-0.01884554050974629,-0.0999055261672967,0.023966577920384296],[-5.371514300435725e-6,-0.000021771258289128575,7.31460756023966e-6]]
[[0.019105824440999782,0.09724563801115825,-0.024941864325348687],[-0.019100508570409163,-0.09722408989221705,0.024934625134466676],[-5.315870590619536e-6,-0.000021548118941205935,7.2391908820107444e-6]]
[[0.019365185191195317,0.09482927813361365,-0.025876907610336536],[-0.019359924118094653,-0.09480794978118907,0.025869742696477047],[-5.261073100665625e-6,-0.000021328352424574553,7.1649138594899495e-6]]
[[0.019632300621158644,0.09265294592492558,-0.026790059261743705],[-0.019627093515765488,-0.09263183403421842,0.02678296750670623],[-5.2071053931574305e-6,-0.000021111890707176752,7.091755037474276e-6]]
[[0.019910119840478677,0.09069504453740428,-0.027691012898785682],[-0.019904965889049442,-0.0906741458698018,0.027683993205348086],[-5.153951429235257e-6,-0.000020898667602484493,7.019693437596818e-6]]
[[0.020201340718726854,0.08893708134819361,-0.028588434494924743],[-0.02019623912317117,-0.08891639272949686,0.028581485786379084],[-5.101595555684985e-6,-0.000020688618696757606,6.948708545657102e-6]]
[[0.020508496113293428,0.08736320597011869,-0.029490218752750246],[-0.02050344609080059,-0.08734272428883749,0.02948333997245058],[-5.050022492838865e-6,-0.00002048168128120879,6.878780299665724e-6]]
[[0.020834025823888002,0.08595983471326821,-0.030403701448293286],[-0.020829026606564816,-0.08593955691897966,0.030396891559214788],[-4.999217323187204e-6,-0.00002027779428855152,6.809889078497851e-6]]
[[0.02118033844863014,0.08471534433566633,-0.03133583932663658],[-0.021175389283149524,-0.08469526743743284,0.031329097310945506],[-4.949165480618338e-6,-0.000020076898233486108,6.742015691073016e-6]]
[[0.021549866394117965,0.08361982182466839,-0.03229336655369581],[-0.021544966541377747,-0.08359994288951164,0.032286691412329815],[-4.899852740218954e-6,-0.000019878935156743626,6.675141365996027e-6]]
[[0.02194511665508622,0.08266485991179386,-0.033282934907698895],[-0.02194026538987764,-0.0826451760632215,0.033276325659957286],[-4.851265208578479e-6,-0.00001968384857236127,6.6092477416074315e-6]]
[[0.022368719553075768,0.08184339029131461,-0.034311243629261114],[-0.022363916163761217,-0.0818238987078967,0.03430469931240471],[-4.803389314550806e-6,-0.000019491583417907657,6.544316856402584e-6]]
[[0.02282347735825294,0.08114954826624193,-0.03538516400720555],[-0.022818721146452507,-0.08113024618023452,0.03537868367606577],[-4.756211800434155e-6,-0.00001930208600741461,6.480331139786598e-6]]
[[0.0233124145823957,0.08057856391474945,-0.03651186327038445],[-0.023307704862682167,-0.08055944861076265,0.03650544599698131],[-4.70971971353615e-6,-0.000019115303986803715,6.417273403138991e-6]]
[[0.02383883170558489,0.08012667595107195,-0.03769893212922976],[-0.023834167805186796,-0.08010774476478033,0.03769257700239859],[-4.663900398096379e-6,-0.000018931186291624175,6.355126831167087e-6]]
[[0.024406364176175203,0.07979106531806818,-0.03895452033614012],[-0.02440174543468766,-0.07977231563496123,0.03894822646116659],[-4.618741487542996e-6,-0.000018749683106941977,6.293874973531322e-6]]
[[0.02501904870403555,0.07956980624616257,-0.04028748490457331],[-0.02501447447313849,-0.07955123550033333,0.04028125140283658],[-4.5742308970634766e-6,-0.00001857074582924165,6.233501736728907e-6]]
[[0.02568139916035581,0.07946183308384419,-0.041707556156868594],[-0.025676868803539338,-0.07944343875681396,0.04170138216549237],[-4.530356816472873e-6,-0.000018394327030220565,6.173991376225062e-6]]
[[0.0263984948224056,0.07946692167620016,-0.04322552759590597],[-0.026394007714702232,-0.07944870129577779,0.04321941226741715],[-4.487107703365462e-6,-0.000018220380422372692,6.11532848882319e-6]]
[[0.027176084288522803,0.0795856844591542,-0.04485347677628384],[-0.027171639816246262,-0.07956763559832794,0.04484741927827857],[-4.444472276538122e-6,-0.00001804886082627435,6.057498005267131e-6]]
[[0.028020709181581515,0.07981957875900945,-0.046605025978787656],[-0.02801630674207184,-0.07980169903486996,0.04659902549360458],[-4.40243950967588e-6,-0.000017879724139499323,6.0004851830701925e-6]]
[[0.02893985282159558,0.08017092804167994,-0.04849565370139022],[-0.028935491822970286,-0.08015321511437284,0.04848970942579065],[-4.360998625292064e-6,-0.000017712927307105143,5.944275599566822e-6]]
[[0.02994212046974051,0.08064295603496344,-0.050543070962406546],[-0.029937800330651593,-0.0806254076066698,0.050537182107261366],[-4.3201390889172535e-6,-0.000017548428293646468,5.88885514518375e-6]]
[[0.03103745965408629,0.08123983372669283,-0.05276768043983215],[-0.031033179803482757,-0.08122244754063614,0.05276184622981522],[-4.279850603533122e-6,-0.00001738618605668684,5.834210016928289e-6]]
[[0.03223743166272292,0.08196673917541072,-0.05519314193603519],[-0.03223319153961867,-0.08194951301488893,0.055187361609323096],[-4.2401231042489475e-6,-0.00001722616052179548,5.780326712091924e-6]]
[[0.03355554879234979,0.0828299297766348,-0.057847075121769995],[-0.03355134784559657,-0.08281286146407577,0.05784134792974783],[-4.200946753220397e-6,-0.000017068312559033854,5.72719202216763e-6]]
[[0.03500769674588735,0.08383682596757637,-0.060761940796706715],[-0.03500353443395254,-0.08381991336361543,0.06075626600367973],[-4.162311934812013e-6,-0.000016912603960956496,5.674793026979212e-6]]
[[0.03661266823220341,0.08499610409205874,-0.06397615620962807],[-0.036608544022952404,-0.08497934509463657,0.06397053309253906],[-4.124209251006807e-6,-0.000016758997422174528,5.623117089020412e-6]]
[[0.03839284315181617,0.08631779389169023,-0.06753552010374358],[-0.0383887565222991,-0.08630118643516967,0.0675299479518956],[-4.086629517068405e-6,-0.000016607456520558676,5.572151848000111e-6]]
[[0.040375063982946616,0.08781337217423861,-0.07149505179925995],[-0.04037101441918915,-0.08779691422853841,0.07148952991404436],[-4.04956375746326e-6,-0.000016457945700193996,5.521885215587512e-6]]
[[0.04259177398643187,0.08949583750262904,-0.07592138994613323],[-0.042587760983229826,-0.0894795270723728,0.07591591764076289],[-4.0130032020527675e-6,-0.000016310430256243,5.472305370346982e-6]]
[[0.04508251352923236,0.0913797392937149,-0.0808959570361528],[-0.04507853658994979,-0.09136357441739297,0.08089053363539994],[-3.976939282567159e-6,-0.000016164876321931364,5.42340075284558e-6]]
[[0.04789591075962167,0.09348111509442214,-0.08651918559102013],[-0.047891969395992294,-0.09346509384356419,0.08651381043095922],[-3.941363629374918e-6,-0.00001602125085794496,5.375160060905232e-6]]
[[0.05109236439387617,0.09581725592474356,-0.09291623766235249],[-0.05108845812580761,-0.09580137640309894,0.09291091009010755],[-3.906268068562548e-6,-0.00001587952164462671,5.327572244954426e-6]]
[[0.054747710507257526,0.09840616039003165,-0.1002448580976927],[-0.054743838862638186,-0.09839042073275416,0.10023957747118928],[-3.871644619338931e-6,-0.000015739657277495763,5.280626503406688e-6]]
[[0.05895831203942953,0.1012654332641508,-0.10870632974154362],[-0.05895447455393776,-0.101249831636984,0.10870109542926568],[-3.837485491774668e-6,-0.00001560162716679519,5.234312277949067e-6]]
[[0.06384824356231827,0.1044101944375234,-0.11856102429928395],[-0.0638444397792334,-0.10439472903598138,0.11855583568003539],[-3.8037830848766147e-6,-0.000015465401542029724,5.188619248552589e-6]]
[[0.0695796249123057,0.10784921327235032,-0.13015090565615545],[-0.06957585438232071,-0.10783388232088752,0.13014576211882753],[-3.770529984975833e-6,-0.000015330951462815555,5.143537327900002e-6]]
[[0.07636779396597525,0.11157781772013156,-0.14393279716593863],[-0.07636405624701088,-0.11156261947129367,0.1439276981092839],[-3.737718964362495e-6,-0.00001519824883788139,5.099056654731538e-6]]
[[0.08450410213654293,0.1155648256572104,-0.1605287478102546],[-0.08450039679356292,-0.11554975839075557,0.16052369264266936],[-3.7053429800138545e-6,-0.000015067266454814272,5.0551675852790685e-6]]
[[0.09439105060513714,0.11972810882948373,-0.1808043501494255],[-0.09438737720996505,-0.11971317085145947,0.18079933828874412],[-3.673395172090761e-6,-0.00001493797802426244,5.011860681383563e-6]]
[[0.10659802138877077,0.12388783674834634,-0.20599424031701705],[-0.10659437951990922,-0.12387302639010235,0.20598927119032417],[-3.6418688615428975e-6,-0.000014810358243992877,4.969126692860491e-6]]
[[0.12195255205234332,0.12767414486366205,-0.2379101533771086],[-0.12194894129479783,-0.12765946048077126,0.23790522642057885],[-3.61075754549149e-6,-0.00001468438289077761,4.926956529771251e-6]]
[[0.1416952525989593,0.13033722003527298,-0.2792993475653723],[-0.1416916725440716,-0.13032266000632092,0.27929446222415566],[-3.580054887674408e-6,-0.000014560028952052686,4.885341216591447e-6]]
[[0.16775323847539084,0.13033610772752072,-0.334489363891113],[-0.16774968872069257,-0.13032167045270532,0.3344845196193001],[-3.549754698274647e-6,-0.000014437274815377077,4.844271812886174e-6]]
[[0.20324302254826657,0.1243895442910581,-0.41060464822180137],[-0.20323950269737576,-0.12437522819051547,0.41059984448253195],[-3.519850890788207e-6,-0.000014316100542639757,4.803739269435849e-6]]
[[0.25343087983822316,0.10510283042329362,-0.519979390193036],[-0.2534273895008355,-0.1050886339350267,0.5199746264588826],[-3.490337387662317e-6,-0.0000141964882669196,4.763734153347799e-6]]
[[0.32759283691260954,0.05441303128602188,-0.6851432543008602],[-0.3275893757047041,-0.05439895286326929,0.6851385300547707],[-3.4612079054621227e-6,-0.000014078422752586857,4.724246089566633e-6]]
[[0.4422696459046042,-0.07687973223088772,-0.948982714591755],[-0.44226621344916905,0.07689369412298092,0.9489780293292165],[-3.4324554351721103e-6,-0.000013961892093194902,4.685262538496987e-6]]
[[0.6222887896341851,-0.4425660970582231,-1.388631061580215],[-0.6222853855633087,0.4425799439462776,1.3886264148143401],[-3.4040708763855003e-6,-0.000013846888054480619,4.646765874897791e-6]]
[[0.8406195906322178,-1.5841941902924879,-2.033285705753556],[-0.840616214593121,1.5842079236952367,2.0332810970277544],[-3.3760390968926473e-6,-0.000013733402748829569,4.6087258013715615e-6]]
[[0.3532983571039839,-4.738558679549748,-1.5046890590404605],[-0.3532950087764137,4.738572300951094,1.5046844879595513],[-3.348327570224209e-6,-0.000013621401345859464,4.571080909002644e-6]]
[[-1.8844929254812832,-4.229718611585542,3.3160952110589683],[1.884496246361898,4.22973212228467,-3.3160997448094145],[-3.3208806147210347e-6,-0.000013510699127989528,4.533750445807532e-6]]
[[-1.4344959210692707,-0.1880720411029518,3.008186793033394],[1.4344992148174074,0.18808544222643578,-3.00819128990499],[-3.293748136740376e-6,-0.000013401123483971518,4.496871596237112e-6]]
[[-0.7098519295121398,0.6616369430715764,1.6090570846903385],[0.709855196506133,-0.6616236502289663,-1.6090615452353274],[-3.2669939932771593e-6,-0.00001329284261007592,4.460544988936854e-6]]
[[-0.3793906551036246,0.682868037550429,0.9125416072993827],[0.37939389570974547,-0.6828548516327825,-0.9125460320331314],[-3.240606120936863e-6,-0.000013185917646623432,4.42473374874489e-6]]
[[-0.22399760208425573,0.5905770420261635,0.5686925225752059],[0.22400081664903793,-0.5905639616879492,-0.5686969119739362],[-3.2145647821935217e-6,-0.000013080338214305676,4.3893987302914896e-6]]
[[-0.14241951537243205,0.500437230289693,0.3815241644186734],[0.14242270422680461,-0.5004242542123729,-0.3815285189312276],[-3.1888543725503158e-6,-0.000012976077320167124,4.354512554200887e-6]]
[[-0.09534023648187961,0.4276283001513041,0.2701895187119827],[0.0953433999447336,-0.4276154270458107,-0.2701938387677041],[-3.163462853986735e-6,-0.000012873105493422158,4.32005572135764e-6]]
[[-0.06608643461894809,0.3706137833651316,0.19912982900962725],[0.06608957299949828,-0.3706010119710006,-0.19913411502309636],[-3.1383805501775045e-6,-0.000012771394131051668,4.286013469086567e-6]]
[[-0.046829842508862185,0.32580968890670714,0.15119300575252279],[0.04683295610820299,-0.32579701799051786,-0.1511972581264884],[-3.1135993408031806e-6,-0.000012670916189285461,4.2523739656352066e-6]]
[[-0.03355960679151482,0.29015093235898454,0.11739493212347397],[0.03356269590368221,-0.2901383607127917,-0.11739915125075664],[-3.0891121673932456e-6,-0.000012571646192848209,4.219127282673221e-6]]
[[-0.024067923672357997,0.2613532978394838,0.09269493283613592],[0.02407098858508424,-0.2613408242794036,-0.09269911910092367],[-3.0649127262424554e-6,-0.000012473560080206542,4.186264787750949e-6]]
[[-0.01706581683768303,0.23776528548572995,0.0740993752922179],[0.017068857832954244,-0.2377529088507014,-0.07410352907098669],[-3.0409952712136027e-6,-0.00001237663502854263,4.153778768786936e-6]]
[[-0.011763143818401106,0.2181928172164027,0.05974415656275029],[0.011766161172883679,-0.218180536367106,-0.059748278224942455],[-3.0173544825721216e-6,-0.000012280849296704806,4.121662192161171e-6]]
[[-0.007655330331837068,0.20176350084066016,0.04842134718329821],[0.007658324317213885,-0.2017513146585669,-0.048425437091839274],[-2.9939853768167515e-6,-0.000012186182093254612,4.089908541062124e-6]]
[[-0.004408777537689459,0.18783102381094155,0.03932122638253644],[0.004411748420932281,-0.18781893119747375,-0.03932528489424039],[-2.970883242821826e-6,-0.000012092613467793163,4.058511703951551e-6]]
[[-0.001796246816116137,0.17590945761483479,0.03188494246789038],[0.0017991948597115349,-0.17589745749061306,-0.03188896993378581],[-2.9480435953980507e-6,-0.000012000124221704843,4.027465895430155e-6]]
[[0.00034111755392822837,0.16562816077844084,0.025716879443879417],[-0.00033819209178751554,-0.1656162520826063,-0.02572087620947812],[-2.925462140712849e-6,-0.000011908695834509265,3.9967655986997885e-6]]
[[0.002116927280227419,0.15670056074833646,0.02053066636875118],[-0.002114024145477428,-0.15668874243793385,-0.020534632774273993],[-2.903134749991446e-6,-0.00001181831040261237,3.966405522813148e-6]]
[[0.0036140991697508063,0.14890227741930193,0.016114870736353842],[-0.0036112181123116745,-0.14889054846871405,-0.016118807116924136],[-2.881057439131766e-6,-0.000011728950587898728,3.936380570292261e-6]]
[[0.004894260895805729,0.14205558301162613,0.012310596742644158],[-0.0048914016694531,-0.14204394241205195,-0.01231450342845633],[-2.8592263526290943e-6,-0.000011640599574168834,3.906685812172318e-6]]
[[0.006003983685882328,0.1360182095198475,0.008996498018466397],[-0.006001146048131629,-0.13600665627881764,-0.00900037533493486],[-2.837637750699249e-6,-0.000011553241029873035,3.877316468463892e-6]]
[[0.0069790047357494315,0.1306751782394564,0.006078530461366722],[-0.0069761884477506165,-0.13066371138038047,-0.006082378729259359],[-2.8162879988149536e-6,-0.000011466859075940181,3.8482678926362395e-6]]
[[0.007847145410272753,0.1259327583825816,0.0034828072089171454],[-0.007844350236713664,-0.12592137694432384,-0.003486626744476276],[-2.7951735590903863e-6,-0.000011381438257763774,3.819535559130437e-6]]
[[0.008630365054510255,0.12171394570948382,0.0011505269973326874],[-0.008627590763527154,-0.1217026487459632,-0.0011543181123858744],[-2.7742909831006502e-6,-0.000011296963520610088,3.7911150531871624e-6]]
[[0.00934623079770652,0.11795504038790519,-0.0009656851049159444],[-0.00934347716080069,-0.11794382696771732,0.0009619221028534792],[-2.7536369058294034e-6,-0.000011213420187866898,3.763002062465135e-6]]
[[0.010008985887012834,0.11460302963924882,-0.002904458196304893],[-0.010006252678972321,-0.11459189884530716,0.0029007230039348316],[-2.733208040513887e-6,-0.000011130793941669824,3.7351923700610053e-6]]
[[0.010630337695629447,0.11161356657239178,-0.004697667152902356],[-0.010627624694455235,-0.11160251750158624,0.004693959471053718],[-2.713001174211501e-6,-0.000011049070805534635,3.707681848637884e-6]]
[[0.011220047245466514,0.10894939566055602,-0.0063719325565375125],[-0.011217354232302561,-0.10893842742342731,0.0063682520900820725],[-2.693013163952525e-6,-0.000010968237128695081,3.680466455439717e-6]]
[[0.011786376454272782,0.10657911644513712,-0.007949765297521165],[-0.011783703213339408,-0.10656822816556523,0.007946111755293144],[-2.673240933373521e-6,-0.000010888279571901533,3.6535422280201756e-6]]
[[0.01233643232262649,0.10447620603861081,-0.00945045158773773],[-0.01233377864115674,-0.10446539685351633,0.009446824682457177],[-2.6536814697486265e-6,-0.000010809185094479868,3.6269052805531397e-6]]
[[0.012876435836606966,0.10261824166807469,-0.010890746591867347],[-0.012873801504785613,-0.10260751072713221,0.010887146040066726],[-2.6343318213530353e-6,-0.000010730940942484936,3.6005518006206146e-6]]
[[0.013411935558084035,0.10098627940545221,-0.012285425976961804],[-0.01340932036898893,-0.1009756258708144,0.012281851498915407],[-2.615189095106279e-6,-0.000010653534637811281,3.574478046396007e-6]]
[[0.013947980489904156,0.09956435609656962,-0.013647731541532647],[-0.013945384239449703,-0.09955377914260147,0.01364418286118849],[-2.5962504544531034e-6,-0.000010576953968146296,3.5486803441575e-6]]
[[0.014489263054795235,0.09833908951024742,-0.014989737867745344],[-0.014486685541677787,-0.09832858832326975,0.014986214712659264],[-2.5775131174478665e-6,-0.000010501186977669782,3.523155086079442e-6]]
[[0.015040240403671752,0.09729935769733462,-0.016322660431801486],[-0.015037681429316737,-0.0972889314753762,0.016319162533073226],[-2.558974355014677e-6,-0.00001042622195841882,3.4978987282598947e-6]]
[[0.015605240434255903,0.09643604305006344,-0.017657121003228075],[-0.015602699802766542,-0.09642569100262119,0.017653648095439123],[-2.540631489360649e-6,-0.000010352047442249619,3.4729077889506404e-6]]
[[0.016188557630828854,0.0957418299890684,-0.019003382925110272],[-0.01618603514893633,-0.09573155133687505,0.01899993474626331],[-2.5224818925237543e-6,-0.000010278652193338583,3.448178846962458e-6]]
[[0.016794542981968138,0.09521104786911347,-0.020371566633452437],[-0.016792038458983097,-0.0952008418439123,0.020368142924912215],[-2.5045229850400568e-6,-0.000010206025201173503,3.4237085402236463e-6]]
[[0.01742769169811264,0.0948395527959278,-0.02177185430527171],[-0.01742520494587792,-0.09482941864025382,0.021768454811707236],[-2.4867522347179542e-6,-0.000010134155673993627,3.3994935644741226e-6]]
[[0.018092732173786683,0.09462464374140374,-0.02321469166777965],[-0.018090263006631174,-0.0946145807083711,0.02321131613710757],[-2.4691671555093188e-6,-0.000010063033032643815,3.375530672080914e-6]]
[[0.018794719586459646,0.09456500975029641,-0.024710994664643517],[-0.018792267821153175,-0.09455501710339159,0.02470764284797255],[-2.4517653064693877e-6,-9.992646904813719e-6,3.3518166709637655e-6]]
[[0.019539137683411346,0.09466070623955221,-0.026272368820073066],[-0.019536703139120547,-0.09465078325243256,0.026269040471649446],[-2.434544290798979e-6,-9.922987119638289e-6,3.3283484236221702e-6]]
[[0.02033201268751015,0.09491315947463473,-0.027911349772411102],[-0.020329595185755184,-0.09490330543093209,0.027908044649564846],[-2.417501754964098e-6,-9.85404370264057e-6,3.3051228462572892e-6]]
[[0.021180043880663944,0.0953251993271779,-0.029641674615854065],[-0.021177643245276052,-0.0953154135203069,0.02963839247894608],[-2.4006353878893186e-6,-9.785806871002337e-6,3.282136907984108e-6]]
[[0.022090756351372236,0.09590112142956148,-0.03147859549226621],[-0.022088372408452014,-0.09589140316253232,0.031475336104636084],[-2.3839429202226545e-6,-9.718267029152483e-6,3.2593876301310346e-6]]
[[0.023072682701244553,0.09664678089589826,-0.033439249478046974],[-0.02307031527912088,-0.0966371294811336,0.03343601260596135],[-2.3674221236708004e-6,-9.651414764667703e-6,3.2368720856257512e-6]]
[[0.024135582315172915,0.09756972092629299,-0.035543102460974835],[-0.02413323124436251,-0.09756013568544851,0.03553988787357637],[-2.3510708104048784e-6,-9.585240844484564e-6,3.214587398467784e-6]]
[[0.025290709287257216,0.09867934090434599,-0.037812489763791944],[-0.02528837440042468,-0.09866982116813455,0.037809297233048655],[-2.3348868325380654e-6,-9.519736211427284e-6,3.1925307432898747e-6]]
[[0.026551143516144377,0.0999871100908375,-0.04027328327970093],[-0.0265488246480627,-0.09997765519885643,0.04027011258035591],[-2.3188680816778895e-6,-9.45489198106145e-6,3.1706993450119936e-6]]
[[0.027932204214062093,0.10150683476343692,-0.04295572462535984],[-0.027929901201573536,-0.10149744406399802,0.04295257553488124],[-2.303012488557444e-6,-9.390699438890584e-6,3.149090478593601e-6]]
