[[-0.058659366250666374,-0.043912431577775635,0.01815556386204395],[-0.04252976193485936,0.05994069278189047,-0.02490013534822954],[0.10118912818552574,-0.016028261204114845,0.006744571486185591]]
[[-0.06073154628468234,-0.04252361829849026,0.021788824369790925],[-0.04704500420912963,0.07518721198025131,-0.02121062441040452],[0.10777655049381196,-0.032663593681761055,-0.0005781999593864051]]
[[-0.06230967897143336,-0.0412330009428368,0.02604952814500578],[-0.04686007575465931,0.09486706150631304,-0.013571912058860814],[0.10916975472609267,-0.053634060563476235,-0.012477616086144963]]
[[-0.06327935805449851,-0.039983038733953605,0.0308796646058661],[-0.0377045687143771,0.11496779411598201,-0.0009368204352755548],[0.1009839267688756,-0.0749847553820284,-0.02994284417059055]]
[[-0.06350317229875883,-0.03872005552490503,0.03615746647939011],[-0.01774950660451307,0.12731812138730228,0.014996764424002489],[0.0812526789032719,-0.08859806586239725,-0.051154230903392606]]
[[-0.06285999482808996,-0.03739186694153829,0.04168904436700335],[0.008122997245456317,0.12461364759518645,0.029083563657979452],[0.054736997582633645,-0.08722178065364816,-0.07077260802498281]]
[[-0.06128988003559965,-0.03594688840666594,0.04723242338852939],[0.030636213133162178,0.10788955664384235,0.03651920526012731],[0.030653666902437475,-0.07194266823717642,-0.0837516286486567]]
[[-0.058814129796225516,-0.034339708271003896,0.05254537166602109],[0.04413092516269446,0.08526378158603178,0.036884259204493786],[0.01468320463353106,-0.05092407331502788,-0.08942963087051488]]
[[-0.05552078258611007,-0.0325396711362631,0.05742308078355507],[0.0491740765301681,0.06407387905261297,0.032966490955297134],[0.006346706055941967,-0.03153420791634988,-0.0903895717388522]]
[[-0.05153674505698957,-0.03053526229020255,0.06170995932682729],[0.04899074596915533,0.04733575227822479,0.027587236149693623],[0.00254599908783424,-0.016800489988022242,-0.08929719547652092]]
[[-0.04700583286051542,-0.028333043240385745,0.06529596510455858],[0.04638919497500331,0.035098925831081686,0.022341585205056542],[0.0006166378855121182,-0.006765882590695941,-0.08763755030961512]]
[[-0.042075935093004474,-0.025953955958642472,0.0681098385338038],[0.04302188522062915,0.02638870080940196,0.01783675501318659],[-0.0009459501276246791,-0.00043474485075948796,-0.08594659354699039]]
[[-0.03689170974303105,-0.023429239688340146,0.07011376604246876],[0.039675215048224355,0.02017907505462719,0.014179238146888389],[-0.00278350530519331,0.003250164633712957,-0.08429300418935715]]
[[-0.03158971014855901,-0.02079678805044031,0.07129951302428153],[0.036656436306572095,0.01567408084288072,0.01128458398742727],[-0.005066726158013086,0.005122707207559592,-0.0825840970117088]]
[[-0.02629456909437127,-0.018098078609077105,0.07168509460368391],[0.03404420455707824,0.012318058575122259,0.009020408631636315],[-0.0077496354627069695,0.005780020033954847,-0.08070550323532023]]
[[-0.021115911667375413,-0.015375629356579518,0.07131131268860005],[0.03181976166741661,0.009738621196577441,0.00726027734167462],[-0.010703850000041197,0.0056370081600020765,-0.07857159003027467]]
[[-0.016146072810556047,-0.01267093221026087,0.07023789778006767],[0.02992902985184074,0.007689673684800924,0.00589901775216736],[-0.013782957041284693,0.004981258525459947,-0.07613691553223503]]
[[-0.011458765897307852,-0.010022831343967281,0.06853928336026577],[0.028310080034598034,0.006009085385153097,0.0048535751823868085],[-0.016851314137290182,0.004013745958814183,-0.07339285854265258]]
[[-0.007108779517466442,-0.007466317112533385,0.06630019534667982],[0.026904424965882995,0.004590100225464194,0.004059428266789187],[-0.019795645448416554,0.0028762168870691907,-0.07035962361346901]]
[[-0.003132668712949314,-0.005031696984510099,0.06361129463475129],[0.02566110616126236,0.0033626379911170755,0.0034663313197096277],[-0.022528437448313045,0.0016690589933930232,-0.06707762595446091]]
[[0.0004496985510828583,-0.002744093566869674,0.060565102657227345],[0.024537718692784552,0.002281101414946141,0.003034618684363851],[-0.02498741724386741,0.0004629921519235333,-0.0635997213415912]]
[[0.0036329559208852225,-0.0006232141979808971,0.057252396247268626],[0.02350021012486063,0.0013163147352339489,0.0027323510516174807],[-0.027133166045745852,-0.0006931005372530518,-0.0599847472988861]]
[[0.006423669482362433,0.0013166606230074986,0.05375919960299476],[0.022522222814348965,0.0004500656219947298,0.002533254188855808],[-0.0289458922967114,-0.0017667262450022283,-0.056292453791850564]]
[[0.008837640555498625,0.0030665133271034232,0.05016444167048799],[0.021584273050617768,-0.0003286904530527456,0.0024153056939707545],[-0.030421913606116395,-0.0027378228740506773,-0.052579747364458744]]
[[0.010897303725625798,0.004622281691188077,0.04653829457677795],[0.020672863574430204,-0.0010265264871881037,0.0023598126993877814],[-0.031570167300056004,-0.003595755203999973,-0.04889810727616573]]
[[0.012629388588528835,0.005984430301610041,0.04294116594881717],[0.01977955860689299,-0.0016474724607202125,0.002350837177110511],[-0.032408947195421825,-0.004336957840889829,-0.04529200312592768]]
[[0.014062949026298802,0.007157420096100469,0.0394232852911966],[0.018900039607904217,-0.002194373496144104,0.002374847327356413],[-0.032962988634203015,-0.0049630465999563654,-0.04179813261855301]]
[[0.015227801318887567,0.008149096954408271,0.03602480121016855],[0.01803316859081582,-0.002669803220819227,0.0024204981451409675],[-0.03326096990970338,-0.005479293733589043,-0.03844529935530952]]
[[0.016153361201682856,0.00897002574987657,0.032776291357006354],[0.017180095369755823,-0.003076623588237989,0.002478469711505931],[-0.03333345657143868,-0.00589340216163858,-0.03525476106851229]]
[[0.016867835035134268,0.009632801930676692,0.02969958009065974],[0.016343447626582536,-0.003418268012947888,0.002541316310845138],[-0.0332112826617168,-0.006214533917728805,-0.032240896401504876]]
[[0.017397702146413802,0.010151375590216623,0.02680875969455954],[0.015526636722959446,-0.003698818244849271,0.002603301157090212],[-0.03292433886937325,-0.006452557345367353,-0.02941206085164975]]
[[0.017767421397889942,0.010540421488564105,0.02411131881139377],[0.0147333000508282,-0.003922939864688326,0.0026602086181980594],[-0.03250072144871814,-0.006617481623875781,-0.02677152742959183]]
[[0.017999300676554312,0.010814782640325094,0.02160929519997836],[0.013966886167433221,-0.004095733476111519,0.002709137475647813],[-0.03196618684398753,-0.0067190491642135745,-0.024318432675626174]]
[[0.01811347866484076,0.010989006221536392,0.019300386980779263],[0.0132303755175226,-0.004222548228043076,0.002748285063057434],[-0.031343854182363365,-0.006766457993493317,-0.022048672043836696]]
[[0.018127980231215878,0.011076980579999254,0.01717897496976339],[0.012526119534563736,-0.004308792375693848,0.002776734033535384],[-0.030654099765779614,-0.006768188204305406,-0.019955709003298773]]
[[0.01805881769099177,0.011091672857889102,0.015237026424118979],[0.01185577523489905,-0.004359763784151174,0.0027942523736985267],[-0.02991459292589082,-0.006731909073737928,-0.018031278797817504]]
[[0.0179201189226037,0.011044959396420174,0.013464865970240047],[0.011220310804014817,-0.004380512947932063,0.0028011145048277876],[-0.029140429726618518,-0.006664446448488112,-0.016265980475067835]]
[[0.017724269691363523,0.010947536245029688,0.0118518117529197],[0.010620059160649753,-0.004375743029616186,0.0027979480274533818],[-0.028344328852013274,-0.006571793215413502,-0.014649759780373082]]
[[0.017482061858425033,0.010808894704894316,0.010386683671531761],[0.0100547998848806,-0.004349745817236352,0.002785607640726908],[-0.02753686174330563,-0.006459148887657963,-0.01317229131225867]]
[[0.017202841954853883,0.010637346477549683,0.009058196180086416],[0.009523854128106277,-0.0043063691404079014,0.0027650754035039287],[-0.02672669608296016,-0.006330977337141781,-0.011823271583590344]]
[[0.01689465638221456,0.010440084076132707,0.007855251046771507],[0.009026181375688442,-0.0042490097124190055,0.002737384918355585],[-0.025920837757903003,-0.006191074363713701,-0.010592635965127092]]
[[0.016564390656100686,0.010223264101305116,0.006767146338951427],[0.00856047070465313,-0.004180625056973706,0.0027035661513140595],[-0.025124861360753818,-0.0060426390443314125,-0.009470712490265485]]
[[0.016217900903783125,0.009992103296026676,0.005783717355814658],[0.008125222232167956,-0.004103758655958939,0.002664607299591541],[-0.02434312313595108,-0.005888344640067737,-0.0084483246554062]]
[[0.01586013641976091,0.009750979618507889,0.004895423819823285],[0.0077188167385782245,-0.0040205733393275725,0.0026214302149358045],[-0.023578953158339137,-0.005730406279180316,-0.00751685403475909]]
[[0.01549525255583932,0.009503532689289825,0.004093395786584435],[0.007339573039589504,-0.003932888962147018,0.002574876225922509],[-0.022834825595428824,-0.005570643727142807,-0.006668272012506944]]
[[0.015126713612309824,0.009252759763802283,0.0033694487455454367],[0.006985793698263236,-0.0038422214087817444,0.002525699655753065],[-0.02211250731057306,-0.0054105383550205385,-0.005895148401298502]]
[[0.014757385717688979,0.009001104821495663,0.0027160764594809355],[0.006655800244901653,-0.003749820839130679,0.0024745668167878046],[-0.021413185962590633,-0.005251283982364984,-0.0051906432762687405]]
[[0.014389619941078121,0.008750539461796516,0.0021264283439053453],[0.006347959337405628,-0.003656707809762761,0.0024220587248725647],[-0.02073757927848375,-0.005093831652033754,-0.00454848706877791]]
[[0.014025326076679435,0.008502635097477777,0.0015942766725938065],[0.006060701350761805,-0.0035637064603375214,0.0023686761860697305],[-0.02008602742744124,-0.004938928637140255,-0.0039629528586635375]]
[[0.01366603767886377,0.008258626489972973,0.0011139776261721425],[0.005792532812342474,-0.0034714743680374044,0.0023148462535948233],[-0.019458570491206244,-0.004787152121935569,-0.003428823879766966]]
[[0.013312969014880485,0.008019467031613218,0.0006804291663874721],[0.005542043957765008,-0.003380528963210301,0.0022609293325439248],[-0.018855012972645493,-0.004638938068402917,-0.002941358498931397]]
[[0.012967064648665398,0.007785876394560213,0.00028902789505518456],[0.005307912509716095,-0.003291270593108781,0.002207226429598562],[-0.018274977158381493,-0.004494605801451432,-0.0024962543246537464]]
[[0.012629042381603516,0.0075583812756445535,-0.00006437358592931023],[0.005088904604686142,-0.003204002440814187,0.002153986212492634],[-0.01771794698628966,-0.004354378834830367,-0.002089612626563323]]
[[0.012299430262658064,0.0073373500026475795,-0.00038350778920362145],[0.00488387362490054,-0.0031189475730425175,0.00210141166864781],[-0.017183303887558603,-0.004218402429605062,-0.0017179038794441887]]
[[0.011978598348316098,0.007123021755562432,-0.0006717312768936451],[0.0046917575426517685,-0.0030362634195848165,0.002049666242683779],[-0.016670355890967867,-0.004086758335977615,-0.0013779349657901338]]
[[0.011666785848571391,0.00691553111440329,-0.000932061034731102],[0.004511575254833996,-0.002956053991017282,0.0019988793961536935],[-0.016178361103405387,-0.003959477123386008,-0.0010668183614225915]]
[[0.01136412424373109,0.00671492858636861,-0.0011672081016384493],[0.004342422276992267,-0.0028783801292372427,0.0019491515762905297],[-0.01570654652072336,-0.003836548457131368,-0.0007819434746520804]]
[[0.011070656902118392,0.006521197698721956,-0.0013796084105052362],[0.0041834660772286335,-0.0028032680639694706,0.0019005586089994816],[-0.015254122979347026,-0.003717929634752485,-0.0005209501984942454]]
[[0.010786355673651365,0.006334269175701468,-0.0015714508913676649],[0.004033941258665927,-0.002730716522257663,0.0018531555489052325],[-0.014820296932317291,-0.003603552653443805,-0.0002817046575375675]]
[[0.010511134880850426,0.006154032651946199,-0.0017447029509346482],[0.0038931447423845066,-0.002660702610203867,0.0018069800291189947],[-0.014404279623234933,-0.003493330041742332,-0.0000622770781843466]]
[[0.010244863078409454,0.005980346313591404,-0.0019011334810813518],[0.0037604310583769273,-0.0025931866588293417,0.001762055157906602],[-0.014005294136786382,-0.0033871596547620617,0.0001390783231747497]]
[[0.009987372905864387,0.0058130448024997245,-0.002042333570237808],[0.0036352078178640496,-0.0025281162000987093,0.0017183920103723625],[-0.013622580723728435,-0.0032849286024010152,0.00032394155986544535]]
[[0.009738469315511727,0.005651945669496478,-0.0021697351006072195],[0.0035169314143104567,-0.002465429215523708,0.0016759917618988447],[-0.013255400729822184,-0.003186516453972769,0.0004937433387083748]]
[[0.009497936419679966,0.0054968546189331806,-0.002284627414657723],[0.0034051029809869637,-0.002405056778625414,0.0016348475073083258],[-0.01290303940066693,-0.0030917978403077664,0.0006497799073493973]]
[[0.009265543167652572,0.005347569749100507,-0.0023881722291597364],[0.0032992646185559917,-0.0023469251939301564,0.001594945806171083],[-0.012564807786208564,-0.003000644555170351,0.0007932264229886533]]
[[0.009041048032765077,0.005203884960480961,-0.002481416966249924],[0.003198995895760157,-0.002290957719005286,0.0015562679908109587],[-0.012240043928525233,-0.0029129272414756754,0.0009251489754389655]]
[[0.008824202864156324,0.0050655926760340975,-0.00256530666007919],[0.003103910618956045,-0.0022370759421251503,0.0015187912696350472],[-0.011928113483112368,-0.0028285167339089467,0.0010465153904441428]]
[[0.008614756035011766,0.004932485994088655,-0.0026406945856015263],[0.0030136538612227652,-0.002185200876274281,0.0014824896546229112],[-0.01162840989623453,-0.002747285117814374,0.0011582049309786149]]
[[0.008412454999547684,0.004804360374440536,-0.002708351743716879],[0.002927899238512454,-0.002135253820110373,0.0014473347382589952],[-0.011340354238060138,-0.0026691065543301626,0.0012610170054578843]]
[[0.00821704835410864,0.004681014941424788,-0.002768975324790662],[0.0028463464183481214,-0.002087157027995173,0.0014132963419367993],[-0.01106339477245676,-0.0025938579134296147,0.0013556789828538629]]
[[0.0080282874832618,0.00456225347359256,-0.002823196260859054],[0.002768718845565665,-0.002040834224042341,0.001380343054928081],[-0.010797006328827465,-0.0025214192495502186,0.0014428532059309728]]
[[0.007845927859370232,0.004447885137779529,-0.0028715859657906383],[0.0026947616692746283,-0.0019962109891323685,0.0013484426803956405],[-0.010540689528644861,-0.00245167414864716,0.0015231432853949978]]
[[0.007669730053538987,0.004337725015449826,-0.0029146623524212967],[0.0026242398553735914,-0.0019532150448320555,0.0013175626026213083],[-0.010293969908912579,-0.0023845099706177706,0.0015970997497999884]]
[[0.00749946050680758,0.00423159446093545,-0.002952895206257944],[0.002556936469447678,-0.0019117764539774526,0.0012876700876005753],[-0.010056396976255258,-0.002319818006957998,0.0016652251186573686]]
[[0.007334892102791856,0.0041293213243046535,-0.0029867109867626612],[0.0024926511155832724,-0.0018718277542028147,0.0012587325273969879],[-0.009827543218375128,-0.0022574935701018383,0.0017279784593656733]]
[[0.007175804576466307,0.004030740065861747,-0.0030164971194594596],[0.0024311985174739533,-0.0018333040378107734,0.0012307176371263843],[-0.00960700309394026,-0.0021974360280509735,0.0017857794823330753]]
[[0.007021984788256476,0.003935691784516471,-0.003042605835110155],[0.0023724072291002275,-0.0017961429889843652,0.001203593612127109],[-0.009394392017356703,-0.0021395487955321053,0.0018390122229830458]]
[[0.006873226887936127,0.0038440241783045887,-0.003065357605933219],[0.0023161184631995445,-0.0017602848873581856,0.001177329251742472],[-0.009189345351135672,-0.0020837392909464035,0.001888028354190747]]
[[0.006729332388869107,0.0037555914520586388,-0.0030850442232334945],[0.002262185026671165,-0.0017256725853250447,0.0011518940551727714],[-0.008991517415540273,-0.002029918866733594,0.0019331501680607231]]
[[0.006590110169793705,0.00367025418450633,-0.0031019315558136916],[0.0022104703529613494,-0.0016922514650983985,0.0011272582940250661],[-0.008800580522755053,-0.0019780027194079316,0.0019746732617886256]]
[[0.006455376418525721,0.003587879164820091,-0.0031162620240939186],[0.002160847622334268,-0.0016599693804312454,0.0011033930654807964],[-0.00861622404085999,-0.0019279097843888458,0.002012868958613122]]
[[0.006324954529576011,0.00350833920677591,-0.003128256820918363],[0.002113198961744312,-0.0016287765869688056,0.0010802703293975198],[-0.008438153491320323,-0.0018795626198071043,0.002047986491520843]]
[[0.006198674965671482,0.003431512947137281,-0.0031381179065274076],[0.002067414716781569,-0.0015986256644514945,0.0010578629321467972],[-0.008266089682453051,-0.0018328872826857863,0.00208025497438061]]
[[0.006076375091478519,0.0033572846336062515,-0.0031460298020715136],[0.002023392788862398,-0.0015694714333586031,0.0010361446195528861],[-0.008099767880340917,-0.0017878132002476484,0.0021098851825186275]]
[[0.005957898986405237,0.003285543906632495,-0.003152161203296516],[0.0019810380314814052,-0.0015412708680684094,0.001015090040925179],[-0.007938937017886642,-0.0017442730385640855,0.0021370711623713372]]
[[0.005843097242162835,0.003216185578505306,-0.0031566664335989972],[0.001940261699931318,-0.0015139830081879477,0.0009946747458617342],[-0.0077833589420941525,-0.001702202570317358,0.0021619916877372632]]
[[0.00573182674976127,0.003149109412440771,-0.0031596867534995285],[0.0019009809494356569,-0.0014875688693593305,0.0009748751752334962],[-0.007632807699196926,-0.0016615405430814405,0.0021848115782660323]]
[[0.005623950479770967,0.0030842199037910394,-0.0031613515416787563],[0.0018631183771287826,-0.0014619913545661505,0.000955668647531812],[-0.007487068856899749,-0.0016222285492248892,0.002205682894146944]]
[[0.0055193372589750055,0.003021426065022696,-0.0031617793610379166],[0.0018266016037620189,-0.0014372151667320665,0.000937033341569529],[-0.007345938862737025,-0.0015842108982906293,0.002224746019468388]]
[[0.005417861545943942,0.0029606412157187354,-0.003161078921755837],[0.0017913628914166396,-0.0014132067232151626,0.0009189482763631506],[-0.007209224437360582,-0.001547434492503573,0.0022421306453926865]]
[[0.005319403207570058,0.0029017827785384866,-0.0031593499519964267],[0.001757338793867834,-0.001389934072648492,0.0009013932888857628],[-0.007076742001437892,-0.0015118487058899946,0.002257956663110664]]
[[0.005223847298184301,0.002844772081809505,-0.0031566839857537217],[0.0017244698365717214,-0.0013673668144531942,0.0008843490102639742],[-0.006948317134756023,-0.001477405267356311,0.002272334975489747]]
[[0.00513108384253445,0.0027895341692146924,-0.0031531650762881436],[0.0016927002235431533,-0.0013454760212505443,0.0008677968408937253],[-0.006823784066077604,-0.0014440581479641481,0.0022853682353944182]]
[[0.0050410076236163505,0.0027359976168679725,-0.0031488704426921115],[0.0016619775686584316,-0.0013242341643189808,0.0008517189248667471],[-0.006702985192274783,-0.0014117634525489917,0.0022971515178253645]]
[[0.004953517976112216,0.002684094357935722,-0.0031438710563115343],[0.001632252649156909,-0.0013036150421780893,0.0008360981240294153],[-0.006585770625269126,-0.0013804793157576325,0.002307772932282119]]
[[0.0048685185859931234,0.0026337595148527315,-0.003138232173029923],[0.0016034791793313272,-0.0012835937123307072,0.0008209179919367233],[-0.006471997765324451,-0.0013501658025220243,0.0023173141810932]]
[[0.004785917296680687,0.0025849312390960996,-0.0031320138167831328],[0.0015756136025909758,-0.0012641464261544443,0.0008061627479144385],[-0.006361530899271663,-0.0013207848129416554,0.0023258510688686945]]
[[0.00470562592202956,0.0025375505584137393,-0.0031252712191055373],[0.001548614900256544,-0.0012452505669029365,0.0007918172514007829],[-0.006254240822286104,-0.0012922999915108025,0.0023334539677047545]]
[[0.004627560066283508,0.002491561231352918,-0.0031180552190044606],[0.001522444415602754,-0.001226884590753417,0.0007778669767039596],[-0.006150004481886262,-0.001264676640599501,0.002340188242300501]]
[[0.0045516389510692834,0.002446909608895615,-0.003110412627011618],[0.0014970656918063476,-0.0012090279708194132,0.0007642979882825307],[-0.006048704642875631,-0.001237881638076202,0.0023461146387290873]]
[[0.004477785249421149,0.002403544502979091,-0.003102386556861605],[0.001472444322584328,-0.0011916611440343614,0.0007510969166311416],[-0.005950229572005477,-0.0012118833589447298,0.002351289640230463]]
[[0.004405924926771705,0.002361417061660019,-0.003094016727892528],[0.001448547814421962,-0.0011747654608028125,0.0007382509348336723],[-0.005854472741193667,-0.0011866516008572064,0.0023557657930588557]]
[[0.004335987088799447,0.0023204806506672195,-0.0030853397409475163],[0.001425345459393241,-0.0011583231373098895,0.0007257477358289027],[-0.005761332548192688,-0.0011621575133573302,0.0023595920051186136]]
[[0.004267903835988227,0.002280690741080172,-0.0030763893302738804],[0.0014028082176694553,-0.0011423172103761255,0.0007135755104197143],[-0.005670712053657682,-0.0011383735307040467,0.0023628138198541664]]
[[0.004201610124726715,0.002242004802866977,-0.00306719659366503],[0.0013809086088953217,-0.0011267314947433023,0.0007017229260452699],[-0.005582518733622036,-0.0011152733081236748,0.00236547366761976]]
[[0.004137043634755784,0.0022043822040152916,-0.003057790202865459],[0.0013596206116875877,-0.001111550542676894,0.0006901791063260503],[-0.005496664246443372,-0.0010928316613383977,0.0023676110965394088]]
[[0.004074144642757131,0.002167784114992415,-0.00304819659605836],[0.0013389195705791862,-0.0010967596057719856,0.0006789336113838915],[-0.005413064213336318,-0.0010710245092204296,0.0023692629846744687]]
[[0.00401285590186663,0.0021321734182753755,-0.0030384401540757807],[0.0013187821097934553,-0.00108234459885168,0.0006679764189328298],[-0.005331638011660085,-0.0010498288194236954,0.002370463735142951]]
[[0.003953122526889728,0.002097514622698176,-0.003028543361810459],[0.0012991860532884688,-0.001068292065849902,0.00065729790613154],[-0.005252308580178197,-0.0010292225568482739,0.002371245455678919]]
[[0.0038948918849932633,0.0020637737823708127,-0.003018526956164512],[0.00128011035056164,-0.0010545891475738668,0.000646888832184096],[-0.0051750022355549034,-0.001009184634796946,0.002371638123980416]]
[[0.0038381134916475514,0.0020309184199330376,-0.0030084100617410897],[0.0012615350077501216,-0.0010412235512452764,0.0006367403216726736],[-0.005099648499397673,-0.0009896948686877612,0.002371669740068416]]
[[0.0037827389115942227,0.0019989174539147537,-0.0029982103153693065],[0.0012434410236035023,-0.0010281835217232646,0.0006268438486033703],[-0.005026179935197725,-0.0009707339321914892,0.0023713664667659364]]
[[0.003728721664618293,0.001967741129984214,-0.002987943980448836],[0.0012258103299424262,-0.0010154578143162939,0.0006171912211445269],[-0.004954531994560719,-0.0009522833156679202,0.002370752759304309]]
[[0.003676017135907447,0.0019373609558746797,-0.002977626052007165],[0.001208625736250372,-0.0010030356690944142,0.0006077745670356306],[-0.004884642872157819,-0.0009343252867802655,0.0023698514849715344]]
[[0.003624582490786844,0.00190774963978974,-0.0029672703532785468],[0.0011918708780762775,-0.0009909067866175109,0.0005985863196439894],[-0.0048164533688631215,-0.0009168428531722294,0.0023686840336345576]]
[[0.003574376593623871,0.0018788810320970045,-0.0029568896245381884],[0.0011755301689533343,-0.0009790613049993828,0.000589619204645842],[-0.004749906762577205,-0.0008998197270976215,0.002367270419892346]]
[[0.0035253599307038556,0.001850730070129183,-0.0029464956048571313],[0.0011595887555643303,-0.0009674897782315881,0.0005808662273083079],[-0.004684948686268186,-0.0008832402918975948,0.0023656293775488235]]
[[0.0034774945368847955,0.0018232727259207648,-0.0029360991073820583],[0.0011440324759066816,-0.0009561831556950047,0.0005723206603485598],[-0.0046215270127914765,-0.00086708957022576,0.0023637784470334987]]
[[0.003430743925846368,0.001796485956717368,-0.0029257100886889487],[0.0011288478202309766,-0.0009451327627909552,0.0005639760323467682],[-0.004559591746077344,-0.000851353193926413,0.0023617340563421804]]
[[0.003385073023755853,0.0017703476581034452,-0.0029153377127096613],[0.0011140218945456654,-0.0009343302826274763,0.0005558261166896869],[-0.0044990949183015185,-0.0008360173754759689,0.0023595115960199746]]
[[0.0033404481061810186,0.0017448366196023224,-0.002904990409685496],[0.0010995423864976293,-0.0009237677386999255,0.0005478649210221757],[-0.0044399904926786474,-0.0008210688809023969,0.00235712548866332]]
[[0.0032968367380873343,0.0017199324826104928,-0.002894675930561047],[0.0010853975334539447,-0.0009134374785085572,0.0005400866771844886],[-0.0043822342715412795,-0.0008064950041019353,0.0023545892533765583]]
[[0.003254207716764254,0.0016956157005357205,-0.0028844013971949397],[0.0010715760926243581,-0.0009033321580589824,0.0005324858316137549],[-0.004325783809388612,-0.0007922835424767381,0.0023519155655811847]]
[[0.0032125310175323005,0.0016718675010157355,-0.002874173348730637],[0.001058067313076914,-0.0008934447271945662,0.0005250570361887284],[-0.004270598330609214,-0.0007784227738211693,0.0023491163125419086]]
[[0.0031717777420898277,0.0016486698501012838,-0.002863997784440459],[0.0010448609095109985,-0.0008837684157127783,0.0005177951394975718],[-0.004216638651600826,-0.0007649014343885055,0.002346202644942887]]
[[0.003131920069364977,0.0016260054182938137,-0.002853880203328527],[0.0010319470376628256,-0.0008742967202203307,0.0005106951785091522],[-0.004163867107027802,-0.0007517086980734829,0.0023431850248193747]]
[[0.003092931208744969,0.0016038575483343764,-0.0028438256407536345],[0.0010193162712282464,-0.0008650233916846031,0.000503752370629057],[-0.004112247479973215,-0.0007388341566497735,0.0023400732701245775]]
[[0.0030547853555611838,0.0015822102246461948,-0.0028338387023105474],[0.0010069595801967673,-0.0008559424236413778,0.0004969621061222708],[-0.004061744935757951,-0.000726267801004817,0.002336876596188276]]
[[0.003017457648714594,0.001561048044338987,-0.002823923595187793],[0.0009948683104988765,-0.0008470480410212751,0.0004903199408851855],[-0.0040123259592134706,-0.0007140000033177118,0.002333603654302608]]
[[0.0029809241303319213,0.001540356189688405,-0.0028140841572014824],[0.0009830341648763407,-0.0008383346895595315,0.000483821589550344],[-0.003963958295208262,-0.0007020215001288736,0.0023302625676511384]]
[[0.0029451617073485477,0.0015201204020089793,-0.0028043238836878287],[0.0009714491848920199,-0.000829797025755875,0.00047746291890803707],[-0.003916610892240567,-0.0006903233762531043,0.0023268609647797917]]
[[0.002910148114919507,0.0015003269568436349,-0.002794645952421683],[0.0009601057340020715,-0.0008214299073532299,0.000471239941629563],[-0.0038702538489215786,-0.0006788970494904049,0.00232340601079212]]
[[0.0028758618815650557,0.0014809626403973555,-0.002785053246714458],[0.0009489964816192385,-0.0008132283843058706,0.00046514881027765896],[-0.003824858363184294,-0.000667734256091485,0.002319904436436799]]
[[0.0028422822959621643,0.0014620147271467323,-0.002775548376832061],[0.0009381143881012175,-0.0008051876902093894,0.0004591858115902626],[-0.003780396684063382,-0.0006568270369373429,0.002316362565241798]]
[[0.0028093893752979067,0.001443470958561089,-0.002766133699861895],[0.0009274526906030099,-0.000797303234166507,0.0004533473610244178],[-0.0037368420659009164,-0.0006461677243945821,0.002312786338837477]]
[[0.0027771638351051886,0.0014253195228746277,-0.0027568113381473886],[0.0009170048897366436,-0.000789570593064298,0.0004476299975477504],[-0.0036941687248418322,-0.0006357489298103296,0.002309181340599638]]
[[0.0027455870605053935,0.001407549035852516,-0.002747583196398879],[0.000906764736985789,-0.0007819855042398745,0.0004420303786655467],[-0.0036523517974911823,-0.0006255635316126416,0.002305552817733332]]
[[0.0027146410787865635,0.0013901485224971592,-0.0027384509775808617],[0.000896726222826591,-0.0007745438585129283,0.0004365452756720366],[-0.0036113673016131545,-0.0006156046639842307,0.0023019057019088253]]
[[0.0026843085332494744,0.0013731073996439823,-0.0027294161976675613],[0.0008868835655095413,-0.0007672416935648287,0.00043117156911504187],[-0.0035711920987590157,-0.0006058657060791536,0.002298244628552519]]
[[0.002654572658257583,0.001356415459398997,-0.0027204801993514285],[0.0008772312004604399,-0.000760075187645171,0.00042590624446367563],[-0.003531803858718023,-0.0005963402717538259,0.002294573954887753]]
[[0.002625417255430209,0.0013400628533731468,-0.0027116441647824572],[0.0008677637702614578,-0.0007530406535878119,0.0004207463879692865],[-0.0034931810256916664,-0.000587022199785335,0.0022908977768131707]]
[[0.0025968266709215176,0.0013240400776710285,-0.002702909127410009],[0.0008584761151760622,-0.0007461345331194794,0.00041568918271032746],[-0.0034553027860975798,-0.0005779055445515491,0.0022872199446996814]]
[[0.0025687857737309635,0.0013083379585940036,-0.0026942759829932366],[0.0008493632641840927,-0.0007393533914450566,0.0004107319048122883],[-0.003418149037915056,-0.000568984567148947,0.0022835440781809485]]
[[0.0025412799349936854,0.0012929476390200038,-0.002685745499841023],[0.000840420426495607,-0.0007326939120945583,0.00040587191983427454],[-0.003381700361489292,-0.0005602537269254457,0.0022798735800067483]]
[[0.0025142950082021275,0.001277860565424482,-0.0026773183283375942],[0.0008316429835142753,-0.0007261528920177109,0.0004011066793142348],[-0.003345937991716403,-0.0005517076734067709,0.0022762116490233596]]
[[0.0024878173103127068,0.001263068475508976,-0.0026689950098056628],[0.0008230264812230993,-0.0007197272369128603,0.0003964337174652372],[-0.003310843791535806,-0.0005433412385961157,0.0022725612923404255]]
[[0.002461833603693803,0.0012485633864056538,-0.002660775984754908],[0.0008145666229670678,-0.0007134139567777089,0.00039185064801557914],[-0.0032764002266608707,-0.000535149429627945,0.002268925336739329]]
[[0.0024363310788736757,0.001234337583427997,-0.0026526616005600385],[0.0008062592626090808,-0.0007072101616701092,0.0003873551611858737],[-0.003242590341482756,-0.0005271274217578878,0.002265306439374165]]
[[0.0024112973380490442,0.0012203836093394424,-0.0026446521186091853],[0.0007981003980370401,-0.0007011130576678222,0.000382945020796604],[-0.003209397736086084,-0.0005192705516716201,0.0022617070978125813]]
[[0.0023867203793172405,0.0012066942541134186,-0.0026367477209604576],[0.0007900861650014803,-0.0006951199430167784,0.0003786180614999568],[-0.0031768065443187206,-0.0005115743110966403,0.0022581296594605007]]
[[0.002362588581596637,0.0011932625451596414,-0.002628948516541461],[0.0007822128312644678,-0.0006892282044579986,0.000374372186130069],[-0.0031448014128611043,-0.0005040343407016428,0.002254576330411392]]
[[0.0023388906902020645,0.0011800817379929835,-0.002621254546924145],[0.0007744767910417509,-0.0006834353137238716,0.00037020536316610176],[-0.0031133674812438153,-0.000496646424269112,0.002251049183758043]]
[[0.0023156158030435575,0.0011671453073225178,-0.0026136657917047975],[0.0007668745597213206,-0.0006777388241950327,0.00036611562430284724],[-0.0030824903627648783,-0.000489406483127485,0.0022475501674019504]]
[[0.0022927533574184796,0.0011544469385395778,-0.0026061821735168995],[0.0007594027688426156,-0.0006721363677095741,0.0003621010621238348],[-0.0030521561262610948,-0.0004823105708300037,0.0022440811113930647]]
[[0.002270293117368615,0.0011419805195848462,-0.0025988035627024374],[0.0007520581613216278,-0.0006666256515167864,0.0003581598278721546],[-0.0030223512786902427,-0.00047535486806805975,0.0022406437348302826]]
[[0.0022482251615752857,0.0011297401331755636,-0.0025915297816654225],[0.0007448375869080859,-0.0006612044553680708,0.0003542901293144581],[-0.002993062748483371,-0.0004685356778074929,0.0022372396523509643]]
[[0.002226539871766958,0.0011177200493750058,-0.002584360608929651],[0.0007377379978617734,-0.0006558706287380704,0.00035049022869381845],[-0.0029642778696287314,-0.00046184942063693546,0.002233870380235832]]
[[0.0022052279216151203,0.0011059147184873173,-0.002577295782921086],[0.0007307564448358536,-0.0006506220881694594,0.0003467584407673529],[-0.0029359843664509737,-0.0004552926303178579,0.0022305373421537327]]
[[0.0021842802660954246,0.0010943187642617324,-0.002570335005493834],[0.0007238900729558121,-0.0006454568147351873,0.00034309313092470927],[-0.0029081703390512366,-0.0004488619495265451,0.0022272418745691246]]
[[0.002163688131292322,0.0010829269773910489,-0.0025634779452172597],[0.0007171361180833501,-0.0006403728516123247,0.0003394927133837142],[-0.002880824249375672,-0.0004425541257787242,0.0022239852318335454]]
[[0.0021434430046264746,0.0010717343092900582,-0.0025567242404405865],[0.0007104919032552005,-0.0006353683017619724,0.00033595564945966414],[-0.002853934907881675,-0.0004363660075280858,0.0022207685909809223]]
[[0.0021235366254853186,0.0010607358661403749,-0.00255007350215011],[0.0007039548352874574,-0.0006304413257100037,0.00033248044590491343],[-0.0028274914607727764,-0.00043029454043037115,0.0022175930562451963]]
[[0.0021039609762381318,0.0010499269031888398,-0.002543525316633119],[0.000697522401536574,-0.0006255901394236855,0.00032906565331557516],[-0.0028014833777747056,-0.0004243367637651542,0.002214459663317544]]
[[0.0020847082736179046,0.0010393028192873584,-0.0025370792479616168],[0.0006911921668087238,-0.0006208130122795077,0.0003257098646023172],[-0.0027759004404266287,-0.0004184898070078507,0.0022113693833592995]]
[[0.002065770960453194,0.0010288591516626553,-0.002530734840307972],[0.0006849617704097049,-0.0006161082651177843,0.0003224117135223691],[-0.002750732730862899,-0.000412750886544871,0.0022083231267856027]]
[[0.002047141697734021,0.00101859157090505,-0.0025244916201038626],[0.0006788289233280333,-0.0006114742683798393,0.00031916987327000856],[-0.002725970621062054,-0.0004071173025252105,0.002205321746833854]]
[[0.002028813356996585,0.001008495876165909,-0.002518349098052989],[0.0006727914055443149,-0.000606909440323812,0.00031598305512292314],[-0.0027016047625409,-0.0004015864358420971,0.0022023660429300656]]
[[0.002010779013012446,0.0009985679905539953,-0.002512306771007387],[0.0006668470634603727,-0.0006024122453153241,0.00031285000714197184],[-0.002677626076472819,-0.00039615574523867115,0.002199456763865415]]
[[0.001993031936768422,0.000988803956721403,-0.0025063641237164447],[0.0006609938074419983,-0.0005979811921894519,0.0003097695129219869],[-0.0026540257442104202,-0.00039082276453195096,0.0021965946107944576]]
[[0.0019755655887241917,0.0009791999326302784,-0.002500520630457103],[0.0006552296094695407,-0.0005936148326806322,0.0003067403903913768],[-0.0026307951981937323,-0.00038558509994964603,0.0021937802400657266]]
[[0.001958373612335213,0.0009697521874919653,-0.002494775756553168],[0.0006495525008908903,-0.000589311759917313,0.00030376149065839157],[-0.002607926113226104,-0.0003804404275746523,0.0021910142658947765]]
[[0.0019414498278291954,0.000960457097870637,-0.002489128959791089],[0.0006439605702717067,-0.0005850706069783142,0.0003008316969020192],[-0.0025854103981009023,-0.0003753864908923228,0.0021882972628890695]]
[[0.0019247882262248856,0.0009513111439438891,-0.002483579691739077],[0.0006384519613380516,-0.0005808900455080369,0.00029794992330557825],[-0.0025632401875629375,-0.00037042109843585214,0.002185629768433499]]
[[0.0019083829635825346,0.0009423109059131374,-0.002478127398975966],[0.0006330248710068409,-0.0005767687843877912,0.0002951151140311584],[-0.0025414078345893753,-0.00036554212152534616,0.002183012284944808]]
[[0.0018922283554758967,0.0009334530605570391,-0.002472771524235791],[0.0006276775474998021,-0.0005727055684606674,0.0002923262422331587],[-0.002519905902975699,-0.0003607474920963718,0.0021804452820026322]]
[[0.0018763188716760726,0.0009247343779214732,-0.0024675115074736342],[0.0006224082885368512,-0.0005686991773074938,0.000289582309109244],[-0.0024987271602129237,-0.00035603520061397946,0.0021779291983643903]]
[[0.0018606491310380504,0.0009161517181399671,-0.0024623467868579705],[0.0006172154396050327,-0.0005647484240715625,0.0002868823429871282],[-0.002477864570643083,-0.0003514032940684047,0.002175464443870842]]
[[0.0018452138965811499,0.0009077020283787344,-0.002457276799694333],[0.0006120973922993805,-0.0005608521543299058,0.00028422539844566235],[-0.0024573112888805304,-0.00034684987404882863,0.0021730514012486706]]
[[0.0018300080707550387,0.0008993823399007876,-0.002452300983284836],[0.0006070525827322497,-0.000557009245009038,0.0002816105554687801],[-0.0024370606534872886,-0.00034237309489174966,0.0021706904278160563]]
[[0.0018150266908833954,0.0008911897652438658,-0.0024474187757277995],[0.0006020794900078606,-0.0005532186033431607,0.00027903691863091627],[-0.002417106180891256,-0.00033797116190070514,0.002168381857096883]]
[[0.0018002649247776138,0.0008831214955071628,-0.002442629616661394],[0.0005971766347589706,-0.0005494791658729441,0.0002765036163125831],[-0.0023974415595365843,-0.00033364232963421867,0.002166126000348811]]
[[0.0017857180665133692,0.000875174797742097,-0.002437932947955029],[0.0005923425777427503,-0.0005457898974830858,0.00027400979994484514],[-0.0023780606442561194,-0.0003293849002590114,0.002163923148010184]]
[[0.0017713815323631469,0.0008673470124425909,-0.0024333282143519093],[0.0005875759184931024,-0.0005421497904769348,0.0002715546432814957],[-0.002358957450856249,-0.00032519722196565614,0.0021617735710704137]]
[[0.0017572508568781734,0.0008596355511305381,-0.0024288148640660007],[0.000582875294026803,-0.0005385578636865583,0.0002691373416977877],[-0.0023401261509049765,-0.00032107768744397974,0.002159677522368213]]
[[0.0017433216891135103,0.00085203789403236,-0.0024243923493364053],[0.0005782393776009801,-0.0005350131616167017,0.00026675711151463006],[-0.0023215610667144905,-0.00031702473241565835,0.002157635237821775]]
[[0.0017295897889903252,0.0008445515878427307,-0.0024200601269419673],[0.0005736668775195811,-0.0005315147536211714,0.0002644131893472033],[-0.0023032566665099063,-0.0003130368342215594,0.0021556469375947638]]
[[0.0017160510237896713,0.0008371742435717587,-0.0024158176586787606],[0.0005691565359865962,-0.0005280617331102448,0.0002621048314770031],[-0.0022852075597762675,-0.00030911251046151383,0.0021537128272017575]]
[[0.001702701364772321,0.0008299035344720605,-0.002411664411802908],[0.000564707128003919,-0.0005246532167877669,0.0002598313132463573],[-0.00226740849277624,-0.00030525031768429355,0.0021518330985565506]]
[[0.001689536883919477,0.0008227371940423542,-0.002407599859441042],[0.0005603174603118438,-0.0005212883439166728,0.00025759192847451146],[-0.002249854344231321,-0.00030144885012568144,0.0021500079309665306]]
[[0.0016765537507894153,0.0008156730141043496,-0.0024036234809705825],[0.0005559863703702842,-0.0005179662756117229,0.0002553859888944138],[-0.0022325401211596998,-0.00029770673849262666,0.0021482374920761688]]
[[0.0016637482294853234,0.0008087088429498524,-0.002399734762371834],[0.0005517127253789114,-0.0005146861941583022,0.000253212823609371],[-0.002215460954864235,-0.00029402264879155017,0.002146521938762463]]
[[0.0016511166757298254,0.0008018425835551647,-0.0023959331965538165],[0.000547495421334492,-0.0005114473023561879,0.0002510717785687851],[-0.0021986120970643175,-0.0002903952811989768,0.002144861417985031]]
[[0.0016386555340418792,0.0007950721918599751,-0.0023922182836555897],[0.0005433333821237868,-0.0005082488228872374,0.0002489622160622098],[-0.002181988916165666,-0.00028682336897273774,0.00214325606759338]]
[[0.0016263613350119253,0.0007883956751080826,-0.0023885895313247494],[0.0005392255586504703,-0.0005050899977060046,0.00024688351423100824],[-0.0021655868936623955,-0.0002833056774020779,0.002141706017093741]]
[[0.0016142306926713364,0.0007818110902473952,-0.002385046454974619],[0.0005351709279945828,-0.0005019700874523316,0.00024483506659691456],[-0.0021494016206659193,-0.0002798410027950636,0.0021402113883777045]]
[[0.0016022603019524271,0.00077531654238679,-0.0023815885780216492],[0.0005311684926031246,-0.0004988883708850118,0.00024281628160684171],[-0.0021334287945555517,-0.0002764281715017781,0.0021387722964148074]]
[[0.0015904469362353975,0.0007689101833075066,-0.002378215432104348],[0.0005272172795104485,-0.0004958441443356601,0.00024082658219329943],[-0.002117664215745846,-0.00027306603897184645,0.0021373888499110487]]
[[0.0015787874449787842,0.0007625902100268605,-0.0023749265572850487],[0.0005233163395871882,-0.000492836721181967,0.00023886540534981922],[-0.002102103784565972,-0.00026975348884489367,0.0021360611519352295]]
[[0.0015672787514301098,0.0007563548634121613,-0.0023717215022357025],[0.000519464746816509,-0.0004898654313395454,0.0002369322017208035],[-0.0020867434982466187,-0.0002664894320726159,0.002134789300514899]]
[[0.0015559178504136095,0.0007502024268428223,-0.0023685998244088536],[0.0005156615975965339,-0.0004869296207716274,0.00023502643520524754],[-0.0020715794480101433,-0.00026327280607119487,0.002133573389203606]]
[[0.0015447018061919718,0.0007441312249187192,-0.002365561090194813],[0.0005119060100678498,-0.00048402865101588536,0.0002331475825737996],[-0.0020566078162598217,-0.00026010257390283374,0.0021324135076210135]]
[[0.0015336277503992584,0.0007381396222129616,-0.0023626048750660694],[0.0005081971234650461,-0.000481161898727698,0.00023129513309865413],[-0.0020418248738643045,-0.0002569777234852636,0.002131309741967415]]
[[0.0015226928800422034,0.0007322260220673095,-0.002359730763709833],[0.0005045340974912962,-0.00047832875523920546,0.00022946858819578817],[-0.0020272269775334995,-0.00025389726682810394,0.0021302621755140447]]
[[0.0015118944555672581,0.0007263888654285502,-0.0023569383501496183],[0.0005009161117150332,-0.0004755286261335295,0.00022766746107907656],[-0.0020128105672822913,-0.0002508602392950207,0.002129270889070542]]
[[0.0015012297989908576,0.0007206266297242226,-0.002354227237856666],[0.0004973423649878116,-0.0004727609308335601,0.0002258912764258374],[-0.0019985721639786693,-0.00024786569889066246,0.0021283359614308285]]
[[0.0014906962920904578,0.0007149378277761365,-0.0023515970398519806],[0.0004938120748825009,-0.0004700251022047383,0.0002241395700533814],[-0.001984508366972959,-0.00024491272557139817,0.002127457469798599]]
[[0.0014802913746540423,0.0007093210067502311,-0.0023490473787997285],[0.0004903244771509822,-0.0004673205861712911,0.00022241188860615298],[-0.0019706158518050243,-0.00024200042057893992,0.0021266354901935754]]
[[0.001470012542785843,0.0007037747471413322,-0.002346577887092643],[0.00048687882520056765,-0.0004646468413453927,0.0002207077892530714],[-0.001956891367986411,-0.0002391279057959395,0.0021258700978395717]]
[[0.0014598573472661745,0.000698297661791483,-0.0023441882069301216],[0.0004834743895883926,-0.0004620033386687579,0.0002190268393946937],[-0.0019433317368545671,-0.0002362943231227251,0.002125161367535428]]
[[0.001449823391963283,0.0006928883949405292,-0.002341877990389571],[0.00048011045753306537,-0.0004593895610661852,0.00021736861637983856],[-0.0019299338494963485,-0.00023349883387434404,0.0021245093740097326]]
[[0.0014399083322952963,0.0006875456213077374,-0.0023396468994916057],[0.0004767863324428943,-0.00045680500311059583,0.0002157327072313239],[-0.0019166946647381905,-0.00023074061819714148,0.0021239141922602817]]
[[0.0014301098737403487,0.0006822680452032427,-0.0023374946062596157],[0.00047350133346003734,-0.0004542491706991307,0.00021411870838048652],[-0.0019036112072003861,-0.00022801887450411195,0.002123375897879129]]
[[0.0014204257703931019,0.0006770543996682029,-0.0023354207927742004],[0.000470254795019954,-0.00045172158073988596,0.00021252622541016343],[-0.0018906805654130558,-0.00022533281892831694,0.002122894567364037]]
[[0.0014108538235658992,0.000671903445642549,-0.0023334251512229474],[0.00046704606642556236,-0.00044922176084888495,0.0002109548728058299],[-0.0018778998899914615,-0.000222681684793664,0.002122470278417118]]
[[0.0014013918804329226,0.0006668139711593101,-0.0023315073839460182],[0.0004638745114355344,-0.00044674924905690745,0.00020940427371459946],[-0.0018652663918684571,-0.00022006472210240273,0.002122103110231419]]
[[0.001392037832715708,0.000661784790564489,-0.0023296672034779217],[0.00046073950786618443,-0.00044430359352580224,0.0002078740597118053],[-0.0018527773405818924,-0.00021748119703868675,0.0021217931437661165]]
[[0.001382789615408527,0.0006568147437615377,-0.0023279043325859007],[0.0004576404472064293,-0.00044188435227393477,0.00020636387057489016],[-0.0018404300626149563,-0.00021493039148760297,0.0021215404620110105]]
[[0.0013736452055421251,0.0006519026954795097,-0.0023262185043052956],[0.000454576734245326,-0.0004394910929104314,0.00020487335406434666],[-0.0018282219397874513,-0.00021241160256907826,0.002121345150240949]]
[[0.0013646026209844294,0.0006470475345640047,-0.002324609461972234],[0.0004515477867117076,-0.00043712339237789557,0.00020340216571145775],[-0.001816150407696137,-0.00020992414218610908,0.002121207296260776]]
[[0.001355659919276826,0.0006422481732900511,-0.002323076959253971],[0.0004485530349254635,-0.000434780836703287,0.00020194996861259734],[-0.0018042129542022896,-0.00020746733658676413,0.0021211269906413737]]
[[0.0013468151965047455,0.0006375035466961242,-0.0023216207601772228],[0.00044559192146002597,-0.0004324630207566648,0.00020051643322986065],[-0.0017924071179647714,-0.00020504052593945944,0.002121104326947362]]
[[0.0013380665862012522,0.0006328126119385015,-0.002320240639154738],[0.0004426639008156489,-0.0004301695480175118,0.0001991012371978039],[-0.001780730487016901,-0.00020264306392098967,0.002121139401956934]]
[[0.0013294122582824509,0.0006281743476652188,-0.002318936381010433],[0.00043976843910307475,-0.00042790003034836406,0.000197704065136079],[-0.0017691806973855256,-0.00020027431731685466,0.002121232315874354]]
[[0.0013208504180135473,0.0006235877534088954,-0.00231770778100333],[0.00043690501373720833,-0.0004256540877754832,0.00019632460846776058],[-0.0017577554317507558,-0.00019793366563341218,0.0021213831725355697]]
[[0.00131237930500444,0.0006190518489977447,-0.002316554644850566],[0.0004340731131404321,-0.0004234313482763217,0.00019496256524316756],[-0.001746452418144872,-0.0001956205007214231,0.002121592079607398]]
[[0.0013039971922337392,0.0006145656739840924,-0.0023154767887496736],[0.0004312722364552071,-0.00042123144757353644,0.00019361763996899074],[-0.0017352694286889463,-0.00019333422641055591,0.002121859148780683]]
[[0.0012957023851002324,0.0006101282870897733,-0.0023144740394004113],[0.0004285018932656256,-0.0004190540289353209,0.00019228954344254504],[-0.0017242042783658582,-0.00019107425815445247,0.0021221844959578664]]
[[0.0012874932205007264,0.0006057387656677875,-0.002313546234026306],[0.00042576160332759213,-0.000416898742981832,0.00019097799259097125],[-0.0017132548238283187,-0.0001888400226859555,0.002122568241435335]]
[[0.0012793680659333698,0.0006013962051796208,-0.0023126932203961412],[0.00042305089630732037,-0.0004147652474974977,0.00018968271031521896],[-0.0017024189622406902,-0.0001866309576821231,0.002123010510080922]]
[[0.0012713253186254717,0.0005970997186876677,-0.00231191485684557],[0.0004203693115278503,-0.00041265320724899967,0.0001884034253386499],[-0.001691694630153322,-0.00018444651143866806,0.0021235114315069203]]
[[0.0012633634046849641,0.000592848436362199,-0.002311211012299033],[0.0004177163977233004,-0.00041056229380873326,0.00018713987206010486],[-0.0016810798024082647,-0.00018228614255346576,0.002124071140238928]]
[[0.0012554807782746262,0.000588641505002361,-0.0023105815662921715],[0.0004150917128005802,-0.0004084921853835569,0.00018589179041128535],[-0.0016705724910752065,-0.00018014931961880408,0.002124689775880886]]
[[0.001247675920808236,0.0005844780875706841,-0.002310026408994876],[0.0004124948236083017,-0.0004064425666486467,0.00018465892571830613],[-0.0016601707444165378,-0.00017803552092203744,0.0021253674832765698]]
[[0.001239947340167866,0.000580357362740623,-0.0023095454412351557],[0.0004099253057126348,-0.00040441312858628046,0.00018344102856727784],[-0.0016498726458805007,-0.00017594423415434252,0.002126104412667878]]
[[0.0012322935699415366,0.000576278524456658,-0.00230913857452396],[0.0004073827431798681,-0.000402403568329385,0.00018223785467378934],[-0.0016396763131214047,-0.000173874956127273,0.0021269007198501705]]
[[0.0012247131686804714,0.000572240781506495,-0.002308805731081102],[0.0004048667283654398,-0.00040041358900968344,0.000181049164756158],[-0.001629579897045911,-0.00017182719249681164,0.002127756566324944]]
[[0.0012172047191752555,0.0005682433571049376,-0.0023085468438624334],[0.0004023768617092151,-0.00039844289961028605,0.00017987472441232622],[-0.0016195815808844707,-0.00016980045749465152,0.002128672119450107]]
[[0.001209766827750187,0.0005642854884890081,-0.002308361856588391],[0.0003999127515367986,-0.00039649121482257646,0.00017871430400028375],[-0.0016096795792869855,-0.00016779427366643164,0.0021296475525881074]]
[[0.0012023981235751429,0.0005603664265239062,-0.0023082507237740407],[0.0003974740138666708,-0.000394558254907247,0.00017756767852190061],[-0.0015998721374418138,-0.00016580817161665926,0.00213068304525214]]
[[0.001195097257994332,0.0005564854353194254,-0.0023082134107607686],[0.0003950602722229545,-0.00039264374555934747,0.00017643462751006168],[-0.0015901575302172866,-0.00016384168976007785,0.002131778783250707]]
[[0.0011878629038712756,0.0005526417918564326,-0.002308249893749696],[0.0003926711574536174,-0.00039074741777721,0.00017531493491899314],[-0.0015805340613248928,-0.0001618943740792226,0.0021329349588307027]]
[[0.001180693754949431,0.000548834785623068,-0.0023083601598369785],[0.0003903063075539297,-0.0003888690077351253,0.00017420838901768056],[-0.0015710000625033607,-0.00015996577788794278,0.002134151770819298]]
[[0.0011735885252278548,0.0005450637182602907,-0.002308544207051061],[0.0003879653674950005,-0.0003870082566596437,0.0001731147822862786],[-0.0015615538927228553,-0.00015805546160064694,0.0021354294247647823]]
[[0.0011665459483513533,0.0005413279032164517,-0.0023088020443920378],[0.0003856479890572206,-0.0003851649107093849,0.00017203391131541564],[-0.0015521939374085738,-0.00015616299250706677,0.002136768133076622]]
[[0.0011595647770145383,0.0005376266654105507,-0.002309133691873176],[0.0003833538306684522,-0.00038333872085823746,0.0001709655767083029],[-0.0015429186076829904,-0.00015428794455231326,0.002138168115164873]]
[[0.0011526437823792862,0.0005339593409038671,-0.002309539180564754],[0.0003810825572468077,-0.0003815294427818432,0.00016990958298555769],[-0.001533726339626094,-0.00015242989812202387,0.0021396295975791963]]
[[0.0011457817535050585,0.0005303252765796561,-0.0023100185526402743],[0.00037883384004786343,-0.0003797368367472549,0.0001688657384926558],[-0.0015246155935529219,-0.00015058843983240122,0.0021411528141476186]]
[[0.0011389774967915899,0.0005267238298306146,-0.0023105718614251786],[0.0003766073565161681,-0.0003779606675056679,0.00016783385530993035],[-0.001515584853307758,-0.00014876316232494664,0.0021427380061152484]]
[[0.0011322298354334529,0.0005231543682538302,-0.0023111991714481455],[0.0003744027901409013,-0.00037620070418812636,0.000166813749165036],[-0.0015066326255743544,-0.00014695366406570375,0.00214438542228311]]
[[0.0011255376088860273,0.0005196162693529372,-0.0023119005584950783],[0.000372219830315551,-0.0003744567202041083,0.00016580523934780377],[-0.0014977574392015783,-0.00014515954914882885,0.0021460953191472744]]
[[0.0011188996723424075,0.0005161089202472037,-0.0023126761096658502],[0.0003700581722014767,-0.00037272849314289795,0.00016480814862741003],[-0.0014889578445438842,-0.00014338042710430575,0.00214786796103844]]
[[0.0011123148962208147,0.0005126317173873018,-0.002313525923433953],[0.0003679175165952365,-0.0003710158046776571,0.00016382230317178902],[-0.0014802324128160513,-0.0001416159127096448,0.002149703620262164]]
[[0.0011057821656620494,0.0005091840662774942,-0.0023144501097090704],[0.00036579756979955607,-0.00036931844047211125,0.0001628475324692194],[-0.0014715797354616054,-0.00013986562580538297,0.0021516025772398513]]
[[0.0010993003800365973,0.0005057653812040063,-0.002315448789902725],[0.0003636980434978218,-0.0003676361900897657,0.00016188366925201788],[-0.0014629984235344192,-0.00013812919111424064,0.002153565120650707]]
[[0.0010928684524609436,0.000502375084969338,-0.002316522096997067],[0.0003616186546319909,-0.00036596884690557447,0.0001609305494222753],[-0.0014544871070929343,-0.00013640623806376355,0.002155591547574792]]
[[0.0010864853093227114,0.0004990126086322865,-0.0023176701756168934],[0.0003595591252838048,-0.0003643162080199857,0.0001599880119795735],[-0.0014460444346065162,-0.00013469640061230078,0.0021576821636373196]]
[[0.0010801498898142252,0.0004956773912534569,-0.00231889318210499],[0.0003575191825592067,-0.00036267807417528697,0.00015905589895062126],[-0.0014376690723734318,-0.00013299931707816986,0.0021598372831543693]]
[[0.0010738611454741195,0.0004923688796460474,-0.0023201912846008994],[0.0003554985584758616,-0.00036105424967418544,0.00015813405532075366],[-0.001429359703949981,-0.00013131462997186195,0.0021620572292801454]]
[[0.001067618039736611,0.0004890865281316885,-0.0023215646631231735],[0.0003534969898536787,-0.00035944454230054355,0.00015722232896723517],[-0.0014211150295902898,-0.0001296419858311449,0.0021643423341559387]]
[[0.0010614195474880806,0.00048582979830114157,-0.0023230135096552543],[0.00035151421820824974,-0.0003578487632422164,0.00015632057059431577],[-0.0014129337656963302,-0.00012798103505892513,0.0021666929390609384]]
[[0.0010552646546305917,0.00048259815877964583,-0.0023245380282350073],[0.000349549989647107,-0.00035626672701591784,0.0001554286336699853],[-0.0014048146442776988,-0.000126331431763728,0.002169109394565022]]
[[0.0010491523576520178,0.00047939108499673525,-0.002326138435048071],[0.00034760405476871734,-0.00035469825139405615,0.00015454637436437593],[-0.0013967564124207352,-0.0001246928336026791,0.002171592060683695]]
[[0.0010430816632024042,0.00047620805896031254,-0.0023278149585250667],[0.00034567616856412875,-0.000353143157333481,0.00015367365148976438],[-0.001388757831766533,-0.0001230649016268316,0.0021741413070353022]]
[[0.0010370515876762581,0.00047304856903481845,-0.002329567839442774],[0.00034376609032118604,-0.00035160126890608197,0.0001528103264421255],[-0.001380817677997444,-0.00012144730012873646,0.002176757513000648]]
[[0.0010310611568004175,0.0004699121097233005,-0.0023313973310293895],[0.000341873583531241,-0.0003500724132311842,0.0001519562631441919],[-0.0013729347403316585,-0.00011983969649211632,0.0021794410678851977]]
[[0.0010251094052271836,0.0004667981814532101,-0.0023333036990739386],[0.00033999841579827894,-0.00034855642040968675,0.0001511113279899761],[-0.0013651078210254626,-0.00011824176104352336,0.0021821923710839625]]
[[0.0010191953761323916,0.0004637062903657573,-0.0023352872220399577],[0.00033814035875039106,-0.0003470531234598923,0.0001502753897907108],[-0.0013573357348827825,-0.00011665316690586498,0.002185011832249247]]
[[0.0010133181208181003,0.00046063594810865044,-0.002337348191183535],[0.00033629918795351904,-0.0003455623582549764,0.0001494483197221664],[-0.0013496173087716194,-0.000115073589853674,0.002187899871461369]]
[[0.0010074766983196187,0.0004575866716320591,-0.002339486910675833],[0.00033447468282740873,-0.0003440839634620506,0.00014862999127330728],[-0.0013419513811470274,-0.00011350270817000853,0.0021908569194025256]]
[[0.00100167017501652,0.0004545579829876403,-0.0023417036977301767],[0.0003326666265637047,-0.00034261778048277,0.0001478202801962455],[-0.0013343368015802247,-0.00011194020250487031,0.0021938834175339312]]
[[0.0009958976242473796,0.00045154940913046007,-0.002343998882733824],[0.00033087480604611976,-0.00034116365339543976,0.00014701906445745616],[-0.0013267724302934996,-0.00011038575573502028,0.002196979818276368]]
[[0.000990158125927923,0.0004485604817236685,-0.0023463728093845245],[0.0003290990117726245,-0.0003397214288985796,0.00014622622419021777],[-0.0013192571377005475,-0.00010883905282508898,0.0022001465851943067]]
[[0.000984450766172277,0.0004455907369457665,-0.0023488258348320014],[0.00032733903777959266,-0.00033829095625590095,0.00014544164164824222],[-0.0013117898039518698,-0.00010729978068986561,0.0022033841931837594]]
[[0.0009787746369170605,0.00044263971530031235,-0.002351358329824421],[0.0003255946815678452,-0.00033687208724265586,0.00014466520116046032],[-0.0013043693184849059,-0.00010576762805765647,0.0022066931286639606]]
[[0.0009731288355479936,0.0004397069614279301,-0.0023539706788600263],[0.00032386574403054285,-0.00033546467609332103,0.0001438967890869307],[-0.0012969945795785365,-0.00010424228533460907,0.0022100738897730954]]
[[0.0009675124645287547,0.00043679202392045934,-0.002356663280344012],[0.0003221520293828669,-0.0003340685794505741,0.0001431362937758392],[-0.0012896644939116215,-0.00010272344446988523,0.002213526986568173]]
[[0.0009619246310318022,0.00043389445513712205,-0.0023594365467507978],[0.0003204533450934409,-0.0003326836563155295,0.00014238360552155886],[-0.001282377976125243,-0.00010121079882159255,0.002217052941229239]]
[[0.0009563644465708604,0.0004310138110225442,-0.0023622909047917944],[0.0003187695018174432,-0.00033130976799919474,0.00014163861652374002],[-0.0012751339483883036,-0.00009970404302334942,0.0022206522882680544]]
[[0.0009508310266347859,0.0004281496509265058,-0.002365226795588817],[0.00031710031333135897,-0.0003299467780751136,0.00014090122084740164],[-0.001267931339966145,-0.00009820287285139222,0.002224325574741415]]
[[0.0009453234903225534,0.00042530153742527507,-0.002368244674853282],[0.0003154455964693287,-0.0003285945523331628,0.0001401713143839963],[-0.0012607690867918822,-0.00009670698509211227,0.0022280733604692856]]
[[0.0009398409599790466,0.0004224690361443914,-0.00237134501307131],[0.0003138051710610451,-0.0003272529587344696,0.00013944879481342116],[-0.0012536461310400917,-0.00009521607740992178,0.002231896218257889]]
[[0.0009343825608313901,0.00041965171558275467,-0.0023745282956948773],[0.0003121788598711561,-0.00032592186736741776,0.00013873356156694915],[-0.0012465614207025461,-0.00009372984821533691,0.0022357947341279283]]
[[0.0009289474206255335,0.0004168491469379014,-0.0023777950233391932],[0.000310566488540131,-0.0003246011504047131,0.0001380255157910544],[-0.0012395139091656644,-0.0000922479965331883,0.002239769507548139]]
[[0.0009235346692627926,0.0004140609039323069,-0.0023811457119864085],[0.00030896788552654884,-0.00032329068206147707,0.0001373245603121075],[-0.0012325025547893415,-0.00009077022187082981,0.0022438211516743007]]
[[0.000918143438436077,0.0004112865626406092,-0.0023845808931958496],[0.00030738288205076926,-0.0003219903385543414,0.00013663059960191667],[-0.0012255263204868463,-0.00008929622408626785,0.002247950293593933]]
[[0.000912772861265502,0.0004085257013175963,-0.0023881011143209135],[0.0003058113120399474,-0.0003206999980615156,0.00013594353974409167],[-0.0012185841733054494,-0.00008782570325608074,0.002252157574576822]]
[[0.0009074220719331037,0.00040577790022683986,-0.002391706938732807],[0.0003042530120743558,-0.00031941954068379964,0.00013526328840120783],[-0.0012116750840074596,-0.0000863583595430402,0.0022564436503315992]]
[[0.0009020902053163587,0.000403042741469831,-0.002395398946051284],[0.00030270782133497723,-0.00031814884840651776,0.00013458975478274868],[-0.0012047980266513358,-0.00008489389306331324,0.0022608091912685356]]
[[0.0008967763966202194,0.00040031980881549613,-0.0023991777323825745],[0.00030117558155233286,-0.0003168878050623453,0.00013392284961380574],[-0.0011979519781725521,-0.00008343200375315082,0.0022652548827687686]]
[[0.0008914797810073553,0.000397608687529948,-0.002403043910564664],[0.000299656136956513,-0.00031563629629500735,0.0001332624851045154],[-0.0011911359179638682,-0.00008197239123494064,0.0022697814254601487]]
[[0.0008861994932263121,0.0003949089642063451,-0.002406998110420142],[0.00029814933422837604,-0.0003143942095238226,0.0001326085749202122],[-0.001184348827454688,-0.00008051475468252251,0.0022743895354999295]]
[[0.0008809346672372761,0.00039222022659472723,-0.0024110409790167766],[0.00029665502245188724,-0.00031316143390907225,0.00013196103415228096],[-0.0011775896896891634,-0.00007905879268565495,0.002279079944864496]]
[[0.0008756844358351241,0.00038954206343167944,-0.0024151731809360436],[0.0002951730530675611,-0.000311937860318169,0.00013131977928968654],[-0.0011708574889026852,-0.00007760420311351044,0.002283853401646357]]
[[0.0008704479302694699,0.00038687406426970696,-0.002419395398549802],[0.00029370327982698307,-0.00031072338129260654,0.00013068472819116578],[-0.0011641512100964528,-0.00007615068297710039,0.0022887106703586364]]
[[0.0008652242798613557,0.0003842158193061668,-0.002423708332305332],[0.0002922455587483781,-0.00030951789101566824,0.00013005580005806227],[-0.0011574698386097337,-0.00007469792829049854,0.0022936525322472695]]
[[0.0008600126116162845,0.00038156691921162973,-0.0024281127010189535],[0.00029079974807319937,-0.00030832128528087376,0.00012943291540778724],[-0.001150812359689484,-0.00007324563393075595,0.0022986797856111665]]
[[0.0008548120498332563,0.00037892695495752687,-0.0024326092421784605],[0.00028936570822371023,-0.0003071334614611454,0.00012881599604789063],[-0.0011441777580569665,-0.00007179349349638144,0.0023037932461305696]]
[[0.0008496217157094661,0.00037629551764293786,-0.0024371987122545867],[0.0002879433017615315,-0.00030595431847867403,0.00012820496505072554],[-0.0011375650174709976,-0.0000703411991642638,0.0023089937472038614]]
[[0.0008444407269403189,0.0003736721983203815,-0.002441881887021755],[0.0002865323933471306,-0.000304783756775466,0.00012759974672869098],[-0.0011309731202874497,-0.00006888844154491548,0.002314282140293064]]
[[0.0008392681973144176,0.00037105658782046687,-0.0024466595618883942],[0.0002851328497002272,-0.0003036216782845552,0.00012700026661003773],[-0.001124401047014645,-0.00006743490953591165,0.0023196592952783564]]
