[[0.5908514549211674,0.4790864970533403,0.11210016158186879],[-0.2767143253655151,0.3064102310091265,0.001255741105424737],[-0.3141371295556523,-0.7854967280624667,-0.11335590268729352]]
[[0.5369476520255173,0.46954663273000113,0.059191031383496864],[-0.2958119499672075,0.28234159603259545,0.0011014051545578957],[-0.2411357020583098,-0.7518882287625965,-0.06029243653805476]]
[[0.49773387494710475,0.4743878034721253,0.016791231001197175],[-0.31261922627714034,0.25834738668496304,0.0007184776391102753],[-0.18511464866996444,-0.7327351901570883,-0.017509708640307448]]
[[0.46807319059875374,0.491445413013082,-0.02100126270218885],[-0.3277984502756687,0.2343937132735881,5.175101898942033e-6],[-0.14027474032308507,-0.7258391262866701,0.020996087600289908]]
[[0.44512356610982146,0.5206552435135345,-0.058504325930097655],[-0.34180827294303406,0.21020218372685254,-0.001044924546888361],[-0.10331529316678739,-0.730857427240387,0.05954925047698602]]
[[0.4270522236310018,0.5639842251294324,-0.09994203746482594],[-0.354853269174325,0.1853758923476519,-0.0023601875585167074],[-0.07219895445667679,-0.7493601174770843,0.10230222502334266]]
[[0.4122112561749822,0.6259689835648957,-0.15081542815966215],[-0.36688899829364474,0.15951984645252218,-0.0038056620613463165],[-0.04532225788133748,-0.7854888300174179,0.15462109022100845]]
[[0.39817321283274265,0.7152571693628893,-0.2200925036475589],[-0.37766877666903637,0.13234958424332655,-0.005196562702815847],[-0.020504436163706313,-0.8476067536062158,0.2252890663503747]]
[[0.3795915688929675,0.8482794594774962,-0.32512825592028805],[-0.38682751260278925,0.10378716121991509,-0.006315505905679995],[0.007235943709821724,-0.9520666206974113,0.3314437618259681]]
[[0.3413922113913417,1.0582167389397967,-0.5053404654461234],[-0.3940023773409975,0.07404558359093673,-0.006943133375869385],[0.05261016594965584,-1.1322623225307336,0.5122835988219928]]
[[0.2307028652108102,1.4182027925377036,-0.8691996002868743],[-0.3989836451298404,0.04371164223769051,-0.006924990069208806],[0.16828077991903018,-1.461914434775394,0.8761245903560831]]
[[-0.2042360942259625,2.089872043412049,-1.8072638877206557],[-0.4018375636382805,0.013873476693361907,-0.006350238763113639],[0.606073657864243,-2.1037455201054107,1.8136141264837693]]
[[-2.8938726426547663,2.6950720598159146,-5.234310028154433],[-0.4025427208975073,-0.01358676684644969,-0.006149847668329357],[3.2964153635522733,-2.6814852929694646,5.240459875822762]]
[[-6.560895809969096,-9.747033603756897,-1.0603832404655185],[-0.39602374797542295,-0.036900338503367276,-0.009529410710172413],[6.956919557944519,9.783933942260264,1.069912651175691]]
[[1.6770996560148594,-3.8336777032180596,4.3025871780782],[-0.3810756657261726,-0.06481811299677934,-0.009081490311683817],[-1.296023990288687,3.898495816214839,-4.293505687766516]]
[[1.8227064038964298,-0.7561629382588065,2.4419099593588545],[-0.37101416572466217,-0.09067774593086894,-0.004623358625436166],[-1.4516922381717676,0.8468406841896755,-2.437286600733418]]
[[1.4849009701490368,0.039670741769813445,1.548430209551295],[-0.36303442281507486,-0.1140180683353417,-0.0008466772273554336],[-1.1218665473339617,0.07434732656552825,-1.5475835323239395]]
[[1.2601870657087904,0.34923503653101234,1.0999154551470776],[-0.3551613675331573,-0.1356397765404682,0.001151163955850517],[-0.9050256981756332,-0.21359525999054418,-1.1010666191029281]]
[[1.126354847926637,0.5254491622900433,0.8378295997773143],[-0.3462572679569972,-0.15590406023514508,0.0012119067494889453],[-0.7800975799696399,-0.36954510205489827,-0.8390415065268032]]
[[1.0527083556392416,0.6681174602536766,0.6616401691807424],[-0.3355480425571795,-0.17478490221973164,-0.0004956895107780471],[-0.717160313082062,-0.49333255803394493,-0.6611444796699644]]
[[1.0227063466720923,0.8208251394505506,0.523284811442673],[-0.32248321733179486,-0.19199203225272304,-0.0036074498850780365],[-0.7002231293402973,-0.6288331071978276,-0.5196773615575949]]
[[1.028865662305732,1.01822847363433,0.38961785118226666],[-0.3067305459582195,-0.20708885407470945,-0.007586538287296006],[-0.7221351163475124,-0.8111396195596204,-0.38203131289497066]]
[[1.0675986443276542,1.3095962437600346,0.21970827630185527],[-0.28822215628943965,-0.2196337452133948,-0.01172710031658912],[-0.7793764880382146,-1.0899624985466398,-0.20798117598526616]]
[[1.1269702848790533,1.7931580375840797,-0.07559930142512325],[-0.2672222977712294,-0.22938004498609088,-0.015165860345586884],[-0.8597479871078237,-1.5637779925979887,0.09076516177071013]]
[[1.113588694204584,2.6986872048102595,-0.7840029740459651],[-0.244441146161201,-0.23661053178670588,-0.016911920040513933],[-0.869147548043383,-2.4620766730235535,0.800914894086479]]
[[0.20985948768791227,4.390409301015934,-3.157619781742028],[-0.22141746786556812,-0.2428776202203159,-0.015971503722037306],[0.011557980177655858,-4.147531680795618,3.1735912854640653]]
[[-6.720960281896872,0.5641213613940316,-8.43582893585566],[-0.20229374498034608,-0.2527598494239655,-0.01267971919570936],[6.923254026877218,-0.311361511970066,8.44850865505137]]
[[-2.365399201670596,-6.054054712141911,1.8573508768120959],[-0.1900028300929249,-0.2634299752710013,-0.015357789406711033],[2.5554020317635207,6.317484687412912,-1.841993087405385]]
[[0.14121712118694765,-2.1048302270624895,1.801263821347128],[-0.17325127411025282,-0.2663739622157613,-0.018567395085907348],[0.03203415292330517,2.371204189278251,-1.7826964262612206]]
[[0.4137106572781542,-0.9605656841371328,1.253066788259701],[-0.1547459922175511,-0.2671883588906947,-0.019518087201322618],[-0.2589646650606031,1.2277540430278275,-1.2335487010583783]]
[[0.433777911543256,-0.5190649062431837,0.9454167314132693],[-0.13624016470060818,-0.26753145231614284,-0.01899165681419289],[-0.29753774684264783,0.7865963585593265,-0.9264250745990764]]
[[0.4152657712415672,-0.3042356065102616,0.7653986687473587],[-0.1182933347054202,-0.26777601848251464,-0.0176939136399198],[-0.296972436536147,0.5720116249927762,-0.747704755107439]]
[[0.3937211090444342,-0.1823643563146649,0.6524243326262427],[-0.10103808676093932,-0.2679688995293809,-0.0160591746972219],[-0.29268302228349485,0.4503332558440458,-0.6363651579290207]]
[[0.3763794977658019,-0.10502459974611096,0.578003865404159],[-0.08446303678265284,-0.26808120222727105,-0.014338428163636924],[-0.29191646098314905,0.37310580197338206,-0.5636654372405221]]
[[0.3646536742465741,-0.05120964751624292,0.527816677381033],[-0.06851193029984545,-0.26807688523226236,-0.012673091363639165],[-0.29614174394672865,0.31928653274850527,-0.5151435860173939]]
[[0.3587445092338297,-0.010454667316254787,0.49418159628130065],[-0.05311806925385287,-0.2679302155018822,-0.011140134866811445],[-0.30562643997997685,0.27838488281813695,-0.4830414614144892]]
[[0.35880290040659785,0.02315239180374494,0.47283045765183285],[-0.0382154920636476,-0.26762790698763084,-0.00977857463925906],[-0.32058740834295024,0.24447551518388588,-0.4630518830125738]]
[[0.3653082989644457,0.05346925950604811,0.4614415480276999],[-0.023741864380448216,-0.26716675267023254,-0.008605264107194043],[-0.3415664345839975,0.21369749316418446,-0.45283628392050584]]
[[0.3792982326905758,0.08354837361195076,0.45895811018480737],[-0.009638748925984646,-0.266550169645735,-0.007624711036143494],[-0.3696594837645911,0.18300179603378425,-0.4513333991486639]]
[[0.4026661273168215,0.11647307426806444,0.4653066246093516],[0.004148456648106213,-0.265784697280521,-0.006835629342128072],[-0.4068145839649277,0.14931162301245657,-0.45847099526722357]]
[[0.43869530980417304,0.15623515611379296,0.48136777928565877],[0.017669807097588686,-0.2648766559975737,-0.006235832233548375],[-0.4563651169017617,0.10864149988378077,-0.4751319470521104]]
[[0.49311779889483265,0.20915742205139967,0.5091634352364791],[0.03096843892918943,-0.2638288065682055,-0.005826497289404849],[-0.5240862378240221,0.05467138451680585,-0.5033369379470742]]
[[0.5763733191313757,0.2869300375584353,0.5522624765593313],[0.044075227543019804,-0.26263649908751246,-0.005616522623462534],[-0.6204485466743954,-0.024293538470922832,-0.5466459539358688]]
[[0.7088771627738348,0.41438050989210123,0.6162292268768436],[0.05699778474941999,-0.2612820149174023,-0.005627379576598653],[-0.7658749475232548,-0.15309849497469888,-0.6106018473002449]]
[[0.9347244679928216,0.6531969790397714,0.7072302052163508],[0.06969752428051607,-0.25972335836035787,-0.0058978462165853104],[-1.0044219922733377,-0.3934736206794136,-0.7013323589997655]]
[[1.3613586157831292,1.1925954062619792,0.8119313466223234],[0.0820386524577878,-0.2578647464555343,-0.006483032352949286],[-1.443397268240917,-0.9347306598064449,-0.805448314269374]]
[[2.251586990540726,2.8165250966033546,0.6631968024335378],[0.09366486194186624,-0.2554557114453965,-0.007413688184084553],[-2.3452518524825923,-2.5610693851579582,-0.6557831142494532]]
[[1.9816434413401258,8.774343631584447,-3.9992704132236923],[0.10373708290454862,-0.25163863675042636,-0.008376587652575677],[-2.0853805242446746,-8.52270499483402,4.0076470008762675]]
[[-5.141958837937337,-2.7731985952461646,-3.819368682230928],[0.11313997109019597,-0.24367534899953472,-0.0070057998593717336],[5.028818866847141,3.0168739442456993,3.8263744820903]]
[[-1.5357455929305395,-1.5847311158446276,-0.4798724473075012],[0.12578099454412134,-0.2344058036284546,-0.005946252679666241],[1.4099645983864182,1.8191369194730822,0.4858186999871675]]
[[-0.7507236404994594,-0.8821723168469883,-0.06648605675332425],[0.13863679748685803,-0.22400941422861959,-0.0058161030661995836],[0.6120868430126013,1.106181731075608,0.07230215981952383]]
[[-0.4782932255910306,-0.5631723729320324,0.027773935929257785],[0.15049401828106398,-0.2122927639170534,-0.006251449251713571],[0.3277992073099666,0.7754651368490857,-0.021522486677544216]]
[[-0.3543874640293234,-0.39497806484731607,0.055721876661453326],[0.16071064907745036,-0.19941900901449908,-0.006952205870425736],[0.19367681495187306,0.5943970738618152,-0.04876967079102759]]
[[-0.28779595904083605,-0.29697447580639247,0.06452747740968318],[0.16894715540216632,-0.18575219774401885,-0.007693594529279197],[0.11884880363866973,0.4827266735504113,-0.05683388288040398]]
[[-0.24726231067406276,-0.23617351513424145,0.06671398195157754],[0.17509327968529595,-0.17173897366894159,-0.008314551918792462],[0.07216903098876681,0.40791248880318304,-0.05839943003278508]]
[[-0.21982233702329476,-0.1968739751330925,0.06634977260275017],[0.17921998931913916,-0.15782272662408176,-0.0087093460280159],[0.040602347704155606,0.35469670175717427,-0.05764042657473427]]
[[-0.19942185053272837,-0.170710408955734,0.06493311041920835],[0.18152921285549736,-0.14438651884002052,-0.008819022841875135],[0.01789263767723101,0.31509692779575454,-0.056114087577333216]]
[[-0.18302454016958866,-0.1528506033669243,0.0630657022875347],[0.18230271698333506,-0.1317228010743843,-0.008621619340685255],[0.0007218231862536062,0.2845734044413086,-0.05444408294684946]]
[[-0.1690469506579058,-0.14034473946449827,0.061007753383249624],[0.1818564880490391,-0.12002528081088756,-0.008121901555657793],[-0.012809537391133288,0.2603700202753858,-0.052885851827591826]]
[[-0.15664869532760625,-0.13132728123626455,0.058881486025183824],[0.1805052750172203,-0.10939622636536954,-0.0073418146799772935],[-0.023856579689614042,0.24072350760163408,-0.05153967134520653]]
[[-0.145381463232599,-0.12459388141397876,0.0567505485118575],[0.1785388005623495,-0.09986231419462434,-0.006312527583468341],[-0.03315733732975051,0.22445619560860308,-0.05043802092838916]]
[[-0.13500537180074307,-0.11935921481649202,0.054652108878891686],[0.17620862049685987,-0.09139341451998981,-0.005068445491494192],[-0.04120324869611681,0.2107526293364818,-0.049583663387397496]]
[[-0.1253899257852314,-0.1151098630784752,0.05261009382167858],[0.1737232785220237,-0.08392057540088724,-0.0036431376601918607],[-0.04833335273679233,0.19903043847936244,-0.04896695616148672]]
[[-0.11646017087673705,-0.11151108586821534,0.05064078464953617],[0.171249097862752,-0.07735121466730216,-0.002066875478937783],[-0.05478892698601496,0.1888623005355175,-0.04857390917059839]]
[[-0.10816775266676208,-0.10834611888513171,0.04875533008435824],[0.16891426976746843,-0.0715808292293565,-0.0003653855152827741],[-0.06074651710070636,0.17992694811448823,-0.04838994456907547]]
[[-0.10047584763132454,-0.10547603947695905,0.046961038360904137],[0.16681447129274427,-0.06650133121199522,0.0014405630607389874],[-0.06633862366141972,0.17197737068895425,-0.048401601421643126]]
[[-0.09335176976114457,-0.10281304420382531,0.045262191753639255],[0.16501883075707086,-0.06200651502330642,0.0033350504108321764],[-0.0716670609959263,0.1648195592271317,-0.04859724216447143]]
[[-0.08676372770033614,-0.1003026315783977,0.04366066407266217],[0.163575542687448,-0.05799528362142638,0.005306610171164301],[-0.07681181498711187,0.15829791519982406,-0.04896727424382647]]
[[-0.08067973217311211,-0.09791175082545871,0.042156437055260586],[0.16251678303549633,-0.054373234335578086,0.007347704490379895],[-0.08183705086238423,0.15228498516103678,-0.04950414154564048]]
[[-0.0750675366139938,-0.09562095938335134,0.04074804350490238],[0.1618628018357253,-0.051053108290145255,0.009454169547270064],[-0.08679526522173149,0.1466740676734966,-0.05020221305217245]]
[[-0.06989500537556775,-0.09341927165486177,0.039432943863817724],[0.1616252024119062,-0.04795449323868365,0.01162468816889908],[-0.09173019703633846,0.14137376489354542,-0.05105763203271681]]
[[-0.06513059680618635,-0.09130080850095543,0.038207838990855086],[0.16180948288224833,-0.0450030633749986,0.0138603170564905],[-0.096678886076062,0.13630387187595402,-0.05206815604734558]]
[[-0.06074381271924166,-0.08926264550814095,0.037068923149829125],[0.1624169410200452,-0.04212955192555193,0.016164077552402175],[-0.10167312830080352,0.13139219743369288,-0.0532330007022313]]
[[-0.056705554850072046,-0.08730345401768479,0.036012083089372135],[0.16344604480032168,-0.03926858500533516,0.01854060768353647],[-0.10674048995024962,0.12657203902301994,-0.05455269077290861]]
[[-0.05298837477889331,-0.08542266206591477,0.03503305025915522],[0.16489335963261478,-0.03635745632173147,0.02099586682318931],[-0.11190498485372147,0.12178011838764624,-0.05602891708234453]]
[[-0.04956662544375951,-0.08361995270589068,0.03412751350256927],[0.16675410632393106,-0.03333488845500867,0.023536880814307368],[-0.11718748088017156,0.11695484116089935,-0.05766439431687664]]
[[-0.04641653087281395,-0.08189497825174168,0.03329119920885602],[0.1690224051532679,-0.030139804217373885,0.026171513451499435],[-0.12260587428045396,0.11203478246911557,-0.059462712660355466]]
[[-0.043516192506494675,-0.08024721012158126,0.03251992516680524],[0.17169124303325595,-0.026710118135357213,0.028908248919072774],[-0.12817505052676129,0.10695732825693846,-0.061428174085878015]]
[[-0.0408455490313446,-0.07867587154126886,0.03180963345365706],[0.17475218338322288,-0.022981551289900207,0.03175596852477996],[-0.13390663435187827,0.10165742283116908,-0.06356560197843703]]
[[-0.03838630394130377,-0.07717991878250934,0.03115640676217693],[0.17819482220645427,-0.018886471199354885,0.034723703454902055],[-0.1398085182651505,0.09606638998186422,-0.06588011021707899]]
[[-0.036121832072521384,-0.07575804882938852,0.030556471701830887],[0.18200597883744002,-0.014352761429546716,0.03782034304152973],[-0.14588414676491865,0.09011081025893523,-0.06837681474336062]]
[[-0.03403707358986801,-0.07440871942769745,0.030006191850503575],[0.18616859574848363,-0.009302733049581728,0.04105427500849297],[-0.15213152215861564,0.08371145247727918,-0.07106046685899654]]
[[-0.03211842151872687,-0.07313017274848839,0.029502052699187403],[0.19066030867511047,-0.0036521023534181914,0.04443293026361469],[-0.1585418871563836,0.07678227510190658,-0.0739349829628021]]
[[-0.030353606949467284,-0.07192045732366406,0.029040640127436436],[0.19545163646414,0.002690922631277192,0.04796220004955132],[-0.1650980295146727,0.06922953469238688,-0.07700284017698775]]
[[-0.028731584461108257,-0.07077744511823471,0.028618613670355224],[0.20050373034140398,0.0098263790313328,0.05164568782574448],[-0.17177214588029574,0.060951066086901914,-0.0802643014960997]]
[[-0.027242419056219686,-0.06969884201975939,0.028232675586475298],[0.2057656164380159,0.01786300733786598,0.05548375255140275],[-0.17852319738179623,0.051835834681893414,-0.08371642813787805]]
[[-0.025877174909337258,-0.0686821909439331,0.027879536611218107],[0.21117086630061904,0.02691828365499752,0.059472294893794055],[-0.1852936913912818,0.04176390728893559,-0.08735183150501216]]
[[-0.02462780545360368,-0.06772486738095064,0.027555879288912847],[0.2166336423037256,0.03711782071682965,0.06360123473276354],[-0.1920058368501219,0.030607046664120993,-0.09115711402167638]]
[[-0.023487043728704922,-0.06682406768740762,0.027258319929204262],[0.22204409515379053,0.04859386062767228,0.06785262951586961],[-0.1985570514250856,0.01823020705973535,-0.09511094944507387]]
[[-0.022448291472137862,-0.06597679087383594,0.026983370547278552],[0.22726314853336527,0.06148249773569466,0.07219839215492634],[-0.2048148570612274,0.0044942931381412796,-0.09918176270220488]]
[[-0.021505505165373806,-0.06517981513577711,0.026727402639033518],[0.23211680389927944,0.07591917771810405,0.07659758951380301],[-0.21061129873390563,-0.010739362582326932,-0.10332499215283653]]
[[-0.020653077185981968,-0.06442967099657582,0.026486615324335536],[0.23639025163146987,0.0920319307192675,0.08099334531646733],[-0.2157371744454879,-0.027602259722691688,-0.10747996064080287]]
[[-0.019885710438517196,-0.0637226137250141,0.02625701125989418],[0.23982229893724297,0.10993173503808566,0.08530944352850349],[-0.21993658849872577,-0.04620912131307157,-0.11156645478839766]]
[[-0.01919828544641056,-0.06305459868672869,0.026034384740967826],[0.2421009321156005,0.12969941188353507,0.08944683984065142],[-0.22290264666918994,-0.06664481319680636,-0.11548122458161925]]
[[-0.01858572001589865,-0.06242126446835588,0.025814327484224953],[0.24286122040347866,0.15136857952551136,0.09328044807597702],[-0.22427550038757998,-0.0889473150571555,-0.11909477556020198]]
[[-0.018042823368351522,-0.06181792989177613,0.025592258533116936],[0.24168721330535023,0.1749045259711178,0.0966567767658747],[-0.22364438993699873,-0.11308659607934168,-0.12224903529899163]]
[[-0.01756414917927212,-0.061239612224885616,0.025363485258799414],[0.23811990907135017,0.2001794852389721,0.09939323545524259],[-0.22055575989207807,-0.1389398730140865,-0.12475672071404201]]
[[-0.017143855251974198,-0.06068107467337027,0.02512330212288262],[0.2316736363580723,0.2269458041606623,0.10128017079743443],[-0.21452978110609813,-0.16626472948729204,-0.12640347292031706]]
[[-0.016775581372512526,-0.060136911136169875,0.02486713219707647],[0.22186306968182762,0.25480988487917183,0.10208685117916551],[-0.20508748830931509,-0.19467297374300196,-0.12695398337624197]]
[[-0.016452360695596746,-0.05960167464292182,0.024590712858825716],[0.20824230098605626,0.28321146693778904,0.10157257365230131],[-0.19178994029045948,-0.2236097922948672,-0.12616328651112702]]
[[-0.01616658284526727,-0.059070052282946615,0.024290321233534744],[0.19045562878094555,0.311414431234443,0.0995036658727463],[-0.17428904593567826,-0.2523443789514964,-0.12379398710628103]]
[[-0.01591002744132952,-0.05853708342457663,0.0239630269229715],[0.16829687425960194,0.33851624497882793,0.09567626217385082],[-0.15238684681827241,-0.2799791615542513,-0.11963928909682232]]
[[-0.015673983494566723,-0.05799840979455971,0.02360695021817386],[0.14177033872713235,0.36348257888082225,0.08994331427612436],[-0.12609635523256563,-0.3054841690862625,-0.11355026449429821]]
[[-0.015449461918081327,-0.057450536585799315,0.023221495212048332],[0.11114280641120529,0.3852107094041896,0.08224253555274175],[-0.09569334449312396,-0.3277601728183903,-0.10546403076479008]]
[[-0.015227495224106482,-0.056891075234552946,0.022807521744476866],[0.07697369313884932,0.4026197802260641,0.07262034448518327],[-0.06174619791474283,-0.34572870499151115,-0.09542786622966015]]
[[-0.014999502012905057,-0.05631893362969949,0.022367420892497665],[0.040111193884570656,0.4147586049042777,0.061246074390185715],[-0.0251116918716656,-0.3584396712745782,-0.08361349528268337]]
[[-0.014757677741597426,-0.055734420973456975,0.021905067767406024],[0.0016471779623080502,0.42091450990390405,0.048411443828851826],[0.013110499779289377,-0.36518008893044707,-0.07031651159625785]]
[[-0.01449536230897237,-0.055139243705478444,0.02142564245893222],[-0.03716777236008235,0.4207026332248454,0.034512812265412814],[0.051663134669054714,-0.36556338951936695,-0.05593845472434504]]
[[-0.014207333545129661,-0.054536384888565284,0.0209353318952376],[-0.0750376800306545,0.4141165687592964,0.02001760650059099],[0.08924501357578415,-0.3595801838707311,-0.040952938395828586]]
[[-0.013889985602654729,-0.053929878725896774,0.020440946628689945],[-0.1107433516442935,0.40152881677017394,0.005420286079874969],[0.12463333724694822,-0.34759893804427716,-0.025861232708564913]]
[[-0.013541370635385167,-0.05332450936133707,0.01994950111763923],[-0.1432512441406277,0.38364105159278744,-0.008804146316841916],[0.15679261477601286,-0.33031654223145035,-0.011145354800797314]]
[[-0.013161105829520084,-0.05272547407316722,0.019467809914323564],[-0.17179064139191316,0.3613957316402959,-0.02224078663124742],[0.18495174722143326,-0.30867025756712874,0.0027729767169238587]]
[[-0.012750169318696684,-0.05213805288337098,0.019002144836178847],[-0.195889451186979,0.3358680675654025,-0.03456337345954827],[0.2086396205056757,-0.2837300146820315,0.015561228623369418]]
[[-0.012310622528287752,-0.051567319982235266,0.01855798279046109],[-0.21536910074127397,0.3081587830881306,-0.045547950381095804],[0.22767972326956173,-0.2565914631058953,0.02698996759063472]]
[[-0.011845300841350376,-0.05101792019394992,0.01813985550795104],[-0.23030718396744213,0.2793040340976972,-0.055072403309545444],[0.24215248480879248,-0.2282861139037473,0.0369325478015944]]
[[-0.01135751018388405,-0.05049391994226167,0.017751295921962618],[-0.24098068654511154,0.250211752078883,-0.06310516371281871],[0.2523381967289956,-0.19971783213662136,0.045353867790856095]]
[[-0.010850757328781557,-0.04999873021593012,0.017394864457448173],[-0.24780269078909842,0.22162639341167334,-0.06968745000186173],[0.25865344811787994,-0.1716276631957432,0.052292585544413565]]
[[-0.010328530066518687,-0.04953509082710711,0.01707223299737524],[-0.2512627098458075,0.19411861963996555,-0.0749132148604285],[0.2615912399123262,-0.14458352881285844,0.05784098186305327]]
[[-0.009794132791936975,-0.0491051012024141,0.016784303933588252],[-0.2518769063118521,0.16809354550076952,-0.0789099777120356],[0.2616710391037891,-0.11898844429835542,0.062125673778447355]]
[[-0.009250575128475715,-0.048710282356754404,0.016531344769970403],[-0.25015077498135146,0.14381058398243282,-0.08182248202727072],[0.2594013501098272,-0.09510030162567842,0.06529113725730032]]
[[-0.008700506366825244,-0.048351656405084445,0.01631312343025763],[-0.2465541474903243,0.12140880558942477,-0.08380000566723407],[0.25525465385714957,-0.07305714918434032,0.06748688223697644]]
[[-0.00814618634667041,-0.04802983280789329,0.016129034333342857],[-0.24150677650053612,0.10093329215471065,-0.08498734843789921],[0.24965296284720653,-0.052903459346817366,0.06885831410455635]]
[[-0.007589483213805449,-0.04774509363519046,0.015978209585357974],[-0.23537210155769683,0.08235959885063565,-0.08551904805550976],[0.2429615847715023,-0.03461450521544518,0.0695408384701518]]
[[-0.007031889466452924,-0.047497472925450195,0.015859612933548334],[-0.22845678249699647,0.06561480735127581,-0.08551617184102808],[0.23548867196344941,-0.018117334425825624,0.06965655890747975]]
[[-0.006474549234482989,-0.047286827456918645,0.015772116396893722],[-0.22101391723766325,0.05059464200559152,-0.08508500802894066],[0.22748846647214624,-0.003307814548672877,0.06931289163204694]]
[[-0.00591829138148108,-0.04711289788714254,0.015714560876962602],[-0.21324832237190056,0.0371767457700947,-0.08431705696627734],[0.21916661375338162,0.00993615211704784,0.06860249608931474]]
[[-0.005363664531001082,-0.04697536031395057,0.01568580276992654],[-0.2053227144160072,0.02523054945678154,-0.08328983977044155],[0.21068637894700828,0.021744810857169027,0.06760403700051501]]
[[-0.004810971378910001,-0.04687386897630271,0.015684748854878614],[-0.1973640214544424,0.014624304704759367,-0.08206816379981813],[0.20217499283335238,0.032249564271543345,0.06638341494493952]]
[[-0.004260300634856725,-0.04680809116205112,0.01571038169769721],[-0.18946935794740605,0.005229864507821962,-0.08070559183326666],[0.1937296585822628,0.04157822665422916,0.06499521013556946]]
[[-0.0037115556574454614,-0.04677773552338087,0.01576177761289426],[-0.18171141301896568,-0.003074257910116878,-0.07924594811818854],[0.18542296867641112,0.04985199343349775,0.06348417050529429]]
[[-0.0031644793511456555,-0.04678257499965434,0.01583811895669035],[-0.17414314878027357,-0.010401102669053235,-0.0777247590738378],[0.17730762813141923,0.05718367766870758,0.06188664011714745]]
[[-0.002618675225075686,-0.046822465470035504,0.015938702238863588],[-0.16680179708557658,-0.0168543874166165,-0.07617057224526635],[0.16942047231065224,0.06367685288665201,0.06023187000640277]]
[[-0.0020736247179328118,-0.04689736114462889,0.016062943270877674],[-0.1597121961281083,-0.02252826129112757,-0.07460612796288979],[0.16178582084604112,0.06942562243575646,0.058543184692012126]]
[[-0.0015287010058253484,-0.04700732757870123,0.01621038032953185],[-0.15288953508707004,-0.027507477176219382,-0.07304937786827229],[0.15441823609289537,0.0745148047549206,0.056838997538740436]]
[[-0.0009831795590359805,-0.04715255307538735,0.016380676114931245],[-0.14634158510681433,-0.03186782710589496,-0.07151435624872704],[0.14732476466585032,0.0790203801812823,0.055133680133795784]]
[[-0.00043624572098704007,-0.04733335913668536,0.01657361911912858],[-0.14007049492731385,-0.03567672979010501,-0.07001191651376101],[0.1405067406483009,0.08301008892679038,0.05343829739463243]]
[[0.00011300043700176576,-0.04755021053464932,0.016789124894475656],[-0.13407422400927171,-0.03899389278581052,-0.06855034802092218],[0.13396122357226994,0.08654410332045985,0.051761223126446515]]
[[0.000665541767847274,-0.04780372550595366,0.017027237614415845],[-0.12834767791699553,-0.041871996766865566,-0.06713588914772144],[0.12768213614914825,0.08967572227281922,0.05010865153330559]]
[[0.0012224440365680728,-0.04809468652347443,0.017288132249802527],[-0.12288360181944645,-0.04435736748371963,-0.06577315191962738],[0.12166115778287838,0.09245205400719406,0.04848501966982485]]
[[0.001784858124707341,-0.04842405206762979,0.017572117636866464],[-0.11767327926943069,-0.04649061394185432,-0.06446547224230803],[0.11588842114472335,0.09491466600948412,0.04689335460544156]]
[[0.0023540243878445557,-0.048792969807283065,0.017879640685351077],[-0.112707075458235,-0.048307220369537274,-0.06321519823171157],[0.11035305107039044,0.09710019017682034,0.0453355575463605]]
[[0.0029312791614450407,-0.049202791604634505,0.018211291964543564],[-0.10797485715013838,-0.049838085719172365,-0.062023927521311584],[0.10504357798869333,0.09904087732380687,0.043812635556768016]]
[[0.0035180634723777325,-0.04965509078079405,0.018567812909213957],[-0.10346631553108124,-0.05111000854135013,-0.06089270288584986],[0.0999482520587035,0.10076509932214418,0.042324889976635895]]
[[0.0041159340800665314,-0.0501516821193883,0.01895010490591375],[-0.0991712132126644,-0.05214611767935805,-0.05982217412536314],[0.09505527913259787,0.10229779979874634,0.04087206921944939]]
[[0.004726577044353185,-0.05069464514618895,0.019359240552579128],[-0.0950795725226756,-0.052966250791641106,-0.05881273293276344],[0.09035299547832241,0.10366089593783005,0.039453492380184314]]
[[0.0053518240994009595,-0.05128635130594254,0.019796477431676292],[-0.09118181887478877,-0.05358728353784131,-0.05786462642995069],[0.0858299947753878,0.10487363484378384,0.0380681489982744]]
[[0.005993672207835369,-0.051929495767155,0.02026327480087989],[-0.0874688903308346,-0.05402341258703658,-0.05697805419580209],[0.08147521812299924,0.10595290835419158,0.036714779394922195]]
[[0.006654306781280909,-0.052627134726909344,0.02076131368819637],[-0.08393232234593316,-0.054286395583015436,-0.05615325291288474],[0.07727801556465225,0.10691353030992479,0.03539193922468836]]
[[0.007336129188276292,-0.05338272926820885,0.021292520984486682],[-0.08056431503004975,-0.05438575093852516,-0.055390572215237605],[0.07322818584177346,0.107768480206734,0.03409805123075092]]
[[0.008041789335706866,-0.054200197051742914,0.021859098261019408],[-0.07735778899448524,-0.05432891989822468,-0.05469054491505649],[0.06931599965877838,0.10852911694996759,0.03283144665403708]]
[[0.008774224315160152,-0.05508397341565006,0.022463556210512416],[-0.07430643491905153,-0.05412139274964887,-0.05405395451248446],[0.06553221060389139,0.10920536616529893,0.03159039830197204]]
[[0.009536704363909373,-0.056039083828618594,0.023108755827258156],[-0.07140476133079514,-0.05376680039144342,-0.053481902745089974],[0.06186805696688577,0.10980588422006202,0.030373146917831818]]
[[0.010332887718818849,-0.057071230117479985,0.02379795771908364],[-0.06864814469838545,-0.05326697168827332,-0.05297587991251906],[0.05831525697956661,0.1103382018057533,0.029177922193435415]]
[[0.011166886363619007,-0.05818689350270044,0.02453488129961973],[-0.06603288580274606,-0.05262195613474813,-0.052537840824445264],[0.05486599943912705,0.11080884963744857,0.02800295952482553]]
[[0.012043345217422946,-0.05939345826793037,0.025323776068869562],[-0.06355627644501828,-0.05183001028136227,-0.05217028948195204],[0.05151293122759533,0.11122346854929263,0.026846513413082484]]
[[0.012967538028671125,-0.06069936092343891,0.026169507787914794],[-0.06121668091627476,-0.05088754508832769,-0.051876376040396965],[0.04824914288760364,0.1115869060117666,0.02570686825248217]]
[[0.01394548418450913,-0.062114271081378625,0.027077663137465825],[-0.059013637320218505,-0.0497890297870107,-0.05166001025669252],[0.045068153135709374,0.11190330086838932,0.024582347119226695]]
[[0.014984091906039509,-0.063649312059983,0.02805467748627828],[-0.05694798487950306,-0.04852684582744866,-0.051525996556806966],[0.04196389297346355,0.11217615788743165,0.023471319070528684]]
[[0.016091334995755577,-0.0653173316383698,0.02910799177767945],[-0.05502202487624093,-0.04709108190931513,-0.051480197159217034],[0.038930689880485356,0.11240841354768492,0.022372205381537585]]
[[0.017276472608217172,-0.06713323662786513,0.0302462464034679],[-0.05323972504077597,-0.045469257697498426,-0.0515297314864368],[0.03596325243255879,0.11260249432536357,0.021283485082968904]]
[[0.018550324680731423,-0.06911440934743175,0.031479522465398035],[-0.05160698025346908,-0.043645959273272736,-0.051683222578025476],[0.03305665557273766,0.11276036862070449,0.020203700112627437]]
[[0.019925620058488806,-0.07128123018293006,0.03281964430362609],[-0.05013194672609439,-0.04160236317376994,-0.05195110466092215],[0.030206326667605584,0.1128835933567,0.019131460357296053]]
[[0.02141744053199815,-0.07365773890197341,0.034280562009402125],[-0.048825472930207274,-0.03931561729593883,-0.05234601084573942],[0.027408032398209124,0.11297335619791225,0.0180654488363373]]
[[0.023043792812385996,-0.07627247938267198,0.035878839450166775],[-0.04770165927287828,-0.03675803489155527,-0.052883266714304045],[0.02465786646049229,0.11303051427422725,0.017004427264137267]]
[[0.024826353192605764,-0.0791595895637886,0.03763428305207978],[-0.04677859117097833,-0.033896040689439716,-0.053581525277309666],[0.021952237978372566,0.11305563025322832,0.015947242225229884]]
[[0.02679144829977766,-0.0823602233207295,0.0395707606486093],[-0.04607930875873703,-0.030688783266456278,-0.05446359285306719],[0.019287860458959374,0.11304900658718578,0.01489283220445789]]
[[0.028971363156831385,-0.08592442769484808,0.04171728037869324],[-0.04563310419525444,-0.027086291074766213,-0.05555751611553084],[0.016661741038423054,0.1130107187696143,0.013840235736837608]]
[[0.03140610998149849,-0.08991365401497745,0.04410943053285703],[-0.04547727965376523,-0.023026994462369804,-0.056898031514278496],[0.014071169672266742,0.11294064847734725,0.012788600981421469]]
[[0.03414585647548492,-0.09440416573672351,0.04679132833876015],[-0.0456595642825217,-0.01843435181924437,-0.0585285254249232],[0.011513707807036784,0.11283851755596788,0.011737197086163042]]
[[0.03725431565197619,-0.09949173743827115,0.04981829889300191],[-0.04624149157265503,-0.013212186505120974,-0.06050372669878041],[0.008987175920678839,0.11270392394339213,0.010685427805778497]]
[[0.04081356651204183,-0.10529824969381596,0.053260621863177135],[-0.04730320563190029,-0.007238131147262614,-0.06289346983964157],[0.00648963911985846,0.11253638084107859,0.009632847976464434]]
[[0.04493105296212832,-0.11198112918456786,0.05720887337193],[-0.04895044267301385,-0.0003542315867661322,-0.06578805703538788],[0.004019389710885534,0.11233536077133399,0.008579183663457886]]
[[0.04974998452016097,-0.11974716453886064,0.06178170860930727],[-0.05132490980001578,0.007646817876334297,-0.06930606572720166],[0.001574925279854813,0.11210034666252634,0.007524357117894389]]
[[0.055465205172195844,-0.12887324013553195,0.06713748093983038],[-0.05462012544127601,0.01704234725294937,-0.07360599911153277],[-0.0008450797309198345,0.11183089288258258,0.006468518171702389]]
[[0.06234814576258465,-0.13973835652576663,0.07349207918167687],[-0.05910633398789698,0.028211656156492168,-0.07890416365380871],[-0.003241811774687668,0.11152670036927446,0.005412084472131852]]
[[0.07078744758690383,-0.15287474269424428,0.08114720422477649],[-0.06517107824505707,0.041687030699033,-0.0855029984284037],[-0.005616369341846759,0.11118771199521127,0.004355794203627198]]
[[0.08135783960888199,-0.16905264865988984,0.09053690210305772],[-0.07338800610667183,0.05823841102348715,-0.09383767912203823],[-0.007969833502210158,0.1108142376364027,0.0033007770189805285]]
[[0.09494266973419076,-0.18942756745130138,0.10230759367167289],[-0.08463930268572158,0.07902044323343588,-0.10455624615974574],[-0.010303367048469176,0.1104071242178655,0.0022486524880728468]]
[[0.11296487117565478,-0.21581022965960153,0.1174631853388525],[-0.10034651428250947,0.10584223303516155,-0.1186648572014787],[-0.012618356893145312,0.10996799662444,0.0012016718626261945]]
[[0.13785441368024737,-0.2511961108135313,0.13764574324438641],[-0.1229377895009228,0.14169649486594302,-0.1378086746135507],[-0.014916624179324569,0.10949961594758828,0.00016293136916428752]]
[[0.17408318805711284,-0.30089527593706356,0.16572409877744632],[-0.15688244273105895,0.19188883148116748,-0.16486080944807047],[-0.017200745326053903,0.10900644445589608,-0.0008632893293758302]]
[[0.23074100208952433,-0.3752225044305528,0.20716411010291103],[-0.2112664361888263,0.2667268996126523,-0.205293157055183],[-0.01947456590069804,0.10849560481790049,-0.0018709530477280297]]
[[0.3290650527482062,-0.49693252975880464,0.2737004661419733],[-0.30732097606809694,0.38895385520160053,-0.2708492634908423],[-0.021744076680109206,0.10797867455720414,-0.0028512026511309735]]
[[0.5303298278631526,-0.7267536107894916,0.39536782382996877],[-0.5063107844709654,0.6192780793653203,-0.3915776828582445],[-0.024019043392187182,0.10747553142417132,-0.003790140971724236]]
[[1.0893758659200328,-1.2882912913992517,0.6744549185114151],[-1.0630594398041353,1.1812667789515028,-0.6697916721397995],[-0.02631642611589763,0.10702451244774885,-0.004663246371615739]]
[[4.498080890537044,-3.8226969428265587,1.683154810718684],[-4.469412422821476,3.7159753570898877,-1.6777389358246297],[-0.028668467715567768,0.10672158573667101,-0.005415874894054255]]
[[-4.002222869712079,14.487834907857176,-10.277096279095451],[4.033316924117795,-14.594945058008983,10.282913342952039],[-0.031094054405716044,0.10711015015180797,-0.005817063856587789]]
[[-16.983782242315918,-0.22405937474089554,5.052517094396141],[17.017079756507062,0.11650954259626928,-5.046208385031763],[-0.0332975141911456,0.10754983214462628,-0.006308709364377433]]
[[6.026277213625554,-3.4019971735510333,0.9100533904998294],[-5.990711596613944,3.293512201829044,-0.9033612771722088],[-0.0355656170116099,0.10848497172198932,-0.006692113327620602]]
[[2.161892241313455,-0.7963921946580812,-0.023299296777348356],[-2.124346724832818,0.6870949542650177,0.030506027072704257],[-0.037545516480636955,0.10929724039306361,-0.007206730295355899]]
[[1.3131901911073869,-0.3906367747293495,-0.09665403128053617],[-1.2735916338262907,0.28060657364179287,0.10442766563565864],[-0.03959855728109626,0.11003020108755662,-0.007773634355122476]]
[[0.973694452368238,-0.24839647017450345,-0.10995229795167888],[-0.9319029759495744,0.13765986013914816,0.11832374166834797],[-0.041791476418663626,0.11073661003535526,-0.008371443716669088]]
[[0.8033007391429211,-0.17971022011270085,-0.11440523541684691],[-0.7591432161049075,0.06827041106418864,0.12339543547652612],[-0.04415752303801356,0.11143980904851221,-0.008990200059679212]]
[[0.7101640570837422,-0.13996189357712518,-0.11858125582901222],[-0.6634428323265361,0.02781290967418336,0.12820452727116002],[-0.04672122475720615,0.11214898390294184,-0.009623271442147798]]
[[0.6607905423289296,-0.11381822159482383,-0.12488303347373217],[-0.6112862645762187,0.0009529752824324889,0.1351480405173095],[-0.04950427775271102,0.11286524631239134,-0.010265007043577318]]
[[0.6414578801843049,-0.09456859289613567,-0.13466374967568032],[-0.5889303380603976,-0.019015897766885684,0.1455735257671431],[-0.05252754212390725,0.11358449066302137,-0.010909776091462788]]
[[0.647429395509566,-0.07853765020857123,-0.1495200005948785],[-0.5916175776666766,-0.03576144340231672,0.16107149876260798],[-0.05581181784288943,0.11429909361088796,-0.011551498167729508]]
[[0.6799724267855818,-0.0629789269600165,-0.17211742921055703],[-0.6205943114239182,-0.05202041736185793,0.18430087649406185],[-0.059378115361663576,0.11499934432187445,-0.012183447283504826]]
[[0.7471648974126447,-0.04470185176795519,-0.2075766178649098],[-0.6839172584222176,-0.07097336869308186,0.2203749628096275],[-0.06324763899042704,0.11567522046103706,-0.012798344944717717]]
[[0.8695533203754788,-0.01792721978784696,-0.26699534788508333],[-0.8021118413363608,-0.09839205373534944,0.2803843072918789],[-0.06744147903911797,0.1163192735231964,-0.013388959406795622]]
[[1.0994985990087924,0.032198720811731744,-0.37881366763868357],[-1.0275189335079853,-0.14913077044442358,0.3927635088384915],[-0.07197966550080705,0.11693204963269183,-0.01394984119980788]]
[[1.600597640588606,0.160017511876557,-0.6387842275248539],[-1.5237197185019336,-0.2775509432847242,0.6532663309089158],[-0.07687792208667243,0.11753343140816716,-0.014482103384061949]]
[[3.1775459613025023,0.7270323985100228,-1.5995657844887976],[-3.0954130686343655,-0.84522207275439,1.6145744573416494],[-0.08213289266813703,0.11818967424436716,-0.01500867285285187]]
[[16.39268223184157,21.331299624588972,-23.408977145842858],[-16.305075740475974,-21.45038202857741,23.424625255942278],[-0.0876064913655952,0.11908240398843548,-0.01564811009941988]]
[[-0.19305885663242478,-0.23380599941427488,0.23756995468047584],[0.2821336800041103,0.12115538488338934,-0.22302122118809278],[-0.08907482337168555,0.11265061453088554,-0.01454873349238307]]
[[-0.03440734431225153,-0.08789317498183896,0.06974263582051075],[0.11753783743045654,-0.00482488888161952,-0.06030776761924681],[-0.08313049311820501,0.09271806386345849,-0.009434868201263947]]
[[-0.014597225655276023,-0.05557042415111495,0.041091121150383],[0.08649586556981263,-0.012825329599401376,-0.03747807844055827],[-0.07189863991453661,0.06839575375051632,-0.0036130427098247306]]
[[-0.010238932501760388,-0.039382980500479906,0.029655205010086474],[0.0689261339634325,-0.007613115475095945,-0.0302264010162401],[-0.05868720146167211,0.04699609597557586,0.0005711960061536257]]
[[-0.008714551327774914,-0.02909349367601563,0.022912996806222344],[0.05497549705338109,-0.0020117044749345175,-0.025705707166156184],[-0.04626094572560617,0.03110519815095015,0.00279271035993384]]
[[-0.007758424341709911,-0.02206299803696185,0.01824821483826173],[0.04368367702764743,0.0017812028545805777,-0.021895392269641663],[-0.03592525268593751,0.02028179518238127,0.0036471774313799315]]
[[-0.006936877806184938,-0.017104151315853154,0.01481272357052249],[0.034799996699066575,0.003919514840254257,-0.018571398771809126],[-0.027863118892881636,0.013184636475598898,0.003758675201286638]]
[[-0.006185723102597889,-0.013526276332582072,0.01220726003246459],[0.027941418421506173,0.004945035267593158,-0.015738716161367117],[-0.021755695318908284,0.008581241064988913,0.003531456128902528]]
[[-0.005505767757203411,-0.010891599888997742,0.010193897176920513],[0.022676931563295644,0.005305853677805114,-0.013375261738750591],[-0.01717116380609223,0.005585746211192627,0.0031813645618300763]]
[[-0.004901022946853918,-0.008913792482438846,0.008614366927844942],[0.01862399932164944,0.0052963816282953526,-0.01142545092580064],[-0.01372297637479552,0.003617410854143493,0.002811083997955699]]
[[-0.004369957582479372,-0.007402026760763654,0.0073582964628634544],[0.0154789834993232,0.005093707767750508,-0.009822612293220189],[-0.01110902591684383,0.0023083189930131463,0.0024643158303567355]]
[[-0.003906938466021817,-0.006226961768252515,0.006346872076604168],[0.013013049241001157,0.004799807911445191,-0.008503202164316732],[-0.00910611077497934,0.0014271538568073248,0.0021563300877125635]]
[[-0.003504497993314667,-0.005299433699395678,0.005522921912291531],[0.011057509411067144,0.004471731165737345,-0.0074124719991683526],[-0.007553011417752477,0.0008277025336583324,0.001889550086876822]]
[[-0.003154836698896231,-0.004556922956096668,0.00484442140186847],[0.009488825651523407,0.004140456135422903,-0.006505515439960388],[-0.006333988952627177,0.0004164668206737645,0.0016610940380919186]]
[[-0.0028506070238759323,-0.003954856096215398,0.00428009668717625],[0.008216355789419278,0.0038220637142097847,-0.005746379830662334],[-0.005365748765543346,0.00013279238200561384,0.0014662831434860846]]
[[-0.0025852446020886446,-0.003460941169843289,0.003806396381455115],[0.007173166821133652,0.003524215040299856,-0.005106592754028426],[-0.004587922219045007,-0.00006327387045656704,0.0013001963725733107]]
[[-0.002353053624086117,-0.003051425278527686,0.0034053802654517296],[0.006309397020488458,0.003249876065778005,-0.004563682022931564],[-0.003956343396402341,-0.00019845078725031894,0.001158301757479834]]
[[-0.002149172140270772,-0.002708584826629087,0.003063231299012546],[0.005587531084704256,0.002999452345365096,-0.00409989411637885],[-0.0034383589444334844,-0.0002908675187360092,0.0010366628173663038]]
[[-0.001969486686219414,-0.002419016897763134,0.002769195800826617],[0.004979049153485367,0.0027720096438904264,-0.003701154004731502],[-0.003009562467265953,-0.0003529927461272922,0.0009319582039048848]]
[[-0.0018105320020236977,-0.0021724586770075376,0.0025148205848971273],[0.004462044132738285,0.0025659683300342235,-0.003356247165207483],[-0.0026515121307145867,-0.0003935096530266857,0.0008414265803103555]]
[[-0.0016693930063208433,-0.0019609599507599473,0.0022933980500826926],[0.0040195173186956335,0.002379494086534391,-0.0030561861940007285],[-0.00235012431237479,-0.0004185341357744435,0.0007627881439180358]]
[[-0.0015436163401615125,-0.001778295070975399,0.0020995583360093445],[0.003638149543987903,0.002210713016798961,-0.0027937236134461052],[-0.0020945332038263906,-0.0004324179458235623,0.0006941652774367605]]
[[-0.001431133805076341,-0.0016195395944378769,0.001928966525752519],[0.0033074072507291,0.00205782525594472,-0.002562977711892739],[-0.0018762734456527588,-0.00043828566150684307,0.0006340111861402199]]
[[-0.001330197631467266,-0.0014807616884353393,0.0017780956298431743],[0.003018886097343451,0.0019191601976711002,-0.002359144753508509],[-0.0016886884658761849,-0.000438398509235761,0.0005810491236653351]]
[[-0.0012393264826089864,-0.0013587945491555656,0.001644054776776225],[0.0027658244020412528,0.001793198524701058,-0.0021782768651622147],[-0.0015264979194322666,-0.00043440397554549235,0.0005342220883859899]]
[[-0.0011572607539054945,-0.001251066706896597,0.0015244580073528044],[0.0025427390881345184,0.001678575790741312,-0.002017109829256235],[-0.0013854783342290241,-0.000427509083844715,0.0004926518219034307]]
[[-0.0010829257103281147,-0.0011554741747339438,0.0014173232106419395],[0.002345150789424099,0.0015740761799264396,-0.0018729288678981542],[-0.0012622250790959842,-0.00041860200519249586,0.0004556056572562145]]
[[-0.0010154011320335147,-0.0010702831769912372,0.0013209936359081039],[0.002169374437907582,0.0014786214596741519,-0.0017434634474383353],[-0.0011539733058740674,-0.0004083382826829148,0.00042246981153023166]]
[[-0.0009538963154666569,-0.000994055458939707,0.0012340764596569704],[0.002012358374592069,0.0013912580061369324,-0.0016268043488571464],[-0.001058462059125412,-0.0003972025471972254,0.000392727889200176]]
[[-0.0008977294596409478,-0.0009255904357983283,0.001155394343498974],[0.0018715597304399317,0.0013111435152169735,-0.0015213379076399964],[-0.0009738302707989838,-0.0003855530794186451,0.0003659435641410225]]
[[-0.0008463106347751014,-0.0008638800163449012,0.0010839469652569912],[0.0017448471478527993,0.0012375342634752342,-0.0014256935646029057],[-0.000898536513077698,-0.0003736542471303331,0.00034174659934591435]]
[[-0.0007991276758373907,-0.0008080730506909509,0.0010188802644738094],[0.0016304242795104752,0.0011697733438025245,-0.0013387017937082411],[-0.0008312966036730845,-0.0003617002931115737,0.00031982152923443186]]
[[-0.0007557344657864485,-0.0007574471470132341,0.0009594616980725723],[0.0015267692005116915,0.0011072800464235512,-0.0012593601651205498],[-0.0007710347347252432,-0.00034983289941031696,0.0002998984670479774]]
[[-0.0007157411741616814,-0.0007113861751548363,0.0009050602106086957],[0.001432586099910073,0.0010495404124015693,-0.0011868058217955274],[-0.0007168449257483917,-0.0003381542372467331,0.00028174561118683174]]
[[-0.0006788060989541269,-0.0006693621919006717,0.0008551299270788518],[0.0013467665156112513,0.000996098909585169,-0.001120293040240135],[-0.0006679604166571244,-0.00032673671768449733,0.0002651631131612833]]
[[-0.0006446288263463996,-0.000630920828675386,0.000809196803384731],[0.0012683580371574872,0.0009465511428724722,-0.001059174843473139],[-0.0006237292108110876,-0.0003156303141970862,0.00024997804008840805]]
[[-0.0006129444767062869,-0.0005956694088327481,0.0007668476407507599],[0.0011965388906475325,0.0009005374954141581,-0.0010028878607545259],[-0.0005835944139412456,-0.00030486808658141,0.00023604022000376593]]
[[-0.0005835188485560998,-0.0005632672306252863,0.0007277210003407098],[0.0011305971858157505,0.0008577375950558771,-0.0009509398021049425],[-0.0005470783372596506,-0.00029447036443059076,0.00022321880176423266]]
[[-0.0005561443071385478,-0.0005334175789325351,0.0006914996536119179],[0.001069913880463421,0.0008178655049903529,-0.0009028990491327956],[-0.0005137695733248731,-0.0002844479260578179,0.0002113993955208777]]
[[-0.0005306362923201339,-0.0005058611249937195,0.0006579042803069955],[0.0010139487258780625,0.0007806655457096387,-0.0008583859669652131],[-0.00048331243355792856,-0.0002748044207159192,0.00020048168665821777]]
[[-0.0005068303432614027,-0.00048037044672635554,0.0006266881850710951],[0.0009622286158287715,0.000745908664844918,-0.0008170656223916516],[-0.0004553982725673688,-0.00026553821811856255,0.00019037743732055654]]
[[-0.00048457955562269207,-0.00045674545851030486,0.0005976328496767379],[0.0009143378837163053,0.000713389281174181,-0.0007786416560996019],[-0.00042975832809361323,-0.0002566438226638761,0.00018100880642286406]]
[[-0.0004637524019306256,-0.00043480958281135894,0.0005705441738436896],[0.0008699101866588617,0.0006829225383272148,-0.0007428511061865282],[-0.00040615778472823604,-0.0002481129555158558,0.00017230693234283862]]
[[-0.0004442308577954933,-0.0004144065298263149,0.0005452492859818947],[0.0008286216884700654,0.0006543419122067237,-0.0007094600190482469],[-0.0003843908306745721,-0.00023993538238040873,0.00016421073306635228]]
[[-0.00042590878649338736,-0.00039539757776350037,0.0005215938276100531],[0.0007901853106520731,0.0006274971237487431,-0.0006782597146060659],[-0.00036427652415868566,-0.00023209954598524274,0.00015666588699601278]]
[[-0.0004086905424479692,-0.00037765926715353277,0.0004994396330356176],[0.00075434586543138,0.00060225231534858,-0.000649063597423102],[-0.00034565532298341085,-0.00022459304819504722,0.00014962396438748452]]
[[-0.00039248976071449236,-0.00036108143901049844,0.0004786627401327442],[0.0007208759203237385,0.0005784844551230267,-0.0006217044249375519],[-0.0003283861596092462,-0.00021740301611252827,0.00014304168480480775]]
[[-0.0003772283049620581,-0.0003455655597132389,0.0004591516794958994],[0.0006895722718565352,0.000556081938237592,-0.000596031959856743],[-0.000312343966894477,-0.00021051637852435314,0.00013688028036084368]]
[[-0.0003628353508919057,-0.0003310232858949517,0.0004408059984735802],[0.0006602529285207348,0.0005349433588823844,-0.0005719109465218851],[-0.000297417577628829,-0.00020392007298743268,0.0001311049480483049]]
[[-0.0003492465856983733,-0.00031737523098667375,0.0004235349840597428],[0.0006327545210078142,0.0005149764302168722,-0.000549219361399952],[-0.00028350793530944085,-0.00019760119923019847,0.00012568437734020925]]
[[-0.0003364035072182848,-0.00030454990179463716,0.00040725655469853856],[0.0006069300722615542,0.0004960970328026439,-0.0005278468962778895],[-0.00027052656504326927,-0.00019154713100800674,0.00012059034157935086]]
[[-0.0003242528089392241,-0.0002924827789418603,0.00039189629602111786],[0.0005826470715754215,0.000478228374778192,-0.000507693639610851],[-0.0002583942626361974,-0.00018574559583633174,0.00011579734358973317]]
[[-0.0003127458391404534,-0.0002811155194340263,0.0003773866196017565],[0.0005597858064646803,0.00046130024936645147,-0.0004886689271138711],[-0.0002470399673242269,-0.00018018472993242517,0.0001112823075121146]]
[[-0.00030183812419734936,-0.00027039526322441686,0.0003636660271680856],[0.0005382379137840364,0.0004452483773020318,-0.0004706903373250956],[-0.00023639978958668703,-0.00017485311407761496,0.00010702431015700999]]
[[-0.0002914889475521532,-0.0002602740286138487,0.00035067846546445853],[0.0005179051178960274,0.00043001382347086987,-0.0004536828116987674],[-0.00022641617034387421,-0.0001697397948570211,0.00010300434623430887]]
[[-0.00028166097709017557,-0.0002507081837564711,0.00033837275925802004],[0.000498698128897817,0.0004155424785135061,-0.00043757788195925983],[-0.00021703715180764147,-0.00016483429475703496,0.00009920512270123974]]
[[-0.00027231993470179614,-0.00024165798355170535,0.00032670211188140876],[0.0004805356782023086,0.00040178459739122587,-0.0004223129900848667],[-0.00020821574350051244,-0.00016012661383952055,0.00009561087820345791]]
[[-0.00026343430268971574,-0.00023308716286669332,0.00031562366429446873],[0.0004633436723166047,0.0003886943879833617,-0.0004078308884891975],[-0.00019990936962688898,-0.0001556072251166684,0.00009220722419472877]]
[[-0.0002549750624250688,-0.00022496257841637113,0.0003050981049764362],[0.0004470544486048059,0.000376229643700839,-0.0003940791098073429],[-0.00019207938617973712,-0.00015126706528446787,0.00008898100483090669]]
[[-0.00024691546128744574,-0.00021725389278099392,0.0002950893240755138],[0.00043160611927354434,0.0003643514148882783,-0.0003810094972369529],[-0.00018469065798609863,-0.00014709752210728436,0.00008592017316143909]]
[[-0.00023923080446098562,-0.0002099332950049219,0.0002855641061816443],[0.0004169419918663284,0.00035302371446383873,-0.0003685777876824799],[-0.00017771118740534273,-0.00014309041945891683,0.00008301368150083558]]
[[-0.00023189826861664428,-0.00020297525302907825,0.0002764918568808444],[0.00040301005626848616,0.0003422132538288382,-0.0003567432410460104],[-0.00017111178765184186,-0.00013923800079975997,0.00008025138416516597]]
[[-0.0002248967349020777,-0.00019635629388975256,0.00026784435892029257],[0.00038976252966628944,0.00033188920558177164,-0.0003454683099345823],[-0.0001648657947642117,-0.00013553291169201908,0.00007762395101428978]]
[[-0.00021820663899576562,-0.00019005480819035795,0.0002595955543827083],[0.00037715545211894916,0.00032202299000543027,-0.00033471834483971615],[-0.00015894881312318354,-0.0001319681818150723,0.00007512279045700782]]
[[-0.00021180983626969878,-0.00018405087583830144,0.0002517213497530107],[0.0003651483264290627,0.0003125880826712586,-0.0003244613305131306],[-0.0001533384901593639,-0.00012853720683295717,0.00007273998076011992]]
[[-0.00020568948035244082,-0.00017832611045101734,0.000244199441173488],[0.0003537037968672755,0.00030355984083035436,-0.0003146676498322906],[-0.00014801431651483468,-0.00012523373037933702,0.00007046820865880263]]
[[-0.00019982991359770367,-0.00017286352018551293,0.00023700915753708477],[0.0003427873620462165,0.00029491534654270954,-0.00030530987193623754],[-0.00014295744844851287,-0.00012205182635719665,0.00006830071439915274]]
[[-0.00019421656814784,-0.00016764738304445002,0.00023013131937129027],[0.0003323671178684736,0.00028663326474154147,-0.0002963625618291405],[-0.00013815054972063354,-0.00011898588169709148,0.0000662312424578502]]
[[-0.0001888358764411352,-0.0001626631349670645,0.00022354811172531783],[0.00032241352701104116,0.0002786937146430026,-0.00028780210900698587],[-0.00013357765056990593,-0.0001160305796759381,0.00006425399728166806]]
[[-0.00018367519015006763,-0.00015789726923192508,0.00021724296949729804],[0.00031289921186885585,0.00027107815309761944,-0.00027960657297083506],[-0.00012922402171878822,-0.00011318088386569434,0.00006236360347353702]]
[[-0.00017872270665785753,-0.0001533372458863319,0.00021120047383152234],[0.00030379876827481294,0.0002637692686422558,-0.0002717555437556807],[-0.00012507606161695544,-0.00011043202275592388,0.00006055506992415835]]
[[-0.00017396740228519718,-0.00014897141007877602,0.00020540625838292678],[0.0002950885976530827,0.00025675088515342287,-0.00026423001583341895],[-0.00012112119536788555,-0.00010777947507464686,0.00005882375745049217]]
[[-0.00016939897157024772,-0.00014478891831027512,0.00019984692439083883],[0.0002867467555550259,0.00025000787412714074,-0.0002570122739471715],[-0.00011734778398477815,-0.00010521895581686563,0.00005716534955633266]]
[[-0.00016500777198463946,-0.00014077967174087953,0.00019450996362974863],[0.0002787528147795695,0.00024352607471963536,-0.00025008578960658486],[-0.00011374504279493001,-0.00010274640297875583,0.0000555758259768362]]
[[-0.0001607847735379142,-0.00013693425579198478,0.00018938368841424043],[0.00027108774149843984,0.00023729222077895377,-0.0002434351271235893],[-0.00011030296796052567,-0.000100357964986969,0.00005405143870934885]]
[[-0.0001567215127839427,-0.00013324388537563783,0.00018445716793054643],[0.0002637337829961403,0.00023129387418185216,-0.00023704585819861234],[-0.00010701227021219761,-0.00009804998880621434,0.00005258869026806591]]
[[-0.00015281005079647865,-0.000129700355160751,0.00017972017025040215],[0.0002566743657991676,0.00022551936386452662,-0.0002309044841811084],[-0.00010386431500268899,-0.00009581900870377563,0.00005118431393070626]]
[[-0.0001490429347281832,-0.00012629599435472693,0.00017516310945568637],[0.00024989400311224637,0.00021995773000123197,-0.00022499836522779854],[-0.00010085106838406316,-0.00009366173564650504,0.0000498352557721122]]
[[-0.00014541316260898465,-0.00012302362553884944,0.00017077699736610077],[0.00024337821060429576,0.0002145986728426584,-0.0002193156556691572],[-0.0000979650479953111,-0.00009157504730380893,0.000048538658303056423]]
[[-0.00014191415107628425,-0.00011987652714813065,0.0001665533994181324],[0.0002371134296959978,0.0002094325057770861,-0.00021384524497112175],[-0.00009519927861971356,-0.00008955597862895545,0.000047291845552989366]]
[[-0.00013853970576188347,-0.00011684839923213508,0.00016248439429274785],[0.00023108695759635134,0.0002044501122226412,-0.00020857670374614917],[-0.00009254725183446785,-0.00008760171299050613,0.00004609230945340132]]
[[-0.0001352839940891479,-0.00011393333217351533,0.00015856253693261117],[0.00022528688341933286,0.00019964290599914868,-0.00020350023432683448],[-0.00009000288933018494,-0.00008570957382563336,0.00004493769739422331]]
[[-0.00013214152025928908,-0.00011112577807632627,0.00015478082462782922],[0.00021970202978531636,0.00019500279486376037,-0.00019860662546738737],[-0.00008756050952602728,-0.00008387701678743411,0.000043825800839558156]]
[[-0.00012910710222816053,-0.0001084205245672912,0.00015113266588299293],[0.00021432189937657542,0.00019052214692625327,-0.00019388721078423326],[-0.00008521479714841489,-0.00008210162235896207,0.00004275454490124033]]
[[-0.00012617585049495676,-0.00010581267078060887,0.00014761185180814317],[0.0002091366259731632,0.00018619375968813642,-0.00018933383058764632],[-0.00008296077547820645,-0.00008038108890752757,0.000041721978779503155]]
[[-0.00012334314854199827,-0.00010329760532110471,0.0001442125298027498],[0.0002041369295457362,0.00018201083147487745,-0.0001849387967923053],[-0.00008079378100373793,-0.00007871322615377275,0.00004072626698955551]]
[[-0.00012060463478063085,-0.00010087098602193445,0.00014092917932526309],[0.00019931407502630507,0.00017796693505302264,-0.00018069486062656306],[-0.00007870944024567422,-0.00007709594903108818,0.000039765681301299986]]
[[-0.00011795618587240401,-0.00009852872133200966,0.00013775658956165224],[0.00019465983441720901,0.00017405599324405992,-0.00017659518288854755],[-0.000076703648544805,-0.00007552727191205026,0.00003883859332689533]]
[[-0.00011539390130731586,-0.00009626695318512679,0.00013468983882489763],[0.00019016645193344688,0.0001702722563648267,-0.00017263330652239487],[-0.00007477255062613103,-0.00007400530317969993,0.000037943467697497266]]
[[-0.00011291408913219895,-0.00009408204121771465,0.00013172427553393074],[0.00018582661190441965,0.00016661028134034821,-0.00016880313131033538],[-0.0000729125227722207,-0.00007252824012263356,0.000037078855776404655]]
[[-0.00011051325273242665,-0.00009197054821539284,0.0001288555006352586],[0.00018163340918861618,0.00016306491234940561,-0.0001650988904963412],[-0.00007112015645618953,-0.00007109436413401279,0.00003624338986108261]]
[[-0.0001081880785791771,-0.00008992922668036102,0.00012607935134367705],[0.00017758032187923384,0.0001596312628760798,-0.0001615151291748845],[-0.00006939224330005673,-0.00006970203619571878,0.00003543577783120746]]
[[-0.00010593542486261717,-0.00008795500642218084,0.00012339188609025096],[0.0001736611861005117,0.000156304699052138,-0.00015804668429429854],[-0.00006772576123789454,-0.00006834969262995716,0.000034654798204047574]]
[[-0.00010375231093867093,-0.00008604498308392762,0.00012078937057628292],[0.0001698701727140042,0.00015308082418559693,-0.00015468866613850289],[-0.00006611786177533327,-0.00006703584110166931,0.00003389929556221997]]
[[-0.00010163590752360314,-0.00008419640752410396,0.0001182682648414427],[0.00016620176577139106,0.00014995546438020864,-0.00015143644116363494],[-0.0000645658582477879,-0.00006575905685610467,0.000033168176322192244]]
[[-0.00009958352757655952,-0.00008240667598223918,0.00011582521126271125],[0.00016265074256596062,0.00014692465515910946,-0.00014828561607759552],[-0.00006306721498940109,-0.00006451797917687027,0.00003246040481488426]]
