[[0.06239654917624401,-0.010949397418128679,0.034868121958815126],[-0.022677977155753672,0.024925323985265757,0.026799574497284553],[-0.03971857202049034,-0.013975926567137078,-0.06166769645609968]]
[[0.06369448324517701,-0.006293992724966217,0.032809404816004265],[-0.023752089909330216,0.022099241174018305,0.023841456263137936],[-0.0399423933358468,-0.015805248449052088,-0.0566508610791422]]
[[0.0642195077374326,-0.0014304848371547536,0.030471888420588095],[-0.02412171275988813,0.01949614389316803,0.022013751145327925],[-0.040097794977544454,-0.018065659056013275,-0.05248563956591602]]
[[0.06396671949104125,0.003482261779590652,0.02790688789025998],[-0.023965549139828103,0.01710572518486226,0.020881483121347258],[-0.04000117035121315,-0.02058798696445291,-0.04878837101160724]]
[[0.06296632509822721,0.008284758134616276,0.025170807085256867],[-0.02341189418911929,0.014923233079552178,0.020162292168835014],[-0.039554430909107915,-0.023207991214168458,-0.04533309925409188]]
[[0.061280822718209074,0.012828952357464028,0.022324038999808764],[-0.022562739217990395,0.012946810804446367,0.01967181951430379],[-0.03871808350021867,-0.025775763161910395,-0.041995858514112555]]
[[0.05899927879405323,0.01698892514542834,0.019429001215709063],[-0.02150338993245149,0.011174268360697024,0.01929138992956265],[-0.037495888861601746,-0.028163193506125367,-0.03872039114527171]]
[[0.05622945807084348,0.020668710784979748,0.016547381559552713],[-0.020305923294251505,0.00960093489845511,0.018947356201962962],[-0.03592353477659197,-0.03026964568343486,-0.035494737761515675]]
[[0.05308888475240241,0.023806320056375244,0.01373695949192265],[-0.019030337629194205,0.008218779962672033,0.018597007549447545],[-0.0340585471232082,-0.03202510001904728,-0.0323339670413702]]
[[0.04969602593419066,0.02637380441384514,0.011048547650769],[-0.017725147199185446,0.007016513630908587,0.018218541954481537],[-0.03197087873500521,-0.03339031804475373,-0.029267089605250537]]
[[0.046162654836839956,0.028373921022658514,0.00852358729905571],[-0.01642812028072617,0.005980274494061184,0.017803812736650486],[-0.029734534556113783,-0.0343541955167197,-0.026327400035706196]]
[[0.04258811646975642,0.02983444617051524,0.006192754271457223],[-0.015167335804186293,0.005094564142381553,0.017353111326600584],[-0.027420780665570126,-0.034929010312896795,-0.02354586559805781]]
[[0.039055792536858196,0.030801354443422198,0.004075678306671623],[-0.013962497681807432,0.00434318667088226,0.016871497234423268],[-0.02509329485505076,-0.035144541114304456,-0.02094717554109489]]
[[0.03563166799339976,0.031331963652145155,0.0021816469335067673],[-0.012826368322344267,0.00371005274671373,0.016366306214864054],[-0.02280529967105549,-0.035042016398858886,-0.01854795314837082]]
[[0.03236462448566063,0.03148884812688388,0.0005110183653010154],[-0.011766185574180769,0.003179788276706315,0.015845538800146983],[-0.020598438911479867,-0.0346686364035902,-0.016356557165447996]]
[[0.029287954926399032,0.03133497007129872,-0.0009429791375844127],[-0.010784963190372117,0.00273814183956528,0.015316886445408587],[-0.018502991736026916,-0.034073111910864,-0.014373907307824174]]
[[0.026421589495995303,0.030930166001282233,-0.002192352358877587],[-0.009882617234644937,0.0023722154614552403,0.014787201830757527],[-0.016538972261350364,-0.03330238146273747,-0.01259484947187994]]
[[0.02377460237754289,0.03032890220368355,-0.0032525688356724296],[-0.00905689685392614,0.002070556088264851,0.014262264646118262],[-0.01471770552361675,-0.0323994582919484,-0.011009695810445832]]
[[0.021347684116526332,0.029579087708751523,-0.004141034001378898],[-0.008304123264132702,0.001823146633751726,0.013746733195558775],[-0.01304356085239363,-0.03140223434250325,-0.009605699194179878]]
[[0.019135381313055262,0.028721688284968572,-0.004875875987829119],[-0.007619755921912142,0.0016213309749054856,0.013244204316744886],[-0.011515625391143121,-0.030343019259874055,-0.008368328328915766]]
[[0.017128003099717466,0.027790893944713638,-0.005475039969122262],[-0.006998811886583668,0.0014577003422391079,0.012757329233311372],[-0.0101291912131338,-0.029248594286952742,-0.007282289264189109]]
[[0.015313165053024116,0.026814630332015046,-0.005955660698035034],[-0.006436165897093759,0.0013259613886319678,0.012287951640608252],[-0.008876999155930359,-0.028140591720647014,-0.006332290942573218]]
[[0.013676986688724658,0.025815252430711904,-0.0063336660167809975],[-0.005926756936589935,0.0012207999177606009,0.011837247604764924],[-0.0077502297521347225,-0.027036052348472506,-0.005503581587983928]]
[[0.012204983424199924,0.02481030569225711,-0.00662356039232898],[-0.005465723687804172,0.0011377492201276136,0.011405855894593704],[-0.006739259736395753,-0.025948054912384725,-0.004782295502264725]]
[[0.010882703845694985,0.023813279173198178,-0.006838341071400824],[-0.005048487384289384,0.001073068217268173,0.01099399325315069],[-0.005834216461405601,-0.024886347390466353,-0.004155652181749866]]
[[0.009696163701693006,0.022834305759123548,-0.006989506546761526],[-0.004670796773374442,0.001023631983082523,0.010601552764104787],[-0.005025366928318564,-0.02385793774220607,-0.0036120462173432604]]
[[0.008632123428846875,0.0218807864342076,-0.0070871251940224],[-0.004328746547618234,0.0009868354642928868,0.010228185590155146],[-0.004303376881228641,-0.022867621898500487,-0.0031410603961327453]]
[[0.007678249080538676,0.020957930247155813,-0.007139939735100424],[-0.004018777792289858,0.0009605101333090634,0.009873367483039526],[-0.003659471288248818,-0.021918440380464876,-0.0027334277479391022]]
[[0.006823189063020492,0.020069210805470507,-0.007155489912116423],[-0.0037376667408025636,0.0009428526835106041,0.009536451959226899],[-0.003085522322217929,-0.021012063488981114,-0.002380962047110475]]
[[0.006056592086079339,0.019216745357460575,-0.007140241186942082],[-0.003482506373404829,0.000932364567970992,0.009216712155231763],[-0.0025740857126745104,-0.020149109925431567,-0.0020764709682896823]]
[[0.005369085668643018,0.0184016050706806,-0.00709971145489998],[-0.0032506840590388036,0.0009278010760729854,0.008913373287690046],[-0.002118401609604214,-0.019329406146753585,-0.0018136618327900657]]
[[0.0047522295446379825,0.017624065951903196,-0.007038590840238916],[-0.0030398574453272347,0.0009281286590947114,0.008625637450964636],[-0.0017123720993107473,-0.01855219461099791,-0.001587046610725719]]
[[0.004198454351600812,0.01688380966620369,-0.006960851831294817],[-0.002847930073365754,0.0009324893017683077,0.008352702252857986],[-0.0013505242782350575,-0.017816298967971995,-0.001391850421563169]]
[[0.0037009929298379104,0.016180082768930976,-0.006869848515546023],[-0.0026730276696681973,0.0009401708566919124,0.008093774553659176],[-0.0010279652601697129,-0.01712025362562289,-0.0012239260381131534]]
[[0.0032538092602688497,0.015511821866876671,-0.006768404664173064],[-0.0025134756963350185,0.0009505823901024128,0.00784808035468418],[-0.0007403335639338314,-0.016462404256979084,-0.0010796756905111149]]
[[0.0028515283732838083,0.014877751159610236,-0.00665889103474415],[-0.0023677784822738026,0.000963233717646578,0.007614871688560118],[-0.0004837498910100057,-0.015840984877256815,-0.0009559806538159679]]
[[0.0024893693343631083,0.014276457785281589,-0.006543292619922415],[-0.0022346000823790396,0.0009777184301129139,0.007393431197430481],[-0.0002547692519840689,-0.015254176215394504,-0.0008501385775080664]]
[[0.0021630825420727254,0.01370644946220266,-0.006423266752569233],[-0.0021127468948248154,0.0009936998180964224,0.007183074946263647],[-0.00005033564724791031,-0.014700149280299083,-0.0007598081936944145]]
[[0.0018688919696610053,0.013166198101051475,-0.0063001930437059425],[-0.0020011519918482967,0.001010899200096276,0.006983153904061359],[0.00013226002218729165,-0.014177097301147752,-0.0006829608603554165]]
[[0.0016034425719831016,0.012654172366404183,-0.006175216122397625],[-0.0018988610739978358,0.001029086240796088,0.006793054432825269],[0.00029541850201473424,-0.013683258607200271,-0.0006178383104276444]]
[[0.001363752810733987,0.012168861583821343,-0.00604928209548992],[-0.0018050199326455833,0.0010480709161930567,0.006612198049376792],[0.00044126712191159623,-0.0132169325000144,-0.0005629159538868725]]
[[0.0011471720823401298,0.011708792908137408,-0.005923169570392808],[-0.001718863294059677,0.0010676968411175091,0.006440040665462951],[0.0005716912117195471,-0.012776489749254917,-0.0005168710950701422]]
[[0.0009513427342893088,0.011272543276337465,-0.005797515999006204],[-0.0016397049158349683,0.0010878357239160398,0.006276071464282922],[0.0006883621815456596,-0.012360379000253503,-0.00047855546527671893]]
[[0.0007741663052281341,0.010858747350896864,-0.005672840013832788],[-0.0015669288097192994,0.001108382754025855,0.006119811534284984],[0.0007927625044911652,-0.01196713010492272,-0.0004469715204521948]]
[[0.0006137736060079024,0.010466102404163645,-0.005549560343413659],[-0.001499981471571858,0.001129252762106814,0.0059708123518384375],[0.0008862078655639555,-0.011595355166270459,-0.0004212520084247791]]
[[0.0004684982617410117,0.010093370890188852,-0.0054280118163039974],[-0.001438365007796266,0.0011503770204455274,0.005828654181551899],[0.0009698667460552544,-0.011243747910634379,-0.0004006423652479019]]
[[0.00033685335091599995,0.009739381287837813,-0.005308458892260419],[-0.0013816310570598307,0.0011717005744805774,0.005692944445261645],[0.0010447777061438307,-0.01091108186231839,-0.00038448555300122766]]
[[0.0002175108012143829,0.009403027670046782,-0.005191107096580298],[-0.0013293754157575766,0.001193180015356392,0.00556331609698138],[0.0011118646145431938,-0.010596207685403175,-0.0003722090004010816]]
[[0.00010928322913315874,0.009083268352105787,-0.005076112678483872],[-0.0012812332850723222,0.0012147816191023248,0.005439426030530235],[0.0011719500559391636,-0.01029804997120811,-0.00036331335204636264]]
[[0.00001110793934831929,0.008779123891432076,-0.004963590766598014],[-0.0012368750663605615,0.0012364797909448482,0.005320953538456368],[0.001225767127012242,-0.010015603682376924,-0.0003573627718583541]]
[[-0.00007796717165638731,0.008489674648056694,-0.004853622253353001],[-0.001196002639816869,0.0012582557638870116,0.005207598834707527],[0.0012739698114732564,-0.009747930411943705,-0.0003539765813545259]]
[[-0.00015879603582279357,0.008214058065438285,-0.004746259604739582],[-0.0011583460688741926,0.0012800965094375985,0.005099081648840266],[0.0013171421046969862,-0.009494154574875884,-0.00035282204410068364]]
[[-0.00023214536020769696,0.007951465792405497,-0.004641531761689005],[-0.0011236606795725892,0.001301993825578889,0.004995139896068979],[0.001355806039780286,-0.009253459617984384,-0.0003536081343799738]]
[[-0.0002987042792912529,0.007701140736746331,-0.004539448273663262],[-0.0010917244701958474,0.0013239435730026694,0.004895528424870581],[0.0013904287494871004,-0.009025084309749,-0.00035608015120731874]]
[[-0.00035909287083642466,0.0074623741174069565,-0.004440002783260412],[-0.0010623358118743553,0.0013459450355459677,0.004800017841973315],[0.00142142868271078,-0.008808319152952923,-0.00036001505871290345]]
[[-0.0004138696741759966,0.0072345025640017935,-0.004343175962196436],[-0.0010353114056343034,0.0013680003848067675,0.004708393413206724],[0.0014491810798103,-0.008602502948808561,-0.00036521745101028786]]
[[-0.0004635383328240468,0.007016905298238664,-0.004248937983432093],[-0.0010104844655929853,0.0013901142322679378,0.004620454037748335],[0.001474022798417032,-0.008407019530506602,-0.00037151605431624173]]
[[-0.0005085534682628559,0.006809001421029987,-0.004157250601043486],[-0.000987703101713344,0.0014122932550294318,0.004536011292672424],[0.0014962565699762,-0.008221294676059419,-0.00037876069162893827]]
[[-0.0005493258784809174,0.006610247320786277,-0.004068068898320042],[-0.0009668288787919338,0.0014345458835466963,0.0044548885443111445],[0.0015161547572728512,-0.008044793204332974,-0.0003868196459911027]]
[[-0.0005862271431633499,0.006420134212112926,-0.003981342755196607],[-0.0009477355312138829,0.0014568820416806052,0.004376920122719161],[0.0015339626743772327,-0.007877016253793532,-0.0003955773675225526]]
[[-0.0006195937071955366,0.006238185809415695,-0.0038970180782171345],[-0.0009303078155129796,0.0014793129309499339,0.0043019505554438755],[0.0015499015227085162,-0.00771749874036563,-0.0004049324772267414]]
[[-0.0006497305051752936,0.006063956136418201,-0.00381503782955628],[-0.000914440484967112,0.0015018508521972647,0.004229833856809204],[0.0015641709901424057,-0.007565806988615466,-0.00041479602725292457]]
[[-0.0006769141817907363,0.005897027470034041,-0.003735342885997627],[-0.0009000373723772414,0.0015245090589797983,0.004160432868994575],[0.0015769515541679776,-0.007421536529013839,-0.0004250899829969473]]
[[-0.0007013959560753818,0.005737008415202942,-0.0036578727540185043],[-0.0008870105688557814,0.0015473016379154002,0.004093618651311803],[0.0015884065249311633,-0.007284310053118343,-0.0004357458972932989]]
[[-0.0007234041715772976,0.005583532106027073,-0.0035825661631228673],[-0.000875279687918016,0.0015702434119827572,0.004029269914234858],[0.0015986838594953135,-0.00715377551800983,-0.0004467037511119911]]
[[-0.0007431465692665576,0.005436254527698685,-0.003509361556178485],[-0.0008647712054544656,0.001593349863418355,0.0039672724949096315],[0.0016079177747210232,-0.00702960439111704,-0.000457910938731147]]
[[-0.0007608123154584467,0.005294852953191302,-0.0034381974926543683],[-0.0008554178672863877,0.001616637073393238,0.003907518871053618],[0.0016162301827448346,-0.00691149002658454,-0.0004693213783992492]]
[[-0.0007765738130636498,0.00515902448841289,-0.0033690129782361993],[-0.0008471581569912622,0.0016401216761067696,0.0038499077103424533],[0.001623731970054912,-0.006799146164519659,-0.00048089473210625403]]
[[-0.000790588321016276,0.005028484719428877,-0.003301747732251905],[-0.0008399358175481272,0.001663820825317268,0.0037943434525666733],[0.0016305241385644032,-0.006692305544746146,-0.0004925957203147685]]
[[-0.0008029994037105662,0.004902966455406754,-0.0032363424026080846],[-0.0008336994211095533,0.0016877521716524245,0.00374073592202444],[0.0016366988248201196,-0.006590718627059179,-0.0005043935194163553]]
[[-0.0008139382296402783,0.00478221856107462,-0.003172738736471386],[-0.0008284019818715477,0.0017119338493157914,0.0036889999677920016],[0.001642340211511826,-0.006494152410390412,-0.0005162612313206157]]
[[-0.0008235247361312603,0.0046660048726947555,-0.003110879713686011],[-0.0008240006075965463,0.0017363844710375363,0.0036390551296815446],[0.0016475253437278066,-0.006402389343732292,-0.0005281754159955339]]
[[-0.0008318686750441858,0.004554103191807567,-0.003050709648864406],[-0.0008204561858582984,0.0017611231303151403,0.003590825327855105],[0.0016523248609024842,-0.006315226322122707,-0.0005401156789906986]]
[[-0.0008390705525631729,0.004446304351284358,-0.0029921742671936576],[-0.0008177331015297653,0.0017861694101581962,0.003544238574212454],[0.0016568036540929383,-0.006232473761442554,-0.0005520643070187964]]
[[-0.0008452224746442988,0.004342411348526421,-0.0029352207582405603],[-0.0008157989824340306,0.001811543397696114,0.003499226703810443],[0.0016610214570783293,-0.006153954746222536,-0.0005640059455698824]]
[[-0.0008504089083474,0.004242238540953327,-0.002879797811392957],[-0.0008146244704304421,0.001837265704132074,0.003455725124700903],[0.0016650333787778422,-0.006079504245085401,-0.0005759273133079457]]
[[-0.0008547073680904069,0.004145610899228095,-0.0028258556360263704],[-0.0008141830155196739,0.001863357489634492,0.0034136725846942197],[0.001668890383610081,-0.006008968388862587,-0.0005878169486678493]]
[[-0.0008581890348263168,0.004052363313965786,-0.002773345969018284],[-0.0008144506908273785,0.0018898404928514587,0.003373010953666283],[0.0016726397256536952,-0.005942203806817245,-0.000599664984647999]]
[[-0.000860919315230294,0.003962339951961628,-0.002722222071835418],[-0.0008154060265709631,0.0019167370648163883,0.0033336850201280974],[0.0016763253418012572,-0.005879077016778016,-0.0006114629482926793]]
[[-0.000862958347182065,0.003875393658252324,-0.0026724387190812217],[-0.0008170298613318678,0.0019440702070866239,0.0032956423008702494],[0.001679988208513933,-0.0058194638653389485,-0.0006232035817890277]]
[[-0.0008643614571228687,0.0037913854005884734,-0.0026239521801030017],[-0.0008193052091498745,0.001971863614022678,0.00325883286257912],[0.001683666666272743,-0.0057632490146111515,-0.0006348806824761179]]
[[-0.0008651795742444645,0.0037101837531456788,-0.0025767201950127466],[-0.0008222171411295257,0.00200014171917567,0.003223209154398593],[0.0016873967153739902,-0.005710325472321349,-0.000646488959385847]]
[[-0.0008654596059196321,0.003631664416537007,-0.0025307019462667553],[-0.000825752680404317,0.0020289297458057154,0.0031887258504805375],[0.001691212286323949,-0.005660594162342722,-0.000658023904213782]]
[[-0.0008652447782999417,0.003555709771409612,-0.0024858580267710017],[-0.0008299007094442815,0.0020582537616055992,0.003155339701629665],[0.0016951454877442232,-0.005613963533015211,-0.0006694816748586631]]
[[-0.000864574945579425,0.0034822084631139314,-0.0024421504053273057],[-0.0008346518888189695,0.0020881407377531186,0.0031230093952042317],[0.0016992268343983944,-0.00557034920086705,-0.000680858989876926]]
[[-0.0008634868710451036,0.0034110550151253013,-0.0023995423901059408],[-0.0008399985866425219,0.0021186186124629094,0.0030916954224833445],[0.0017034854576876255,-0.005529673627588211,-0.0006921530323774037]]
[[-0.0008620144827011335,0.003342149469075702,-0.0023579985907199418],[-0.0008459348180320568,0.0021497163592551737,0.003061359952754925],[0.0017079493007331904,-0.0054918658283308755,-0.0007033613620349832]]
[[-0.0008601891059572847,0.0032753970494182306,-0.0023174848793823463],[-0.0008524561940065567,0.0021814640602054354,0.003031966713415825],[0.0017126452999638416,-0.005456861109623666,-0.0007144818340334789]]
[[-0.000858039675609983,0.0032107078508995537,-0.002277968351547456],[-0.000859559879342026,0.0022138929844867893,0.003003480875407266],[0.001717599554952009,-0.005424600835386343,-0.0007255125238598101]]
[[-0.000855592929111192,0.0031479965471567233,-0.0022394172863689802],[-0.0008672445589811856,0.002247035672565041,0.002975868943334917],[0.0017228374880923778,-0.005395032219721764,-0.0007364516569659371]]
[[-0.0008528735829134746,0.0030871821188850723,-0.002201801107249806],[-0.0008755104126733825,0.0022809260264582344,0.0029490986496436104],[0.001728383995586857,-0.005368108145343307,-0.000747297542393804]]
[[-0.0008499044934955516,0.0030281876001441543,-0.0021650903427087673],[-0.0008843590975938816,0.0023155994065260864,0.0029231388522318372],[0.0017342635910894333,-0.005343787006670241,-0.0007580485095230697]]
[[-0.0008467068045089056,0.0029709398414795632,-0.002129256587747742],[-0.0008937937387620004,0.0023510927353126466,0.002897959434900818],[0.001740500543270906,-0.00532203257679221,-0.0007687028471530758]]
[[-0.0008433000813400844,0.0029153692886406514,-0.0020942724658668155],[-0.00090381892714582,0.0023874446090277187,0.00287353121003693],[0.0017471190084859044,-0.00530281389766837,-0.0007792587441701143]]
[[-0.0008397024342532601,0.0028614097757682553,-0.0020601115918449913],[-0.0009144407254080864,0.0024246954173202237,0.002849825822924417],[0.0017541431596613465,-0.0052861051930884785,-0.0007897142310794253]]
[[-0.0008359306311614893,0.0028089983320131896,-0.0020267485353783624],[-0.0009256666813144392,0.0024628874720706148,0.002826815657077308],[0.0017615973124759285,-0.005271885804083804,-0.0008000671216989454]]
[[-0.0008320002009714043,0.002758075000626039,-0.0019941587856460567],[-0.0009375058488920356,0.002502065146010639,0.002804473739964983],[0.0017695060498634399,-0.0052601401466366784,-0.0008103149543189263]]
[[-0.0008279255283533285,0.002708582669632184,-0.001962318716856054],[-0.0009499688174948803,0.0025422750220684344,0.0027827736484843397],[0.001777894345848209,-0.005250857691700618,-0.0008204549316282858]]
[[-0.000823719940705815,0.002660466913273555,-0.0019312055548076593],[-0.0009630677490026511,0.002583566054436337,0.002761689413502468],[0.001786787689708466,-0.005244032967709892,-0.0008304838586948085]]
[[-0.0008193957880092707,0.0026136758434607945,-0.0019007973444946046],[-0.000976816423453421,0.0026259897424692116,0.0027411954227563083],[0.0017962122114626917,-0.005239665585930006,-0.0008403980782617036]]
[[-0.0008149645161966972,0.002568159970536727,-0.0018710729187620323],[-0.0009912302934885248,0.0026696003186444128,0.0027212663213492137],[0.0018061948096852222,-0.00523776028918114,-0.0008501934025871812]]
[[-0.0008104367346097817,0.002523872072704692,-0.001842011868021741],[-0.0010063265480709006,0.002714454951952232,0.0027018769090273887],[0.0018167632826806821,-0.005238327024656924,-0.0008598650410056479]]
[[-0.0008058222780548749,0.002480767073523783,-0.0018135945110227124],[-0.0010221241860278896,0.0027606139682401537,0.0026830020333507027],[0.0018279464640827644,-0.005241381041763937,-0.0008694075223279901]]
[[-0.0008011302639251423,0.0024388019269176693,-0.001785801866667928],[-0.0010386441000669237,0.0028081410892076865,0.0026646164777906958],[0.0018397743639920663,-0.005246943016125356,-0.000878814611122768]]
[[-0.0007963691448117623,0.0023979355091847724,-0.0017586156268635798],[-0.0010559091720193983,0.0028571036919438665,0.002646694843692061],[0.0018522783168311607,-0.005255039201128639,-0.0008880792168284811]]
[[-0.0007915467569879567,0.002358128517535409,-0.001732018130382829],[-0.0010739443801859175,0.002907573091119683,0.0026292114249200083],[0.0018654911371738742,-0.005265701608655092,-0.0008971932945371793]]
[[-0.0007866703651144459,0.002319343374716406,-0.001705992337723145],[-0.0010927769197870629,0.0029596248461965582,0.0026121400738824733],[0.0018794472849015089,-0.005278968220912965,-0.0009061477361593283]]
[[-0.0007817467034831523,0.0022815441393158014,-0.0016805218069338242],[-0.0011124363376700073,0.0030133390962936873,0.0025954540574597024],[0.0018941830411531597,-0.005294883235609489,-0.0009149322505258782]]
[[-0.0007767820140873426,0.002244696421369888,-0.0016555906703884166],[-0.0011329546825853026,0.003068800925676461,0.0025791259011908345],[0.001909736696672645,-0.005313497347046349,-0.0009235352308024177]]
[[-0.0007717820817804988,0.0022087673029221374,-0.0016311836124754443],[-0.001154366672532979,0.003126100763191165,0.002563127219853317],[0.0019261487543134777,-0.005334868066113303,-0.0009319436073778727]]
[[-0.0007667522667628473,0.0021737252632087582,-0.0016072858481798497],[-0.00117670988088613,0.003185334819384213,0.0025474285323210523],[0.0019434621476489772,-0.005359060082592971,-0.0009401426841412027]]
[[-0.0007616975346132919,0.0021395401081688546,-0.001583883102527019],[-0.00120002494323747,0.0032466055655152337,0.002531999058294889],[0.0019617224778507615,-0.005386145673684088,-0.0009481159557678701]]
[[-0.0007566224840653639,0.002106182903998605,-0.0015609615908609297],[-0.001224355787184664,0.0033100222592114094,0.0025168064941569995],[0.001980978271250028,-0.005416205163210014,-0.0009558449032960696]]
[[-0.0007515313727084485,0.002073625914488695,-0.0015385079999279251],[-0.001249749887579057,0.003375701522126487,0.0025018167647998663],[0.0020012812602875057,-0.005449327436615182,-0.000963308764871941]]
[[-0.0007464281407798058,0.0020418425419024794,-0.0015165094697377661],[-0.0012762585501163441,0.0034437679756741356,0.002486993747810263],[0.00202268669089615,-0.0054856105175766145,-0.0009704842780724974]]
[[-0.0007413164331986557,0.002010807271169288,-0.001494953576173946],[-0.0013039372265543317,0.003514354941716981,0.0024722989658358934],[0.0020452536597529874,-0.005525162212886269,-0.0009773453896619474]]
[[-0.0007361996199806172,0.0019804956171828587,-0.0014738283143257082],[-0.0013328458653115351,0.0035876052160271985,0.0024576912423115685],[0.002069045485292152,-0.005568100833210058,-0.0009838629279858603]]
[[-0.0007310808151590348,0.0019508840750093132,-0.0014531220825147913],[-0.0013630493017415968,0.0036636719234125923,0.002443126314954033],[0.0020941301169006316,-0.005614555998421906,-0.0009900042324392415]]
[[-0.0007259628943290133,0.001921950072822449,-0.0014328236669906118],[-0.001394617693005536,0.003742719464648805,0.002428556400526938],[0.0021205805873345494,-0.005664669537471254,-0.0009957327335363261]]
[[-0.0007208485109202365,0.001893671927396423,-0.0014129222272683262],[-0.0014276270031918982,0.003824924566802652,0.0024139297033018772],[0.0021484755141121348,-0.005718596494199075,-0.001001007476033551]]
[[-0.0007157401112957863,0.0018660288019973356,-0.0013934072820850512],[-0.0014621595451826108,0.00391047745020906,0.002399189858363954],[0.0021778996564783973,-0.005776506252206395,-0.0010057825762789028]]
[[-0.0007106399487660832,0.001839000666525774,-0.001374268695950377],[-0.0014983045867520606,0.003999583127316584,0.002384275299389009],[0.0022089445355181437,-0.005838583793842358,-0.0010100066034386323]]
[[-0.0007055500965996976,0.0018125682597721303,-0.0013554966662682176],[-0.001536159029545221,0.004092462850894532,0.0023691185387032525],[0.0022417091261449184,-0.005905031110666662,-0.0010136218724350347]]
[[-0.0007004724601060643,0.0017867130536555684,-0.0013370817110079963],[-0.0015758281709402752,0.0041893557317589855,0.0023536453452611466],[0.0022763006310463395,-0.005976068785414554,-0.0010165636342531507]]
[[-0.000695408787858965,0.0017614172193258517,-0.0013190146569041316],[-0.0016174265604012282,0.004290520549298925,0.002337773803565822],[0.0023128353482601933,-0.006051937768624777,-0.0010187591466616903]]
[[-0.0006903606821240426,0.001736663595015019,-0.0013012866281638057],[-0.0016610789638144868,0.004396237781755617,0.002321413233410666],[0.0023514396459385295,-0.006132901376770636,-0.0010201266052468601]]
[[-0.0006853296085484613,0.0017124356555330155,-0.0012838890356640174],[-0.001706921451538705,0.00450681188753638,0.002304462946520125],[0.0023922510600871663,-0.006219247543069396,-0.0010205739108561079]]
[[-0.0006803169051661205,0.0016887174833080426,-0.0012668135666200008],[-0.0017551026285509003,0.004622573873958563,0.0022868108115604285],[0.0024354195337170205,-0.006311291357266605,-0.0010199972449404277]]
[[-0.0006753237907675166,0.0016654937408784932,-0.001250052174708164],[-0.0018057850282319145,0.0047438841958810435,0.00226833159338684],[0.0024811088189994313,-0.006409377936759536,-0.0010182794186786757]]
[[-0.0006703513726793952,0.0016427496447490042,-0.001233597070627863],[-0.0018591466951092873,0.004871136033885046,0.0022488850255531893],[0.0025294980677886825,-0.00651388567863405,-0.0010152879549253262]]
[[-0.0006654006539956865,0.0016204709405283637,-0.0012174407130874701],[-0.00191538298639968,0.005004759010253888,0.002228313566728037],[0.0025807836403953666,-0.006625229950782251,-0.0010108728536405668]]
[[-0.0006604725402979022,0.0015986438792718388,-0.0012015758002014544],[-0.001974708627633227,0.005145223411270129,0.0022064397813536633],[0.0026351811679311294,-0.006743867290541968,-0.001004863981152209]]
[[-0.0006555678459000803,0.00157725519495491,-0.0011859952612864855],[-0.0020373600642065058,0.005293044996665098,0.002183063272155342],[0.002692927910106586,-0.006870300191620007,-0.0009970680108688564]]
[[-0.0006506872996505477,0.0015562920830094551,-0.0011706922490459493],[-0.0021035981586601735,0.005448790491876906,0.002157957076325454],[0.002754285458310721,-0.007005082574886361,-0.0009872648272795047]]
[[-0.0006458315503201641,0.001535742179857165,-0.001155660132133771],[-0.0021737112931393735,0.005613083876666444,0.0021308634175520994],[0.002819542843459538,-0.007148826056523608,-0.0009752032854183284]]
[[-0.0006410011716043062,0.001515593543378364,-0.0011408924880900644],[-0.002248018948283795,0.005786613605317628,0.0021014886814746422],[0.002889020119888101,-0.007302207148695991,-0.0009605961933845779]]
[[-0.0006361966667636422,0.0014958346342575032,-0.001126383096642922],[-0.002326875844235106,0.005970140919999365,0.0020694974512462864],[0.0029630725109987483,-0.007465975554256868,-0.0009431143546033644]]
[[-0.0006314184729266987,0.001476454298149384,-0.0011121259333726635],[-0.0024106767472112907,0.0061645094510157815,0.002034505400853466],[0.0030420952201379897,-0.007640963749165165,-0.0009223794674808027]]
[[-0.0006266669650753445,0.0014574417486126867,-0.0010981151637371425],[-0.002499862067036801,0.00637065633703648,0.0019960707942923367],[0.0031265290321121453,-0.007828098085649167,-0.0008979556305551945]]
[[-0.0006219424597325864,0.0014387865507596103,-0.0010843451374592924],[-0.0025949243982359943,0.006589625146780908,0.0019536842754614737],[0.003216866857968581,-0.008028411697540518,-0.0008693391380021814]]
[[-0.0006172452183704886,0.001420478605572405,-0.001070810383281125],[-0.0026964161912187744,0.006822580943320577,0.0019067565524599974],[0.0033136614095892625,-0.008243059548892982,-0.0008359461691788721]]
[[-0.0006125754505545947,0.0014025081348392992,-0.0010575056040919137],[-0.002804958782560744,0.007070827906087011,0.0018546034751865193],[0.0034175342331153385,-0.00847333604092631,-0.0007970978710946056]]
[[-0.0006079333168399389,0.001384865666663805,-0.0010444256724424959],[-0.0029212530668202294,0.007335830017581569,0.0017964278690070236],[0.0035291863836601684,-0.008720695684245374,-0.0007520021965645278]]
[[-0.0006033189314326142,0.0013675420215026241,-0.0010315656264626545],[-0.003046092159908872,0.007619235436494668,0.001731297309286735],[0.003649411091341486,-0.008986777457997292,-0.0006997316828240805]]
[[-0.0005987323646299173,0.0013505282986884485,-0.001018920666204615],[-0.0031803764899213417,0.007922905322665973,0.0016581167873191893],[0.003779108854551259,-0.00927343362135442,-0.0006391961211145743]]
[[-0.0005941736450513642,0.001333815863394807,-0.0010064861504431412],[-0.0033251318610759495,0.008248948060069754,0.0015755949076317573],[0.003919305506127314,-0.009582763923464561,-0.0005691087571886162]]
[[-0.0005896427616724051,0.0013173963340008701,-0.0009942575939718879],[-0.003481531177411732,0.008599760052150147,0.0014822018418636823],[0.004071173939084137,-0.009917156386151017,-0.00048794424789179447]]
[[-0.0005851396656725588,0.001301261569814863,-0.0009822306654470904],[-0.003650920695032932,0.008978074552748093,0.0013761167060382514],[0.0042360603607054905,-0.010279336122562955,-0.00039388604059116116]]
[[-0.0005806642721100221,0.0012854036591154853,-0.0009704011858440138],[-0.0038348519083279235,0.009387020362821746,0.0012551612701097938],[0.004415516180437945,-0.010672424021937231,-0.0002847600842657799]]
[[-0.000576216461435796,0.001269814907471866,-0.0009587651276097542],[-0.004035120484765287,0.009830192690335547,0.0011167158707819013],[0.0046113369462010825,-0.011100007597807413,-0.0001579507431721472]]
[[-0.0005717960808622149,0.0012544878263041513,-0.0009473186146191702],[-0.004253814069110581,0.010311739066295155,0.0009576119641612553],[0.0048256101499727965,-0.011566226892599308,-0.000010293349542085141]]
[[-0.0005674029456038833,0.001239415121649539,-0.0009360579230706348],[-0.004493371314643735,0.010836463969294436,0.0007739937528402937],[0.005060774260247618,-0.012075879090943974,0.000162064170230341]]
[[-0.0005630368400138978,0.0012245896831029187,-0.0009249794834971117],[-0.004756655211854092,0.01140995677724083,0.0005611384988842003],[0.00531969205186799,-0.01263454646034375,0.0003638409846129114]]
[[-0.000558697518645745,0.0012100045729085723,-0.0009140798841190385],[-0.005047044736515201,0.012038748888191394,0.0003132211092709054],[0.005605742255160946,-0.013248753461099966,0.0006008587748481332]]
[[-0.0005543847072825528,0.0011956530151911848,-0.0009033558758329015],[-0.005368550113899011,0.012730507385025307,0.000023002774990407455],[0.005922934821181564,-0.013926160400216492,0.000880353100842494]]
[[-0.0005500981039923443,0.0011815283853336364,-0.0008928043792195652],[-0.0057259587087742925,0.013494274503504922,-0.00031858503195360103],[0.006276056812766637,-0.014675802888838558,0.0012113894111731663]]
[[-0.0005458373802933526,0.0011676241995398982,-0.0008824224940781025],[-0.00612502085371776,0.014340764402318275,-0.000723002439906468],[0.006670858234011112,-0.015508388601858174,0.0016054249339845705]]
[[-0.0005416021825517413,0.001153934104670947,-0.0008722075121570096],[-0.006572688015826417,0.015282731220685512,-0.0012048689835212577],[0.007114290198378158,-0.01643666532535646,0.0020770764956782673]]
[[-0.0005373921337920322,0.001140451868521208,-0.0008621569339838873],[-0.007077419806489935,0.016335424780705828,-0.0017830260094900902],[0.007614811940281968,-0.017475876649227035,0.0026451829434739776]]
[[-0.0005332068361891627,0.0011271713708312673,-0.0008522684910147034],[-0.007649581694331434,0.01751715160701383,-0.002482026607521104],[0.008182788530520598,-0.018644322977845098,0.0033342950985358077]]
[[-0.0005290458746480618,0.001114086595540366,-0.000842540174775951],[-0.008301962004762358,0.01884995698708985,-0.0033342555034302245],[0.00883100787941042,-0.019964043582630212,0.004176795678206176]]
[[-0.0005249088220910786,0.0011011916251218313,-0.000832970275320144],[-0.009050444555007486,0.02036043360850706,-0.004382992401419132],[0.009575353377098564,-0.021461625233628892,0.005215962676739276]]
[[-0.000520795247414348,0.001088480638405959,-0.0008235574322529942],[-0.009914880471847876,0.022080632856580452,-0.005686912776804642],[0.010435675719262225,-0.02316911349498641,0.006510470209057637]]
[[-0.0005167047276246216,0.001075947914235393,-0.0008143007029675376],[-0.010920204363790606,0.024048981699351525,-0.007326818701014553],[0.011436909091415228,-0.025124929613586918,0.008141119403982091]]
[[-0.0005126368665735366,0.0010635878448991606,-0.0008051996547665811],[-0.012097822365114272,0.02631093658632451,-0.009415894467630031],[0.012610459231687809,-0.027374524431223672,0.010221094122396612]]
[[-0.0005085913242254331,0.0010513949660670224,-0.0007962544906276697],[-0.01348722683630956,0.02891871184512325,-0.012115638788447985],[0.013995818160534992,-0.02997010681119027,0.012911893279075654]]
[[-0.0005045678629978852,0.0010393640148551862,-0.0007874662230118128],[-0.015137572380999016,0.031928516004713046,-0.01566110172808145],[0.0156421402439969,-0.032967880019568234,0.01644856795109326]]
[[-0.000500566422273342,0.0010274900365296795,-0.0007788369171415088],[-0.01710834123617114,0.03539163270005876,-0.020401593489449758],[0.017608907658444483,-0.03641912273658844,0.021180430406591264]]
[[-0.0004965872403403344,0.0010157685767643143,-0.0007703700356174199],[-0.019466605326960155,0.03933073498514268,-0.02686727861663912],[0.01996319256730049,-0.040346503561907,0.027637648652256538]]
[[-0.0004926310579077365,0.0010041960273731016,-0.000762070930947377],[-0.02227408279745624,0.04368091787436172,-0.035878506994751175],[0.02276671385536398,-0.044685113901734824,0.036640577925698546]]
[[-0.0004886994647948083,0.0009927702529791275,-0.0007539475500461465],[-0.02554568026722793,0.048145882189975744,-0.0487213284903497],[0.026034379732022737,-0.04913865244295487,0.049475276040395845]]
[[-0.0004847955016154153,0.0009814917406987492,-0.0007460114230002087],[-0.029130587291735406,0.05184925146331049,-0.06740355836762556],[0.02961538279335082,-0.05283074320400924,0.06814956979062577]]
[[-0.0004809247145169213,0.0009703657278318793,-0.0007382789552912776],[-0.03238887341780349,0.052501741323444095,-0.09490335415614885],[0.03286979813232042,-0.053472107051275974,0.09564163311144012]]
[[-0.0004770969757845003,0.0009594061014623944,-0.0007307727370394516],[-0.03337085176598692,0.04454330187760433,-0.13480964316609542],[0.033847948741771425,-0.04550270797906673,0.13554041590313487]]
[[-0.00047332935763193945,0.0009486420808700496,-0.0007235214091097103],[-0.027110573529147846,0.015979250835619886,-0.1878624717573946],[0.027583902886779785,-0.016927892916489932,0.18858599316650432]]
[[-0.0004696492761706473,0.0009381270229914525,-0.0007165531252849212],[-0.004302167691601509,-0.051479830730306576,-0.23921327382841054],[0.004771816967772157,0.05054170370731512,0.23992982695369544]]
[[-0.000466092333122972,0.0009279388715605323,-0.0007098719036139388],[0.04038772419921501,-0.15806412759731642,-0.2406080919608176],[-0.03992163186609204,0.15713618872575588,0.24131796386443152]]
[[-0.00046268208016240207,0.0009181423622815071,-0.0007034172395855515],[0.08491284446581866,-0.24096609174876457,-0.15170980803217052],[-0.08445016238565625,0.24004794938648305,0.15241322527175608]]
[[-0.00045939990324147726,0.0009087179339297541,-0.0006970678609935374],[0.09659193940733932,-0.2376946044315588,-0.03140840133939873],[-0.09613253950409785,0.23678588649762902,0.03210546920039226]]
[[-0.00045619597456476277,0.0008995679376555827,-0.0006907262362632734],[0.08126275013406802,-0.1817817913181254,0.04409357795357452],[-0.08080655415950326,0.18088222338046983,-0.043402851717311244]]
[[-0.0004530283165038218,0.0008905978705480251,-0.0006843630295609775],[0.06037671512371361,-0.12489628263961174,0.07216089724114834],[-0.05992368680720979,0.1240056847690637,-0.07147653421158735]]
[[-0.00044987537042395054,0.0008817521177623431,-0.0006779894076340326],[0.04336744500856902,-0.08347074528430803,0.07601740682284007],[-0.04291756963814507,0.0825889931665457,-0.07533941741520604]]
[[-0.00044672940936521174,0.0008730052411705441,-0.0006716272138157891],[0.03126718617377426,-0.05603361202208859,0.07088006749157288],[-0.030820456764409046,0.055160606780918046,-0.0702084402777571]]
[[-0.0004435893574669278,0.0008643478598149897,-0.000665296724699293],[0.022924275797845072,-0.03814057033736195,0.06336603626653459],[-0.022480686440378143,0.03727622247754696,-0.06270073954183529]]
[[-0.0004404568314421153,0.000855777972546638,-0.000659013794479881],[0.017142811975054358,-0.026321814270968216,0.05590686881098152],[-0.016702355143612242,0.025466036298421577,-0.05524785501650164]]
[[-0.00043733432819640283,0.0008472966397816272,-0.0006527900623888958],[0.013064647493674354,-0.018342698447676924,0.049258051280153724],[-0.01262731316547795,0.017495401807895297,-0.04860526121776483]]
[[-0.00043422445807822236,0.0008389059799794332,-0.0006466338248299257],[0.010125952450677133,-0.012827495617858564,0.04355733763213576],[-0.00969172799259891,0.01198858963787913,-0.042910703807305835]]
[[-0.0004311296443573052,0.0008306082737631388,-0.0006405508740627476],[0.007962704936621986,-0.008929088864075885,0.03873438639430023],[-0.00753157529226468,0.008098480590312747,-0.03809383552023748]]
[[-0.00042805202415615033,0.0008224055838640707,-0.0006345451579776771],[0.0063381677195597065,-0.006117191914922762,0.03466348891675611],[-0.005910115695403556,0.005294786331058691,-0.034028943758778435]]
[[-0.0004249934341075707,0.0008142996135724755,-0.0006286192681260968],[0.005095802425324492,-0.004052445209296385,0.031217780191025314],[-0.004670808991216921,0.003238145595723909,-0.030589160922899216]]
[[-0.00042195542960000217,0.0008062916742267812,-0.0006227747941163296],[0.004130034053343692,-0.0025125598242425034,0.028286160572664063],[-0.0037080786237436896,0.0017062681500157224,-0.027663385778547732]]
[[-0.00041893931530287106,0.0007983827008392058,-0.000617012580620448],[0.0033682018816397373,-0.0013485978629815913,0.02577646651108989],[-0.0029492625663368665,0.0005502151621423855,-0.025159453930469443]]
[[-0.0004159461774313256,0.0007905732870457617,-0.0006113329148788655],[0.0027593093272660846,-0.00045862567818657086,0.02361394229967896],[-0.002343363149834759,-0.00033194760885919074,-0.023002609384800095]]
[[-0.0004129769139052342,0.0007828637258187529,-0.0006057356647510995],[0.002266899591681441,0.00022850112152134308,0.02173845181978958],[-0.0018539226777762067,-0.001011364847340096,-0.021132716155038478]]
[[-0.0004100322610932667,0.0007752540497271725,-0.0006002203813969945],[0.0018644611475764968,0.0007633359524515489,0.020101677046324533],[-0.00145442888648323,-0.0015385900021787214,-0.019501456664927537]]
[[-0.0004071128169374465,0.0007677440680968208,-0.0005947863764367055],[0.0015324087621067946,0.0011823926763621885,0.01866469688721895],[-0.001125295945169348,-0.0019501367444590093,-0.018069910510782244]]
[[-0.00040421906070498557,0.0007603334001469722,-0.0005894327805023167],[0.0012560630836225815,0.0015124398975575333,0.017396017314647315],[-0.0008518440229175958,-0.0022727732977045056,-0.016806584534145]]
[[-0.00040135136976909413,0.0007530215039965283,-0.0005841585880723675],[0.0010242745973317233,0.001773369470417974,0.016270011819434816],[-0.0006229232275626293,-0.002526390974414502,-0.01568585323136245]]
[[-0.0003985100338441247,0.0007458077017970155,-0.0005789626920846073],[0.0008284708070960223,0.00198014663482849,0.015265701525992652],[-0.00042996077325189764,-0.0027259543366255053,-0.014686738833908045]]
[[-0.0003956952670699013,0.0007386912013904884,-0.0005738439108516466],[0.0006619861607268631,0.002144157640645848,0.014365804958563627],[-0.0002662908936569618,-0.0028828488420363364,-0.013791961047711982]]
[[-0.00039290721829093737,0.0007316711149223666,-0.0005688010091229778],[0.0005195839407812014,0.0022741552186875107,0.01355599769046379],[-0.000126676722490264,-0.003005826333609877,-0.012987196681340813]]
[[-0.0003901459798243967,0.0007247464748207956,-0.0005638327146539187],[0.0003971104874427137,0.0023769312769106217,0.012824333932943447],[-6.964507618316992e-6,-0.0031016777517314173,-0.012260501218289529]]
[[-0.00038741159496271754,0.0007179162475147543,-0.0005589377312960023],[0.0002912419590613116,0.0024578017819110935,0.012160792733673596],[0.00009616963590140595,-0.003175718029425848,-0.011601855002377594]]
[[-0.0003847040644150857,0.0007111793452175199,-0.0005541147493728104],[0.00019929667642031593,0.002520960503745532,0.011556920135161571],[0.00018540738799476973,-0.0032321398489630515,-0.011002805385788761]]
[[-0.0003820233518566984,0.0007045346360572365,-0.0005493624539219513],[0.0001190945355452902,0.002569739997405275,0.01100554544240258],[0.00026292881631140817,-0.0032742746334625114,-0.010456182988480629]]
[[-0.0003793693887255077,0.0006979809527952932,-0.0005446795312484668],[0.0000488506010077938,0.002606806163168676,0.01050055496066312],[0.0003305187877177139,-0.0033047871159639693,-0.009955875429414653]]
[[-0.0003767420783820505,0.0006915171003370782,-0.0005400646741339257],[-0.000012906203945677066,0.002634304704861968,0.010036710517089924],[0.00038964828232772753,-0.003325821805199046,-0.009496645842955998]]
[[-0.00037414129972825196,0.0006851418622085304,-0.0005355165859694342],[-0.00006739578829913178,0.0026539723811518597,0.009609503064828422],[0.00044153708802738376,-0.00333911424336039,-0.009073986478858988]]
[[-0.0003715669103649509,0.0006788540061453967,-0.0005310339840230529],[-0.00011563563608462459,0.0026672222309508825,0.009215033920973352],[0.00048720254644957553,-0.003346076237096279,-0.0086839999369503]]
[[-0.0003690187493546913,0.0006726522889197036,-0.000526615602007929],[-0.00015847900427851957,0.0026752093799422695,0.008849917892392995],[0.0005274977536332109,-0.0033478616688619733,-0.008323302290385066]]
[[-0.0003664966396454973,0.0006665354605090983,-0.0005222601920833582],[-0.00019664507972903214,0.002678882230852407,0.008511203834458482],[0.0005631417193745294,-0.003345417691361505,-0.007988943642375124]]
[[-0.00036400039020245624,0.0006605022676988696,-0.0005179665263945132],[-0.00023074295457341075,0.0026790225616551066,0.008196309170420695],[0.0005947433447758669,-0.003339524829353976,-0.007678342644026182]]
[[-0.0003615297978866108,0.0006545514571931594,-0.0005137333982358542],[-0.0002612908131112522,0.0026762771408984547,0.007902965650625628],[0.000622820610997863,-0.003330828598091614,-0.007389232252389774]]
[[-0.00035908464911459396,0.0006486817783006856,-0.0005095596229069202],[-0.0002887313822940324,0.002671182808207188,0.007629174208174967],[0.0006478160314086264,-0.0033198645865078736,-0.0071196145852680465]]
[[-0.00035666472132742463,0.0006428919852508765,-0.0005054440383162706],[-0.0003134444468032567,0.002664186485981777,0.007373167213578647],[0.0006701091681306814,-0.0033070784712326538,-0.006867723175262376]]
[[-0.00035426978429269344,0.0006371808391883904,-0.0005013855053790551],[-0.00033575704300176275,0.0026556612338623354,0.007133376777120723],[0.0006900268272944561,-0.003292842073050726,-0.0066319912717416685]]
[[-0.00035189960126087456,0.0006315471098872713,-0.0004973829082454294],[-0.0003559518061887147,0.0026459191947742597,0.006908408017775818],[0.0007078514074495893,-0.003277466304661531,-0.006411025109530388]]
[[-0.00034955392999356957,0.0006259895772203143,-0.0004934351543903934],[-0.0003742738400271478,0.002635222085103116,0.006697016429359096],[0.0007238277700207173,-0.0032612116623234304,-0.006203581274968703]]
[[-0.00034723252367902413,0.0006205070324143868,-0.0004895411745902541],[-0.0003909363967635002,0.0026237897338694527,0.006498088641576192],[0.0007381689204425243,-0.003244296766283839,-0.006008547466985938]]
[[-0.00034493513174817323,0.0006150982791183363,-0.0004856999228065349],[-0.00040612559543415046,0.002611807063890358,0.006310626005910214],[0.0007510607271823237,-0.0032269053430086948,-0.0058249260831036796]]
[[-0.000342661500602711,0.0006097621343066159,-0.0004819103759946009],[-0.0004200043579327508,0.002599429822590853,0.006133730541562484],[0.0007626658585354617,-0.003209191956897469,-0.005651820165567882]]
[[-0.0003404113742651763,0.0006044974290387485,-0.0004781715338513311],[-0.000432715706129789,0.002586789304651919,0.005966592860852703],[0.0007731270803949653,-0.0031912867336906675,-0.005488421327001372]]
[[-0.00033818449495976995,0.0005993030090921821,-0.0004744824185137732],[-0.0004443855346316746,0.002573996258136588,0.005808481761114799],[0.0007825700295914445,-0.0031732992672287696,-0.0053339993426010255]]
[[-0.00033598060363152,0.0005941777354838653,-0.0004708420742187267],[-0.0004551249513358649,0.0025611441264944703,0.0056587352246941095],[0.0007911055549673848,-0.0031553218619783355,-0.005187893150475383]]
[[-0.00033379944041047634,0.0005891204848939713,-0.00046724956693155876],[-0.0004650322602535077,0.002548311748214692,0.005516752612870934],[0.000798831700663984,-0.0031374322331086633,-0.005049503045939376]]
[[-0.00033164074502680204,0.0005841301500035349,-0.00046370398395118576],[-0.0004741946470554459,0.002535565611864062,0.005381987875516665],[0.0008058353920822479,-0.003119695761867597,-0.004918283891565478]]
[[-0.0003295042571819332,0.0005792056397563501,-0.0004602044334970223],[-0.00048268961663498945,0.0025229617452971727,0.005253943627684546],[0.0008121938738169226,-0.0031021673850535228,-0.004793739194187524]]
[[-0.00032738971688037384,0.000574345879554225,-0.00045675004428274535],[-0.0004905862230484666,0.002510547302811831,0.005132165968445905],[0.0008179759399288405,-0.0030848931823660563,-0.00467541592416316]]
[[-0.0003252968647261624,0.000569549811393612,-0.0004533399650809233],[-0.0004979461250140267,0.002498361902075309,0.005016239937130301],[0.0008232429897401891,-0.0030679117134689215,-0.004562899972049377]]
[[-0.0003232254421875969,0.0005648163939506878,-0.000449973364281897],[-0.0005048244943519212,0.0024864387530967114,0.004905785518526762],[0.000828049936539518,-0.0030512551470473995,-0.004455812154244865]]
[[-0.0003211751918333991,0.0005601446026211399,-0.0004466494294497335],[-0.0005112708000489923,0.002474805613855635,0.004800454122200377],[0.0008324459918823913,-0.0030349502164767747,-0.0043538046927506435]]
[[-0.0003191458575431545,0.0005555334295201877,-0.000443367366877604],[-0.0005173294868040183,0.002463485601020414,0.004699925472391184],[0.0008364753443471727,-0.0030190190305406017,-0.00425655810551358]]
[[-0.00031713718469455197,0.0005509818834477351,-0.00044012640114453376],[-0.0005230405637835111,0.002452497879192519,0.004603904854405105],[0.0008401777484780631,-0.0030034797626402538,-0.0041637784532605705]]
[[-0.0003151489203296869,0.0005464889898230036,-0.0004369257746751409],[-0.0005284401167527732,0.0024418582480568453,0.004512120671314305],[0.00084358903708246,-0.002988347237879849,-0.004075194896639164]]
[[-0.00031318081330244517,0.0005420537905924958,-0.0004337647473036895],[-0.0005335607546356292,0.00243157964351218,0.004424322271426554],[0.0008467415679380744,-0.0029736334341046756,-0.003990557524122864]]
[[-0.00031123261440878323,0.0005376753441147137,-0.00043064259584354634],[-0.0005384319998119356,0.002421672566153642,0.004340278012579191],[0.0008496646142207189,-0.0029593479102683552,-0.003909635416735645]]
[[-0.00030930407650152716,0.0005333527250246733,-0.0004275586136629212],[-0.0005430806300164033,0.002412145448262397,0.004259773534041948],[0.0008523847065179305,-0.00294549817328707,-0.0038322149203790274]]
[[-0.0003073949545911598,0.0005290850240809257,-0.00042451211026760276],[-0.0005475309785001195,0.002403004968633946,0.004182610210819203],[0.0008549259330912794,-0.0029320899927148714,-0.0037580981005516]]
[[-0.0003055050059339056,0.0005248713479974827,-0.00042150241089124874],[-0.0005518051981134921,0.002394256323071191,0.0041086037685466315],[0.0008573102040473978,-0.0029191276710686734,-0.0036871013576553822]]
[[-0.00030363399010830837,0.0005207108192628009,-0.00041852885609367044],[-0.0005559234941304819,0.002385903457122458,0.004037583040076998],[0.0008595574842387903,-0.002906614276385259,-0.0036190541839833277]]
[[-0.0003017816690813665,0.0005166025759477257,-0.00041559080136744216],[-0.0005599043299301422,0.0023779492666105417,0.003969388847326607],[0.0008616859990115088,-0.0028945518425582675,-0.0035537980459591652]]
[[-0.00029994780726520055,0.0005125457715040971,-0.00041268761675307907],[-0.0005637646090592463,0.0023703957706381635,0.0039038729940746347],[0.0008637124163244468,-0.0028829415421422607,-0.003491185377321556]]
[[-0.0002981321715651258,0.0005085395745555318,-0.00040981868646294893],[-0.0005675198367001424,0.0023632442610369655,0.0038408973572274423],[0.0008656520082652682,-0.0028717838355924973,-0.003431078670764493]]
[[-0.000296334531419926,0.0005045831686817274,-0.0004069834085140214],[-0.0005711842631453037,0.0023564954316263992,0.0037803330656258046],[0.0008675187945652296,-0.0028610786003081265,-0.003373349657111783]]
[[-0.0002945546588350472,0.0005006757521974959,-0.0004041811943695056],[-0.0005747710115215398,0.0023501494901450133,0.0037220597568229504],[0.0008693256703565869,-0.0028508252423425093,-0.0033178785624534447]]
[[-0.00029279232840936497,0.0004968165379275873,-0.00040141146858937635],[-0.0005782921917021575,0.0023442062552932624,0.0036659649034279586],[0.0008710845201115225,-0.0028410227932208496,-0.003264553434838582]]
[[-0.0002910473173561204,0.0004930047529782618,-0.00039867366848975893],[-0.0005817590020856091,0.0023386652409701464,0.003611943201619277],[0.0008728063194417295,-0.002831669993948408,-0.0032132695331295183]]
[[-0.0002893194055185613,0.0004892396385064537,-0.0003959672438111042],[-0.0005851818206973522,0.0023335257294849715,0.0035598960153099143],[0.0008745012262159135,-0.002822765367991425,-0.00316392877149881]]
[[-0.0002876083753807836,0.0004855204494872797,-0.00039329165639506334],[-0.0005885702868817542,0.0023287868352707226,0.003509730870208184],[0.0008761786622625378,-0.0028143072847580026,-0.0031164392138131208]]
[[-0.0002859140120742165,0.00048184645448055776,-0.00039064637986994754],[-0.0005919333746879879,0.0023244475604096843,0.0034613609926821636],[0.0008778473867622043,-0.0028062940148902422,-0.0030707146128122163]]
[[-0.00028423610338016206,0.0004782169353969339,-0.00038803089934464393],[-0.0005952794589137394,0.0023205068430985644,0.0034147048889158317],[0.0008795155622939015,-0.0027987237784954985,-0.003026673989571188]]
[[-0.00028257443972875857,0.0004746311872641343,-0.00038544471111083946],[-0.0005986163746499768,0.0023169636000244602,0.003369685960352057],[0.0008811908143787354,-0.0027915947872885947,-0.0029842412492412174]]
[[-0.00028092881419470857,0.0004710885179938118,-0.00038288732235339744],[-0.0006019514710658706,0.0023138167634900323,0.003326232151861872],[0.0008828802852605792,-0.002784905281483844,-0.0029433448295084746]]
[[-0.0002792990224900793,0.00046758824814939335,-0.0003803582508687204],[-0.0006052916600828604,0.0023110653140128953,0.003284275629469589],[0.0008845906825729397,-0.0027786535621622884,-0.0029039173786008688]]
[[-0.0002776848629544601,0.00046412971071528857,-0.00037785702479092625],[-0.0006086434605089382,0.0023087083090271797,0.0032437524848061144],[0.0008863283234633983,-0.0027728380197424686,-0.0028658954600151885]]
[[-0.0002760861365427345,0.000460712250867778,-0.0003753831823256612],[-0.0006120130381364608,0.0023067449082322675,0.0032046024637649266],[0.0008880991746791953,-0.0027674571591000453,-0.002829219281439265]]
[[-0.00027450264681070323,0.000457335225747854,-0.0003729362714913667],[-0.0006154062422479883,0.0023051743960625496,0.003166768717101575],[0.0008899088890586915,-0.0027625096218104037,-0.002793832445610208]]
[[-0.00027293419989877333,0.0004539980042362571,-0.00037051584986781764],[-0.0006188286389234095,0.0023039962016909786,0.003130197570952949],[0.0008917628388221829,-0.002757994205927236,-0.002759681721085131]]
[[-0.0002713806045139142,0.0004506999667309194,-0.00036812148435174784],[-0.0006222855414969399,0.0023032099169267733,0.0030948383154609073],[0.0008936661460108541,-0.0027539098836576927,-0.0027267168311091595]]
[[-0.00026984167191005775,0.0004474405049269915,-0.00036575275091937833],[-0.0006257820384736001,0.0023028153123225404,0.00306064300986947],[0.0008956237103836578,-0.002750255817249532,-0.0026948902589500915]]
[[-0.0002683172158671095,0.0004442190215996096,-0.0003634092343956626],[-0.0006293230191806582,0.0023028123517672937,0.003027566302628626],[0.0008976402350477678,-0.0027470313733669034,-0.002664157068232963]]
[[-0.00026680705266872505,0.0004410349303895371,-0.00036109052823006955],[-0.0006329131973996906,0.0023032012058084527,0.002995565265183472],[0.0008997202500684156,-0.0027442361361979897,-0.0026344747369534023]]
[[-0.0002653110010789858,0.00043788765559178597,-0.0003587962342787203],[-0.0006365571331987486,0.0023039822639172184,0.0029645992382570365],[0.0009018681342777344,-0.002741869919509004,-0.0026058030039783162]]
[[-0.00026382888231810505,0.00043477663194731577,-0.0003565259625927031],[-0.0006402592531611857,0.0023051561458869254,0.0029346296895506234],[0.0009040881354792907,-0.002739932777834241,-0.00257810372695792]]
[[-0.00026236052003727925,0.0004317013044378824,-0.0003542793312123887],[-0.0006440238691875598,0.002306723712532763,0.0029056200818887105],[0.000906384389224839,-0.0027384250169706454,-0.002551340750676322]]
[[-0.00026090574029279156,0.0004286611280840996,-0.0003520559659675763],[-0.0006478551960293297,0.002308686075842922,0.0028775357509274496],[0.0009087609363221213,-0.0027373472039270218,-0.0025254797849598733]]
[[-0.00025946437151946335,0.0004256555677467568,-0.0003498555002832975],[-0.0006517573676975536,0.0023110446087155657,0.002850343791628317],[0.0009112217392170168,-0.0027367001764623225,-0.0025004882913450197]]
[[-0.000258036244503547,0.00042268409793143254,-0.00034767757499111604],[-0.0006557344528760732,0.002313800954402586,0.0028240129527722342],[0.0009137706973796201,-0.0027364850523340185,-0.002476335377781118]]
[[-0.0002566211923551373,0.00041974620259642393,-0.00034552183814575885],[-0.0006597904694567484,0.0023169570357696664,0.0027985135388556973],[0.0009164116618118857,-0.0027367032383660904,-0.0024529917007099383]]
[[-0.00025521905048017906,0.00041684137496401084,-0.00034338794484692196],[-0.0006639293983037004,0.0023205150644723905,0.002773817318769806],[0.0009191484487838795,-0.0027373564394364016,-0.002430429373922884]]
[[-0.00025382965655213846,0.00041396911733505517,-0.0003412755570660947],[-0.0006681551963443121,0.00232447755014,0.0027498974407165646],[0.0009219848528964507,-0.0027384466674750555,-0.0024086218836504697]]
[[-0.0002524528504833997,0.0004111289409069387,-0.0003391843434782539],[-0.000672471809076613,0.002328847309651454,0.002726728352864706],[0.0009249246595600128,-0.0027399762505583925,-0.0023875440093864522]]
[[-0.0002510884743964463,0.00040832036559482904,-0.0003371139792982812],[-0.0006768831825756068,0.002333627476582811,0.002704285729290653],[0.000927971656972053,-0.00274194784217764,-0.0023671717499923715]]
[[-0.0002497363725948767,0.00040554291985625817,-0.0003350641461219586],[-0.0006813932750749185,0.0023388215109002987,0.002682546400789002],[0.0009311296476697952,-0.0027443644307565567,-0.0023474822546670432]]
[[-0.0002483963915343024,0.0004027961405189942,-0.00033303453177140605],[-0.0006860060681948098,0.002344433208969771,0.002661488290172178],[0.0009344024597291122,-0.002747229349488765,-0.002328453758400772]]
[[-0.0002470683797931735,0.00040007957261218186,-0.0003310248301448257],[-0.0006907255778829487,0.00235046671395044,0.002641090351710422],[0.0009377939576761222,-0.0027505462865626217,-0.0023100655215655963]]
[[-0.00024575218804356804,0.0003973927692007228,-0.00032903474107042033],[-0.0006955558651304161,0.0023569265266387396,0.0026213325143919475],[0.0009413080531739842,-0.0027543192958394626,-0.0022922977733215275]]
[[-0.0002444476690219837,0.0003947352912228621,-0.000327063970164361],[-0.0007005010465220487,0.002363817516826857,0.0026021956287088353],[0.0009449487155440324,-0.002758552808049719,-0.0022751316585444743]]
[[-0.00024315467750016256,0.0003921067073309455,-0.00032511222869267863],[-0.0007055653046774264,0.002371144935239873,0.0025836614166975867],[0.0009487199821775889,-0.0027632516425708186,-0.0022585491880049084]]
[[-0.00024187307025597886,0.00038950659373530926,-0.00032317923343696013],[-0.0007107528986365615,0.0023789144261153745,0.0025657124249842084],[0.0009526259688925403,-0.0027684210198506837,-0.0022425331915472482]]
[[-0.00024060270604441694,0.0003869345340512602,-0.0003212647065637347],[-0.0007160681742424906,0.002387132040490076,0.002548331980602766],[0.0009566708802869076,-0.002774066574541336,-0.0022270672740390316]]
[[-0.000239343445568662,0.0003843901191491033,-0.000319368375497434],[-0.0007215155745716323,0.0023958042502590757,0.0025315041493734125],[0.0009608590201402943,-0.002780194369408179,-0.0022121357738759785]]
[[-0.00023809515145132616,0.00038187294700717115,-0.0003174899727968211],[-0.0007270996504618297,0.002404937963075184,0.002515213696641376],[0.0009651948019131558,-0.002786810910082355,-0.0021977237238445554]]
[[-0.0002368576882058295,0.00037938262256780964,-0.00031562923603477966],[-0.0007328250711874399,0.0024145405381579632,0.002499446050192257],[0.0009696827593932694,-0.0027939231607257728,-0.0021838168141574774]]
[[-0.0002356309222079519,0.00037691875759626975,-0.00031378590768136124],[-0.0007386966353306789,0.0024246198030850163,0.002484187265171472],[0.0009743275575386307,-0.0028015385606812862,-0.002170401357490111]]
[[-0.00023441472166757277,0.00037448097054245945,-0.0003119597349899933],[-0.0007447192818986457,0.0024351840716414453,0.0024694239908468986],[0.0009791340035662185,-0.002809665042183905,-0.0021574642558569055]]
[[-0.0002332089566006105,0.00037206888640550155,-0.00031015046988674825],[-0.0007508981017360501,0.0024462421628073487,0.0024551434390637085],[0.0009841070583366605,-0.0028183110492128504,-0.00214499296917696]]
[[-0.00023201349880117554,0.00036968213660105125,-0.00030835786886258446],[-0.0007572383492846187,0.0024578034209678146,0.0024413333542492805],[0.0009892518480857943,-0.0028274855575688655,-0.002132975485386696]]
[[-0.00023082822181394517,0.0003673203588313189,-0.0003065816928684654],[-0.0007637454547414662,0.0024698777374350593,0.0024279819848339363],[0.0009945736765554114,-0.0028371980962663785,-0.0021214002919654707]]
[[-0.0002296530009067712,0.00036498319695774697,-0.00030482170721327204],[-0.0007704250366704887,0.0024824755733781345,0.0024150780559600285],[0.0010000780375772598,-0.0028474587703358816,-0.0021102563487467568]]
[[-0.00022848771304352742,0.0003626703008762909,-0.00030307768146442294],[-0.0007772829151228817,0.00249560798426224,0.0024026107433579415],[0.001005770628166409,-0.0028582782851385305,-0.0020995330618935187]]
[[-0.00022733223685720189,0.00036038132639524894,-0.0003013493893511197],[-0.0007843251253254213,0.002509286645906866,0.0023905696482725267],[0.001011657362182623,-0.002869667972302115,-0.002089220258921407]]
[[-0.00022618645262324245,0.0003581159351155917,-0.0002996366086701407],[-0.0007915579319980798,0.002523523882280075,0.002378944773327774],[0.0010177443846213223,-0.002881639817395667,-0.0020793081646576328]]
[[-0.00022505024223315695,0.00035587379431373635,-0.00029793912119410276],[-0.0007989878443659451,0.002538332695155147,0.002367726499220824],[0.0010240380865991021,-0.0028942064894688833,-0.002069787378026721]]
[[-0.00022392348916837242,0.0003536545768267154,-0.00029625671258212065],[-0.0008066216319342613,0.0025537267957656397,0.0023569055621390886],[0.0010305451211026337,-0.002907381372592355,-0.002060648849556968]]
[[-0.00022280607847435625,0.0003514579609396868,-0.00029458917229278935],[-0.000814466341099793,0.002569720638605799,0.0023464730317959404],[0.0010372724195741492,-0.002921178599545486,-0.002051883859503151]]
[[-0.000221697896735,0.00034928363027573496,-0.00029293629349942164],[-0.0008225293126766488,0.002586329457535164,0.002336420289981418],[0.0010442272094116488,-0.002935613087810899,-0.0020434839964819963]]
[[-0.00022059883204726677,0.0003471312736879083,-0.0002912978730074718],[-0.0008308182004202456,0.0026035693043594326,0.0023267390095245634],[0.0010514170324675124,-0.002950700578047341,-0.0020354411365170917]]
[[-0.00021950877399610233,0.00034500058515344586,-0.0002896737111740833],[-0.000839340990639254,0.002621457090074129,0.002317421133563275],[0.0010588497646353563,-0.002966457675227575,-0.0020277474223891916]]
[[-0.00021842761362960832,0.00034289126367013776,-0.0002880636118296931],[-0.0008481060229922732,0.002640010628973609,0.0023084588550160118],[0.0010665336366218814,-0.0029829018926437467,-0.0020203952431863187]]
