[[-0.5298459603808414,-0.0773888250308061,0.11197042813085475],[0.6326566337421335,0.12772347823201052,-0.22504050788061986],[-0.10281067336129214,-0.050334653201204435,0.11307007974976509]]
[[-0.4812758337407136,-0.1510737707692607,0.17112174466528982],[0.5808426312947558,0.18974651010822088,-0.2798086708301183],[-0.09956679755404219,-0.038672739338960184,0.10868692616482846]]
[[-0.42466041320407233,-0.21834763390771408,0.2261801891975419],[0.5200421702996678,0.2465103828533159,-0.32855757220167],[-0.09538175709559546,-0.028162748945601803,0.10237738300412808]]
[[-0.36095064936004007,-0.27790769886238464,0.2759744031161526],[0.4511060160779258,0.29738344745233947,-0.37096382620600293],[-0.0901553667178857,-0.019475748589954822,0.09498942308985031]]
[[-0.290707711682492,-0.3291732215610096,0.31938009041860077],[0.3749470388925713,0.3420152989189019,-0.4068831315133158],[-0.08423932721007935,-0.012842077357892315,0.08750304109471503]]
[[-0.21406164371148312,-0.37224481156616146,0.3556556642135226],[0.2922054117117811,0.38030820771949997,-0.4363168979487579],[-0.07814376800029801,-0.008063396153338506,0.08066123373523529]]
[[-0.1307117136186418,-0.4075171333235833,0.3843891067118366],[0.20301525699784323,0.41223269455481903,-0.45923516732772673],[-0.07230354337920142,-0.004715561231235731,0.07484606061589008]]
[[-0.03995194518004974,-0.43522371133102034,0.40519263541612527],[0.10694017518011528,0.43756732734804815,-0.4753356253982232],[-0.06698823000006553,-0.002343616017027773,0.07014298998209798]]
[[0.05924432326946723,-0.455050956815136,0.417326868306262],[0.0030702838058429965,0.4556169938805052,-0.48378864676090794],[-0.062314607075310224,-0.0005660370653691764,0.06646177845464597]]
[[0.16802331913188695,-0.4658220105440032,0.4193480600906439],[-0.10972790392964762,0.4649242841073041,-0.48298257248961285],[-0.058295415202239326,0.0008977264366991202,0.06363451239896892]]
[[0.2872555990289833,-0.465211448926342,0.408802741063948],[-0.23237033796303824,0.4629741000464749,-0.4702753017220611],[-0.054885261065945046,0.0022373488798670665,0.061472560658113164]]
[[0.4168344773525656,-0.4494897399243198,0.3819988314406296],[-0.3648228934351719,0.4459182935843761,-0.4417909227808136],[-0.05201158391739376,0.003571446339943664,0.059792091340184]]
[[0.5545273825758351,-0.4133933216230013,0.333962605264215],[-0.5049356860236579,0.4084289544821876,-0.3923850287815773],[-0.04959169655217721,0.0049643671408137555,0.05842242351736232]]
[[0.6942897072432926,-0.3503797554802345,0.2588422807138555],[-0.6467492274458606,0.34394312081342615,-0.316050516020211],[-0.04754047979743209,0.006436634666808305,0.05720823530635551]]
[[0.8242292026649045,-0.25374261559334255,0.15120440431644588],[-0.778456026257311,0.24577223902276943,-0.20721721362368162],[-0.04577317640759357,0.00797037657057311,0.05601280930723571]]
[[0.9251126987720779,-0.11917505676256564,0.008714000588742185],[-0.8809058118551332,0.1096615325222012,-0.06344035521086225],[-0.044206886916944736,0.009513524240364443,0.05472635462212007]]
[[0.9713996930430215,0.051048560840397196,-0.16383251093643364],[-0.9286361344046983,-0.062036461911595876,0.11055263334998197],[-0.042763558638323304,0.01098790107119868,0.05327987758645166]]
[[0.9373170701012966,0.24361920311657595,-0.35070355277768944],[-0.8959410558440445,-0.25592483453401516,0.2990435070285696],[-0.04137601425725214,0.01230563141743917,0.05166004574911989]]
[[0.8083049982383514,0.433048380592613,-0.5252331981403717],[-0.7683087911274532,-0.4464421626472969,0.47531774157684026],[-0.039996207110898234,0.013393782054683879,0.049915456563531455]]
[[0.5924105103486714,0.5876354055246519,-0.656852051656369],[-0.5538085694959539,-0.6018548335040903,0.6087073815106003],[-0.038601940852717606,0.01421942797943845,0.04814467014576858]]
[[0.32204144042923977,0.6815141870187914,-0.7231766087404825],[-0.28484414863789526,-0.6963166630647093,0.6767112132041768],[-0.03719729179134453,0.014802476045917874,0.046465395536305604]]
[[0.04201342398347095,0.7050640663117477,-0.7191205094927731],[-0.006208288238530094,-0.7202726300955731,0.6741432125103126],[-0.03580513574494086,0.015208563783825456,0.04497729698246044]]
[[-0.20810337685614613,0.6662344673092714,-0.6564502963735039],[0.2425587647613469,-0.6817610283407797,0.6127148431158191],[-0.034455387905200786,0.015526561031508308,0.04373545325768473]]
[[-0.4052261392132235,0.583436791563326,-0.5556334567133777],[0.4384008739073844,-0.5992797825993952,0.5128904328198819],[-0.03317473469416093,0.015842991036069218,0.04274302389349578]]
[[-0.5433562740391426,0.4766443921569324,-0.4369704138901934],[0.575337499917196,-0.4928675985251683,0.39501050447411196],[-0.031981225878053375,0.01622320636823589,0.041959909416081465]]
[[-0.6278087086525865,0.3618151789482175,-0.3156486559533563],[0.6586921411593881,-0.378517321833914,0.27432942020692846],[-0.0308834325068016,0.01670214288569647,0.041319235746427804]]
[[-0.668761406154127,0.24933005969277028,-0.20084229412984417],[0.6986434928731468,-0.2666131365065371,0.16009711118670406],[-0.02988208671901968,0.017283076813766847,0.04074518294314011]]
[[-0.676905106814576,0.14478392269573617,-0.09693583003595375],[0.7058774468089271,-0.1627260593500849,0.05676706280293898],[-0.028972339994350987,0.017942136654348736,0.04016876723301478]]
[[-0.6613675886890347,0.05047898693666225,-0.0052205334567846495],[0.6895133106304797,-0.06911590104414174,-0.03431923543297855],[-0.02814572194144509,0.018636914107479495,0.039539768889763204]]
[[-0.6291177465388154,-0.033236754165583124,0.07470918197771152],[0.6565093812476922,0.013919210108304669,-0.11354261516404604],[-0.027391634708876893,0.019317544057278452,0.03883343318633452]]
[[-0.5850817641659143,-0.10702819878439669,0.14402669377488841],[0.6117802992495535,0.08709016544937463,-0.18207785178709326],[-0.026698535083639147,0.01993803333502205,0.03805115801220485]]
[[-0.5324993467046337,-0.17199018608960887,0.20412900729556688],[0.5585542935156482,0.15152487971597575,-0.24134466555612297],[-0.026054946811014498,0.02046530637363312,0.03721565826055607]]
[[-0.47329571407251175,-0.22931090212018335,0.25634473265924035],[0.49874602700569726,0.2084268227487047,-0.2927072870379368],[-0.02545031293318548,0.020884079371478653,0.03636255437869645]]
[[-0.4083885937723536,-0.2800803001285778,0.301783795375408],[0.43326420047251923,0.25888318747057554,-0.33731489055319747],[-0.024875606700165642,0.021197112658002278,0.03553109517778951]]
[[-0.33791709952786597,-0.32517216202834054,0.341253555856904],[0.3622407317884212,0.3037503178602975,-0.3760099441161166],[-0.024323632260555235,0.02142184416804302,0.03475638825921264]]
[[-0.2614065335103503,-0.36515375780630466,0.37519400483483434],[0.28519556189465217,0.34356858858613215,-0.40925841188745415],[-0.02378902838430187,0.021585169220172496,0.03406440705261978]]
[[-0.17789365012354005,-0.4001928341321536,0.4036025334944035],[0.20116171963678472,0.3784747896951132,-0.43707238898021317],[-0.023268069513244678,0.02171804443704039,0.03346985548580965]]
[[-0.08604425047798915,-0.4299399005702257,0.42592892906405955],[0.10880264320918318,0.40808892111969886,-0.45890513793074644],[-0.022758392731194014,0.021850979450526824,0.03297620886668691]]
[[0.015693260051554282,-0.45336864702288043,0.44092805412317015],[0.006565503467284245,0.4313578655456563,-0.473505085254309],[-0.022258763518838525,0.022010781477224142,0.032577031131138856]]
[[0.12883378650989782,-0.46856446261383145,0.4464671502412211],[-0.10706483822664684,0.4463460420944946,-0.47872498690207715],[-0.02176894828325098,0.022218420519336885,0.03225783666085604]]
[[0.25440438140224775,-0.4724693209794408,0.43930621685853666],[-0.23311467322140886,0.4499816570369144,-0.4713043129211068],[-0.02128970818083887,0.022487663942526374,0.03199809606257016]]
[[0.3921626196797846,-0.46063586743025225,0.41491846981700653],[-0.3713397445114524,0.4378117243533986,-0.4466917875459224],[-0.0208228751683322,0.022824143076853667,0.03177331772891592]]
[[0.53933858734289,-0.4271367827023156,0.3675136985179307],[-0.5189671713702743,0.40391209246236515,-0.39907108502170263],[-0.020371415972615714,0.023224690239950392,0.03155738650377192]]
[[0.6888462461730956,-0.3649358414961754,0.29058176164429084],[-0.6689069144672446,0.3412587714580292,-0.32190721768363423],[-0.019939331705851132,0.023677070038146213,0.031325456039343384]]
[[0.8272612431047612,-0.2672214151242566,0.178438219760719],[-0.8077300477270319,0.24306084192601785,-0.20949582133326713],[-0.019531195377729217,0.024160573198238763,0.03105760157254816]]
[[0.9336403053364785,-0.13023765900461712,0.029216199705148785],[-0.914489159991876,0.10558943311432648,-0.05995924037825693],[-0.0191511453446025,0.024648225890290636,0.030743040673108145]]
[[0.9812991743831739,0.042432157574366504,-0.15094033082004876],[-0.9624978610702822,-0.06754348149862469,0.12055636157330349],[-0.018801313312891664,0.025111323924258185,0.030383969246745277]]
[[0.9448273066581578,0.23581363809039793,-0.34440913633425363],[-0.9263472751140764,-0.26133988412073467,0.3144119628352714],[-0.01848003154408138,0.025526246030336718,0.029997173498982215]]
[[0.8118532035481425,0.42338721756112113,-0.523034949008036],[-0.7936725764967921,-0.44926912847729233,0.4934236210757682],[-0.018180627051350453,0.0258819109161712,0.029611327932267846]]
[[0.5933621359756388,0.5739835047557803,-0.6561140668678885],[-0.5754703563764554,-0.6001681297695076,0.6268548017893544],[-0.017891779599183363,0.026184625013727363,0.029259265078534193]]
[[0.3235359583430457,0.6636716935371302,-0.7224784675869768],[-0.30593609381358156,-0.6901288610504394,0.6935110217788835],[-0.017599864529464174,0.026457167513309114,0.028967445808093205]]
[[0.04681343729575583,0.6848787521832315,-0.718562741276646],[-0.02952085843663007,-0.711610454579384,0.6898154884420215],[-0.017292578859125756,0.026731702396152482,0.028747252834624554]]
[[-0.19901249144895639,0.6465192985138412,-0.6569501803696655],[0.21597484389857735,-0.6735589723439628,0.6283580893249714],[-0.016962352449620965,0.027039673830121607,0.02859209104469406]]
[[-0.3926274685003579,0.5667346968857268,-0.5580610807852194],[0.4092357180009325,-0.5941378596430565,0.5295801349869855],[-0.016608249500574563,0.027403162757329784,0.028480945798233882]]
[[-0.5290087644358914,0.4645872427055919,-0.4417198600781097],[0.5452446967401374,-0.49241781170674415,0.41333391447344925],[-0.016235932304246047,0.027830569001152255,0.028385945604660495]]
[[-0.6136706567185987,0.355083209208549,-0.32263485125584257],[0.6295266793083452,-0.3834001444525361,0.2943542839578266],[-0.015856022589746575,0.02831693524398709,0.028280567298015986]]
[[-0.6565512870571619,0.24788703997498746,-0.20966946746061135],[0.6720328241267629,-0.2767346297510626,0.18152349883208227],[-0.01548153706960099,0.028847589776075162,0.02814596862852909]]
[[-0.6679506839017151,0.14813466660731478,-0.10705655695885731],[0.6830757994280882,-0.177537988049441,0.07908228581649898],[-0.015125115526373092,0.029403321442126193,0.02797427114235833]]
[[-0.6566016675960692,0.05785523468533275,-0.016029674595091106],[0.6713983237379161,-0.08782074056819043,-0.01173906365323404],[-0.014796656141846963,0.029965505882857686,0.027768738248325146]]
[[-0.6291203266813225,-0.02276191111012613,0.06383532001118497],[0.643622100471788,-0.0077581629037601595,-0.09137686070801317],[-0.014501773790465525,0.03052007401388629,0.027541540696828192]]
[[-0.5901237273676385,-0.09447021078592623,0.13372024026580068],[0.6043649622778294,0.06341043823544043,-0.1610304104689298],[-0.014241234910190831,0.031059772550485792,0.027310170203129112]]
[[-0.5425752566372999,-0.15840443273146318,0.19502894115937336],[0.5565865250978971,0.12681973805990918,-0.22212251384540077],[-0.014011268460597118,0.031584694671554,0.027093572686027394]]
[[-0.4881455328519273,-0.21575367487063649,0.24909215957494718],[0.5019500180739288,0.18365223247910126,-0.2760009696864553],[-0.013804485222001499,0.03210144239153525,0.02690881011150815]]
[[-0.42751022402543176,-0.2675750860514922,0.2970090682103984],[0.4411213171563124,0.2349536314899751,-0.3237777436029354],[-0.013611093130880705,0.03262145456151713,0.026768675392536995]]
[[-0.36057073792737004,-0.31467951422818874,0.33955356894981015],[0.3739908918007739,0.2815205030099537,-0.3662339017034949],[-0.01342015387340386,0.03315901121823508,0.026680332753684758]]
[[-0.286611377418246,-0.3575420683085873,0.3770984552388515],[0.29983211042600744,0.3238127857128566,-0.40374328648590385],[-0.013220733007761418,0.03372928259573072,0.026644831247052376]]
[[-0.2044189554519992,-0.39620480396108493,0.40952646171483975],[0.21742185641840228,0.3618581859623251,-0.43618372223965446],[-0.013002900966403075,0.03434661799875983,0.026657260524814687]]
[[-0.11240083210734342,-0.4301469366089489,0.4361066348117098],[0.12515944547769187,0.3951238066979371,-0.4628139875062544],[-0.012758613370348436,0.0350231299110118,0.026707352694544606]]
[[-0.008752613432164564,-0.4581039330904481,0.45532205003778903],[0.021235137342560204,0.4223363811285066,-0.4821024820327636],[-0.01248252391039564,0.03576755196194152,0.026780431994974582]]
[[0.10824767230500372,-0.4778266714420527,0.4646475251590893],[-0.09607491219545004,0.4412423311483432,-0.49150625466007053],[-0.012172760109553685,0.03658434029370948,0.02685872950098125]]
[[0.2397052087481068,-0.4857962886816307,0.4603048510963036],[-0.22787358649996123,0.44832324973102644,-0.48722802670120496],[-0.011831622248145567,0.03747303895060425,0.02692317560490135]]
[[0.38518259556757767,-0.4769675367351398,0.4370860055471359],[-0.3737165461294077,0.43853950837917305,-0.46404182573215436],[-0.011466049438169949,0.03842802835596675,0.026955820185018502]]
[[0.5412348707356689,-0.4447280601281619,0.3884532993572138],[-0.530147327329162,0.4052891606697482,-0.415396256355714],[-0.011087543406506806,0.03943889945841371,0.02694295699850016]]
[[0.6994060592438094,-0.38144493457977313,0.30730164647537245],[-0.688694970721306,0.3409531375269075,-0.334180421571002],[-0.010711088522503312,0.040491797052865666,0.026878775095629533]]
[[0.8441599716249719,-0.2801569190958508,0.18791607417880524],[-0.8338074149104272,0.23858486015317615,-0.21468493925903848],[-0.010352556714544728,0.041572058942674635,0.026768865080233233]]
[[0.9521403766090317,-0.13789277548732357,0.029486436819205035],[-0.9421160511402591,0.09522458052098377,-0.05611864730007245],[-0.010024325468772717,0.0426681949663398,0.026632210480867412]]
[[0.9951426059445904,0.03976230405202458,-0.15944528831142502],[-0.9854130156552824,-0.0835388724446843,0.13294558611857893],[-0.009729590289308056,0.043776568392659726,0.026499702192846097]]
[[0.9487169678973983,0.23513007485260842,-0.35815489380175025],[-0.9392598215614014,-0.28003522944057035,0.3317474524597269],[-0.009457146335996864,0.04490515458796193,0.026407441342023323]]
[[0.8045129188133024,0.4198480257103142,-0.5363985391089873],[-0.795333263883281,-0.4659220904799039,0.5100135479581291],[-0.009179654930021482,0.04607406476958967,0.02638499115085818]]
[[0.5787644309562512,0.5633874653702731,-0.6640695627912975],[-0.569906180935102,-0.6106986411941883,0.6376273542318999],[-0.00885825002114908,0.04731117582391519,0.026442208559397502]]
[[0.30877698185350266,0.6448863858349263,-0.723121130330308],[-0.3003232949439606,-0.6935300542784223,0.6965599807217835],[-0.008453686909542079,0.048643668443496,0.02656114960852456]]
[[0.038174394562260905,0.6602724485803996,-0.7135116200497011],[-0.03023428632673812,-0.7103616383341309,0.6868130226590666],[-0.007940108235522783,0.05008918975373128,0.0266985973906345]]
[[-0.19874980943157394,0.6203466919194832,-0.6496980974354134],[0.20606487411774846,-0.6719978999173577,0.6228986537080646],[-0.007315064686174502,0.0516512079978745,0.026799443727348757]]
[[-0.38429255332211176,0.5430711635814827,-0.5519474965687285],[0.39089349715582367,-0.5963920929802868,0.5251323481251161],[-0.0066009438337118875,0.05332092939880413,0.026815148443612435]]
[[-0.5155666154672823,0.44611992293312286,-0.4388057242842022],[0.5214039590456764,-0.501204536637909,0.4120865355943048],[-0.005837343578393987,0.05508461370478618,0.026719188689897443]]
[[-0.5986330021386274,0.3429163857155636,-0.3235759163611585],[0.6037010651107645,-0.3998491286509672,0.29706212084352407],[-0.00506806297213715,0.05693274293540363,0.026513795517634435]]
[[-0.6429893361028786,0.24189518977389268,-0.21409502589539825],[0.647317298429028,-0.30076256461304024,0.1878680189344191],[-0.004327962326149404,0.05886737483914758,0.026227006960979134]]
[[-0.658113437641493,0.14742509710654086,-0.11402215469781248],[0.6617471809507918,-0.2083306933491117,0.08811910705382103],[-0.0036337433092987126,0.06090559624257083,0.025903047643991452]]
[[-0.6518939039205305,0.06113596091052914,-0.024356009906439012],[0.6548739975851574,-0.12421493927197869,-0.001234511680973653],[-0.0029800936646268744,0.06307897836144954,0.025590521587412665]]
[[-0.6302235671111704,-0.01694579332944049,0.05536027207145246],[0.6325638968560645,-0.04848445894816882,-0.08069229392613791],[-0.0023403297448940565,0.06543025227760932,0.02533202185468545]]
[[-0.5971387924311652,-0.08760185489168501,0.12623728635563403],[0.5988083958154033,0.019593128549928153,-0.15139409835036394],[-0.0016696033842381994,0.06800872634175686,0.0251568119947299]]
[[-0.5551375943499078,-0.151922527996534,0.18955724959827105],[0.5560464748792023,0.08105698136948755,-0.21463375174527233],[-0.0009088805292944884,0.07086554662704644,0.025076502147001287]]
[[-0.5055032080847708,-0.21101073401793696,0.2464991799638793],[0.505491890411768,0.13696148062408203,-0.27158191271365034],[0.000011317673002753624,0.0740492533938549,0.025082732749771026]]
[[-0.44857120135926687,-0.2658061002906942,0.2979798190540951],[0.4474036590487518,0.1882045183579421,-0.3231255839000042],[0.00116754231051506,0.07760158193275205,0.025145764845909066]]
[[-0.383932777261141,-0.3169676481058232,0.3445469553507784],[0.38129291632227125,0.23541438849118626,-0.36976022351976456],[0.0026398609388697666,0.08155325961463693,0.025213268168986183]]
[[-0.31059162710513644,-0.3647728614739263,0.3862840676972482],[0.30608446251780563,0.27885315950054357,-0.41149330147356333],[0.004507164587330795,0.08591970197338274,0.0252092337763151]]
[[-0.22710436995579075,-0.4090045754535817,0.4227005054750754],[0.22026407357633254,0.31830755437968816,-0.4477341716184439],[0.006840296379458208,0.09069702107389356,0.0250336661433685]]
[[-0.1317452597728059,-0.4488070082360374,0.4525928452770934],[0.12205296119112198,0.3529473661022073,-0.4771572704334691],[0.009692298581683932,0.0958596421338301,0.024564425156375684]]
[[-0.02274952876981387,-0.48250215048207845,0.47387514432475464],[0.009663472429952356,0.3811401210302954,-0.4975382484870792],[0.013086056339861514,0.10136202945178309,0.023663104162324592]]
[[0.10129198246845625,-0.5073730253538288,0.48339436331800023],[-0.11829345075366211,0.40022472689760236,-0.505581135318467],[0.017001468285205868,0.10714829845622639,0.02218677200046675]]
[[0.24079438898905223,-0.5194488730092967,0.4767800165162295],[-0.2621613640187924,0.4062746220739763,-0.49678626184110825],[0.021366975029740165,0.11317425093532034,0.02000624532487876]]
[[0.39419471540689843,-0.5133800873945974,0.4484339559956962],[-0.4202579619232822,0.39393433581226805,-0.46546287312833257],[0.026063246516383753,0.11944575158232937,0.01702891713263636]]
[[0.5565531541488421,-0.4825800406488247,0.39185569496636197],[-0.5875021258428804,0.35650538322156067,-0.40507610615143197],[0.03094897169403827,0.12607465742726406,0.013220411185070013]]
[[0.7178115577832057,-0.4199387383365728,0.30061401356341366],[-0.7537309708365834,0.2865900143946639,-0.30922996190896623],[0.035919413053377675,0.13334872394190883,0.008615948345552593]]
[[0.8611388689627935,-0.3195341976734102,0.17035578638675172],[-0.9021484987477878,0.17772913366104046,-0.173666873967386],[0.04100962978499438,0.14180506401236975,0.003311087580634282]]
[[0.9624602121378166,-0.17971009358107792,0.0021022310968484277],[-1.0090216225417825,0.027427027590425618,0.00047602671681146636],[0.04656141040396586,0.1522830659906523,-0.002578257813659894]]
[[0.9930752588609746,-0.007274134583269448,-0.19362880438389063],[-1.0465625573550443,-0.15861657329954246,0.20263055591510917],[0.053487298494069614,0.1658907078828119,-0.009001751531218542]]
[[0.9273352776381352,0.17902925050809393,-0.3938863244724266],[-0.9909832742349691,-0.36272577809450646,0.41003038934242064],[0.06364799659683391,0.18369652758641253,-0.016144064869994063]]
[[0.7550351261278382,0.3498113824068126,-0.5652540144157994],[-0.8351669252329703,-0.555543555821316,0.5899979981625963],[0.08013179910513205,0.20573217341450334,-0.024743983746796965]]
[[0.49310687982962165,0.4751285075416516,-0.6738090459402839],[-0.5995419287891945,-0.7040988217347265,0.710330161078304],[0.10643504895957281,0.22897031419307493,-0.036521115138020074]]
[[0.1873131640912968,0.540378721634115,-0.7006945195132688],[-0.3301659729194162,-0.7863065678367589,0.7548001454484736],[0.14285280882811938,0.24592784620264385,-0.05410562593520488]]
[[-0.10297808512780969,0.5532028068461785,-0.6531131416378247],[-0.0792085195645432,-0.8021926847010908,0.7326442902862592],[0.18218660469235287,0.24898987785491233,-0.07953114864843447]]
[[-0.3333033029677537,0.5315775527472619,-0.5592250642741178],[0.11937012310827548,-0.7709760139732327,0.6721203615887059],[0.21393317985947818,0.2393984612259707,-0.11289529731458813]]
[[-0.49348635100993865,0.489591155433387,-0.4491850186760811],[0.2581240151195632,-0.7162033568642421,0.6038143353089017],[0.23536233589037547,0.2266122014308551,-0.1546293166328206]]
[[-0.5988831389722745,0.43547531340292583,-0.3407672774056826],[0.3458027213602388,-0.6527269478336505,0.5498031237283645],[0.2530804176120357,0.2172516344307247,-0.20903584632268193]]
[[-0.6698330594867777,0.3737582342119433,-0.23889646396951494],[0.3940270669895759,-0.5818045232894271,0.5238192876444794],[0.27580599249720184,0.20804628907748376,-0.2849228236749644]]
[[-0.7202116070443815,0.3059936345694762,-0.14133123284021443],[0.41153978050066387,-0.4888372362357023,0.5342403442882209],[0.30867182654371755,0.18284360166622607,-0.39290911144800644]]
[[-0.7550525832060873,0.2317729368513244,-0.04347162194630257],[0.40736233698282237,-0.3399635306270298,0.5783693882515647],[0.34769024622326483,0.10819059377570535,-0.5348977663052621]]
[[-0.7714295755311421,0.1511468681164172,0.0582364692517055],[0.40127882003596393,-0.0925148446511796,0.6175574983760543],[0.3701507554951782,-0.05863202346523762,-0.6757939676277599]]
[[-0.7619537343034608,0.06807504865512261,0.16322451755158274],[0.4242101045068363,0.24197710511954906,0.5592986159621529],[0.33774362979662453,-0.31005215377467166,-0.7225231335137355]]
[[-0.7225739837640072,-0.008417954603674005,0.2658353419698688],[0.47760893452426867,0.5368351071028251,0.3449175793485506],[0.24496504923973844,-0.5284171524991511,-0.6107529213184194]]
[[-0.6583598716274275,-0.06916618910501945,0.3596671956297978],[0.5145772684394643,0.6780784981238737,0.05844196526032447],[0.1437826031879632,-0.6089123090188543,-0.4181091608901223]]
[[-0.57821650421232,-0.11010118145889501,0.44263615860022965],[0.5034518398098695,0.6934687895356111,-0.18515770465506975],[0.07476466440245053,-0.5833676080767161,-0.2574784539451599]]
[[-0.4860533797171752,-0.13132540661494507,0.5157820064414186],[0.4511685350433621,0.6603801262506231,-0.3535200463362141],[0.03488484467381318,-0.5290547196356781,-0.16226196010520447]]
[[-0.37767724004445313,-0.13518485525016918,0.5778800877224505],[0.3737023697326623,0.6234608407454754,-0.46298177408607566],[0.003974870311790855,-0.48827598549530626,-0.11489831363637486]]
[[-0.2440789166956072,-0.12940044984540927,0.61999907698772],[0.28061674378199397,0.5967008395350546,-0.5333563858409658],[-0.036537827086386754,-0.4673003896896454,-0.08664269114675423]]
[[-0.08421392852426719,-0.1328260238297086,0.6264362020323979],[0.17612530382972078,0.5804462782791973,-0.5754370124272216],[-0.0919113753054536,-0.44762025444948866,-0.05099918960517641]]
[[0.07989210861652703,-0.16575105478207836,0.5915912042038335],[0.0635139501315465,0.5702172118141945,-0.5928397915372119],[-0.14340605874807352,-0.40446615703211614,0.0012485873333783343]]
[[0.2192539146010012,-0.2226201301364469,0.533000090889517],[-0.05273761416685281,0.560650945935721,-0.5870518783744261],[-0.16651630043414836,-0.3380308157992741,0.054051787484909054]]
[[0.32974677842176736,-0.27686010351042595,0.4701449401174427],[-0.1682337627804144,0.5476437123848943,-0.5604725826248053],[-0.16151301564135292,-0.2707836088744684,0.09032764250736255]]
[[0.42466035047131445,-0.3110510437583482,0.40648340734012084],[-0.28028725265749,0.5286052057214565,-0.5157757431150625],[-0.14437309781382449,-0.2175541619631084,0.1092923357749417]]
[[0.5142763633089101,-0.32208692173094394,0.336661447587546],[-0.3875834305054915,0.501465571119319,-0.4543357147879482],[-0.12669293280341865,-0.1793786493883751,0.11767426720040225]]
[[0.6013825483825406,-0.31160222771603535,0.254736188861123],[-0.48870935193791193,0.4637723649972343,-0.3757552446208325],[-0.11267319644462867,-0.15217013728119894,0.1210190557597095]]
[[0.6834284562096486,-0.28049076068380485,0.15618573123028393],[-0.5806329283410586,0.4123801267736823,-0.27842795718958013],[-0.10279552786859009,-0.13188936608987747,0.12224222595929624]]
[[0.7538367307149694,-0.2280937290863595,0.038264498303212796],[-0.6574934555642351,0.34376285862634315,-0.1607873043389435],[-0.09634327515073426,-0.11566912953998364,0.1225228060357307]]
[[0.8023566501443087,-0.15335560171918622,-0.09895832228858784],[-0.7100022329174305,0.2550172064174794,-0.02317571937421445],[-0.09235441722687814,-0.10166160469829318,0.12213404166280228]]
[[0.8159966750666704,-0.05683612110690876,-0.25077731366659894],[-0.7261192633607159,0.14559817855930668,0.12984810427992127],[-0.08987741170595455,-0.0887620574523979,0.1209292093866777]]
[[0.7818670602712333,0.0570336784687385,-0.40625050612900276],[-0.6938347421775871,0.019402226932463212,0.2876122888929595],[-0.08803231809364626,-0.07643590540120171,0.11863821723604329]]
[[0.6921459053249348,0.1785796513412613,-0.5485753403246303],[-0.6060736475096045,-0.11397381463690172,0.4334907107715359],[-0.08607225781533036,-0.06460583670435958,0.11508462955309447]]
[[0.54921208324848,0.2938772131577978,-0.6588478794486454],[-0.4657316035634471,-0.24036262089150262,0.5485166806131934],[-0.08348047968503289,-0.053514592266295194,0.11033119883545209]]
[[0.3673118862189567,0.3885211265645007,-0.7223326508508465],[-0.28726281911747,-0.3449897168282983,0.6176227957605003],[-0.08004906710148671,-0.04353140973620242,0.10470985509034625]]
[[0.16861110248719835,0.452324645390072,-0.7336858652678239],[-0.0927411972855846,-0.41737055984218785,0.6349608163706703],[-0.07586990520161374,-0.03495408554788414,0.09872504889715354]]
[[-0.02425388889282182,0.4820158552566721,-0.6977748703768862],[0.09548406416998985,-0.4541254935742478,0.6048793913163466],[-0.07123017527716803,-0.027890361682424293,0.09289547906053955]]
[[-0.19447035307623145,0.4806250184729148,-0.6261597896579706],[0.26094483423227044,-0.4583749524847621,0.5385329337542115],[-0.06647448115603902,-0.022250065988152674,0.08762685590375906]]
[[-0.3333135752911834,0.45475501872427515,-0.5321821768254008],[0.39521576916197027,-0.4369459291522935,0.4490205531677756],[-0.0619021938707869,-0.017809089571981653,0.08316162365762518]]
[[-0.43889818477263914,0.4117581439563231,-0.4273865613598822],[0.49662241290493636,-0.3974718586663321,0.3477954427042673],[-0.05772422813229722,-0.014286285289991027,0.07959111865561488]]
[[-0.5135224184602003,0.3579770874763607,-0.3200741998645567],[0.5675863940262366,-0.3465779955102489,0.24318159274404058],[-0.05406397556603623,-0.011399091966111786,0.07689260712051615]]
[[-0.5612520789438028,0.2981194165934448,-0.2153980947932374],[0.6122286677084493,-0.2892260627585463,0.14043450809388947],[-0.05097658876464649,-0.008893353834898499,0.07496358669934794]]
[[-0.5863582743609903,0.2353439316832954,-0.11612878070922979],[0.6348265931663608,-0.22878665567318787,0.04248500295343325],[-0.04846831880537051,-0.006557276010107528,0.07364377775579654]]
[[-0.5925577451449262,0.17164162518878484,-0.02350805178690661],[0.6390657933225433,-0.16741085715574153,-0.049220002729101237],[-0.04650804817761714,-0.004230768033043327,0.07272805451600785]]
[[-0.5827903225971693,0.10825869197149535,0.06205834764056915],[0.6278210378579339,-0.10644221375669446,-0.13403815667844454],[-0.045030715260764534,-0.0018164782148008833,0.07197980903787538]]
[[-0.5592846733468336,0.04604740421394749,0.14051856380946495],[0.6032218945478977,-0.046755902493704114,-0.2116735345105897],[-0.043937221201064074,0.0007084982797566261,0.07115497070112475]]
[[-0.5237379777498128,-0.014295016154868131,0.2118743434532973],[0.5668362040829171,0.011006587307161404,-0.2819156217671501],[-0.04309822633310437,0.0032884288477067272,0.07004127831385284]]
[[-0.47749994368632137,-0.0721052707028208,0.2760207388965834],[0.5198684322644448,0.06630215031850299,-0.3445260080053435],[-0.042368488578123364,0.005803120384317816,0.0685052691087601]]
[[-0.4217004654585251,-0.12673281011973114,0.33269065705082496],[0.46331275253316345,0.11862823662816989,-0.3992175886863964],[-0.04161228707463839,0.008104573491561245,0.06652693163557143]]
[[-0.35730273183681566,-0.17757679617835995,0.38147017400687455],[0.3980341275045676,0.16751112861016645,-0.44567125884912034],[-0.04073139566775195,0.010065667568193482,0.06420108484224574]]
[[-0.2850997622671247,-0.22412543265267731,0.4218417965304291],[0.3247822657358193,0.21250578005523535,-0.48354279901487707],[-0.039682503468694647,0.011619652597441951,0.061701002484448]]
[[-0.205692970853941,-0.26595197752801103,0.45320853348900225],[0.24416920987323662,0.2531784262189748,-0.5124304564803114],[-0.038476239019295616,0.012773551309036263,0.05922192299130919]]
[[-0.11949248560424157,-0.3026511554217061,0.4748660056784631],[0.15665331428389,0.2890563544414083,-0.5317967987717696],[-0.03716082867964843,0.01359480098029782,0.0569307930933064]]
[[-0.026768915474996553,-0.33372751601672374,0.4859188255390923],[0.06256937772424497,0.31954352969029776,-0.540857670860058],[-0.035800462249248405,0.014183986326426007,0.054938845320965636]]
[[0.07222286612610408,-0.3584590498191836,0.48516444709416545],[-0.03776535263341503,0.34381079820049776,-0.5384619279660989],[-0.03445751349268905,0.014648251618685874,0.053297480871933506]]
[[0.1770300672999373,-0.37575853692382577,0.4709833015985725],[-0.14384764959309046,0.36067523935259826,-0.522991566370387],[-0.03318241770684684,0.015083297571227486,0.052008264771814534]]
[[0.2866799041634107,-0.38405438280999554,0.4412835120069972],[-0.25466953156402,0.3684897706136522,-0.49232070918267906],[-0.03201037259939071,0.015564612196343384,0.05103719717568184]]
[[0.39923566761414797,-0.3812222473828086,0.39356226186857024],[-0.3682735240999287,0.36507736254190765,-0.4438896324385446],[-0.03096214351421925,0.016144884840900896,0.05032737056997439]]
[[0.5112431034155173,-0.3646218951625087,0.3251676601750302],[-0.48119666917342757,0.34776773661008265,-0.3749759078575974],[-0.03004643424208973,0.016854158552426016,0.04980824768256718]]
[[0.6171449149359808,-0.33132521437603835,0.23386312430379527],[-0.5878826847809362,0.31362473874482055,-0.28326547889043163],[-0.029262230155044557,0.017700475631217825,0.04940235458663636]]
[[0.708862527705791,-0.2786418017309527,0.11877694138082476],[-0.6802620781731215,0.2599714764244709,-0.16780815475798486],[-0.028600449532669443,0.018670325306481817,0.0490312133771601]]
[[0.7759051261864016,-0.20501579239758685,-0.01829426298597482],[-0.7478601951964549,0.18528620295419077,-0.030328005898030287],[-0.028044930989946745,0.019729589443396076,0.04862226888400511]]
[[0.8064697330789374,-0.11122318579102605,-0.17151844871151922],[-0.7788964760312043,0.09039655429158108,0.12340084650958005],[-0.027573257047733224,0.020826631499444963,0.04811760220193916]]
[[0.7898404722496628,-0.0015198546596338928,-0.33024700514222555],[-0.76268231942619,-0.020379414052050373,0.2827635193165519],[-0.02715815282347279,0.021899268711684267,0.04748348582567366]]
[[0.7197857888729955,0.11590613810089312,-0.47967540636822503],[-0.6930157170849417,-0.13879225882151855,0.4329575462357059],[-0.026770071788053722,0.02288612072062543,0.04671786013251906]]
[[0.5977244390633447,0.22983211108191998,-0.603446853620259],[-0.5713434632360007,-0.25357245044120724,0.557594985049275],[-0.026380975827344007,0.023740339359287224,0.04585186857098403]]
[[0.4338925728227806,0.3283437486971207,-0.6876450899395327],[-0.40792413325169413,-0.3527850952799029,0.6427020793232665],[-0.025968439571086452,0.024441346582782214,0.04494301061626611]]
[[0.24542059326562257,0.4017935960131029,-0.7244942485540697],[-0.21990192352555316,-0.42679358854853755,0.6804331614312669],[-0.025518669740069413,0.02499999253543468,0.04406108712280292]]
[[0.05197482539993766,0.44500857988382114,-0.7139639531088697],[-0.026947449318055896,-0.4704638223222741,0.6706923503348896],[-0.025027376081881762,0.02545524243845292,0.04327160277398017]]
[[-0.12894897778559572,0.4578053270164309,-0.6626843965032266],[0.15344747177130408,-0.4836696319856886,0.6200623408541123],[-0.024498493985708348,0.02586430496925769,0.04262205564911439]]
[[-0.28508779760910224,0.44390952300544395,-0.5811032093924358],[0.30902952048513654,-0.47019978937814105,0.5389688752064246],[-0.0239417228760343,0.02629026637269707,0.042134334186011216]]
[[-0.41014949880686175,0.40913296815548883,-0.48043996928349153],[0.4335195580114633,-0.4359237663899015,0.4386365752700847],[-0.02337005920460156,0.02679079823441266,0.04180339401340679]]
[[-0.5028149117226443,0.35969253999486245,-0.3705402933599135],[0.5256129385567828,-0.3871021651836732,0.3289396815515522],[-0.022798026834138535,0.02740962518881078,0.04160061180836134]]
[[-0.565036743638389,0.30112445049012904,-0.2589067713452637],[0.5872773814805586,-0.3292953766205178,0.21742666661948684],[-0.022240637842169717,0.028170926130388758,0.04148010472577685]]
[[-0.6004278341991385,0.23781588142386764,-0.150629062588336],[0.6221405019222077,-0.2668923263328579,0.10924211020221675],[-0.021712667723069245,0.02907644490899027,0.04138695238611925]]
[[-0.6130923446544985,0.17296350759274914,-0.048788270043890046],[0.634320085099579,-0.20306897814766156,0.007521619860320319],[-0.02122774044508062,0.030105470554912417,0.04126665018356973]]
[[-0.606930815771868,0.10874606727114344,0.044996540590783965],[0.6277277610751097,-0.13996430263440165,-0.08607137774414578],[-0.0207969453032417,0.031218235363258205,0.041074837153361805]]
[[-0.5853060827419346,0.04656062639282342,0.13006280868626888],[0.6057331966597422,-0.07892364894680359,-0.1708484469268929],[-0.020427113917807597,0.03236302255398018,0.04078563824062401]]
[[-0.5509338020344321,-0.012755963340749113,0.20630810543468284],[0.5710530715718668,-0.020730260536528225,-0.24670463767445439],[-0.020119269537434727,0.03348622387727734,0.04039653223977155]]
[[-0.5058903884443648,-0.06874736621007461,0.27390649905337566],[0.5257582852957926,0.03420412387513641,-0.3138346506067541],[-0.019867896851427737,0.0345432423349382,0.03992815155337837]]
[[-0.45167085496572373,-0.12119858543547266,0.33311383023639557],[0.47133230610913424,0.08569119018708136,-0.37253273036044027],[-0.01966145114341046,0.03550739524839129,0.03941890012404469]]
[[-0.3892621336806858,-0.1700250641641821,0.38413162847138344],[0.4087461745660567,0.13365058561573231,-0.42304766514118586],[-0.01948404088537094,0.036374478548449767,0.03891603666980242]]
[[-0.3192200473984716,-0.21517672610247152,0.4270028925015359],[0.33853781567171026,0.17801450416472195,-0.46546880639399857],[-0.019317768273238695,0.03716222193774958,0.03846591389246271]]
[[-0.24175186372201898,-0.2565466253593054,0.461520315740638],[0.2608969177722824,0.21864102504698776,-0.4996261882447153],[-0.019145054050263434,0.037905600312317655,0.038105872504077244]]
[[-0.1568146246928074,-0.29387744020939527,0.4871358244627309],[0.17576506975576378,0.2552274711735123,-0.5249949899077121],[-0.01895044506295636,0.03864996903588302,0.03785916544498119]]
[[-0.0642453706635595,-0.32666204763213896,0.5028686962291361],[0.08296711185210091,0.28721807884234535,-0.5406016977489937],[-0.018721741188541415,0.03944396878979362,0.037733001519857576]]
[[0.03605511805114986,-0.35403777194695796,0.5072190072812173],[-0.01760454276655959,0.31370433403316006,-0.5449379829083395],[-0.01845057528459027,0.04033343791379786,0.037718975627122266]]
[[0.1438585991820534,-0.3746798719787353,0.49810608436917264],[-0.12572588048684896,0.3333231389519316,-0.5359010569600005],[-0.018132718695204463,0.04135673302680373,0.03779497259082777]]
[[0.25823856536852585,-0.38671134870933954,0.47287080194744163],[-0.2404702074152922,0.3441700565683856,-0.51079871820693],[-0.017768357953233622,0.04254129214095391,0.03792791625948836]]
[[0.37707720352546326,-0.3876659223245847,0.4284070711828683],[-0.3597147608509977,0.34376480775232043,-0.4664842649007089],[-0.01736244267446554,0.043901114572264255,0.03807719371784054]]
[[0.49647387374001856,-0.3745692622755757,0.36151678178157937],[-0.4795488826003143,0.32913422979181095,-0.3997157468566829],[-0.01692499113970428,0.04543503248376474,0.038198965075103494]]
[[0.6101624129050633,-0.34423281095496283,0.2695954804771341],[-0.5936914079736326,0.29710673103896423,-0.30784716736141426],[-0.01647100493143075,0.0471260799159986,0.03825168688428018]]
[[0.7091796758555554,-0.2938615582333694,0.15171408932629965],[-0.6931602197328635,0.24491882070120458,-0.18991698077677518],[-0.016019456122691948,0.04894273753216481,0.03820289145047555]]
[[0.7821776757217616,-0.22201806456553072,0.01001042944140666],[-0.7665868846058497,0.17117499804779496,-0.04804694426253529],[-0.015590791115911912,0.05084306651773577,0.03803651482112863]]
[[0.8168147649739678,-0.12981272480555042,-0.14898348943479572],[-0.8016120668185434,0.07703033285968015,0.11122448140103425],[-0.015202698155424361,0.05278239194587027,0.03775900803376149]]
[[0.8024008740737955,-0.021915894518468065,-0.3137822766022329],[-0.7875362923703373,-0.0328081246867495,0.27638065817847474],[-0.014864581703458123,0.054724019205217564,0.037401618423758165]]
[[0.7332966088543478,0.09323446790530539,-0.4689454819533468],[-0.7187245220864419,-0.14988517471135482,0.4319290957093697],[-0.014572086767905907,0.056650706806049445,0.037016386243977066]]
[[0.6117410505420424,0.20454364566072458,-0.5979242215895483],[-0.5974374309409222,-0.26311684891341985,0.5612591268439169],[-0.01430361960112022,0.058573203252695244,0.03666509474563139]]
[[0.44851789744380166,0.3006026538621117,-0.686998467921052],[-0.43449729549869126,-0.3611349198079439,0.6505952925112864],[-0.014020601945110414,0.06053226594583215,0.036403175409765634]]
[[0.2607358915416179,0.3723907914309116,-0.728651419118555],[-0.24706374135020104,-0.43498339232859523,0.6923884988018798],[-0.013672150191416911,0.06259260089768365,0.036262920316675246]]
[[0.06759228132468084,0.4151509781256792,-0.722853124241095],[-0.05438869364808998,-0.479981048730705,0.6866122026347223],[-0.013203587676590862,0.06483007060502587,0.03624092160637265]]
[[-0.11394521879882617,0.42873620584005756,-0.6759071055665639],[0.12651254124256425,-0.4960518978930476,0.6396136781287388],[-0.01256732244373807,0.06731569205299003,0.03629342743782512]]
[[-0.2718755987908553,0.416601182151354,-0.5977867945073282],[0.2836097749635542,-0.48670182455795313,0.5614454077614797],[-0.011734176172698918,0.07010064240659916,0.03634138674584854]]
[[-0.3998270655745943,0.3841807378533844,-0.499327125272261],[0.410529829649369,-0.45738693014112125,0.46304198787532924],[-0.010702764074774697,0.07320619228773687,0.036285137396931684]]
[[-0.49618368468351176,0.3373823230940605,-0.39021114148093683],[0.5056875647396387,-0.4140041418638058,0.35418448244873113],[-0.009503880056126967,0.07662181876974528,0.03602665903220571]]
[[-0.5625602683750335,0.28156671457276783,-0.27799711169773667],[0.5707570706328127,-0.36188018852033654,0.24250254496018275],[-0.00819680225777924,0.08031347394756874,0.03549456673755395]]
[[-0.6023102403764172,0.22104896724377435,-0.16796352960935632],[0.6091663475777086,-0.3052903795777787,0.13329914020534728],[-0.006856107201291348,0.08424141233400434,0.03466438940400903]]
[[-0.619390586498563,0.1589803904365336,-0.06341274598994612],[0.6249416292702182,-0.24736376812720196,0.029846342230937933],[-0.005551042771655143,0.08838337769066837,0.03356640375900818]]
[[-0.6176345018912099,0.09744855991191866,0.033858953696386924],[0.6219574825242912,-0.19020475922592608,-0.06613595835857287],[-0.004322980633081255,0.09275619931400741,0.03227700466218596]]
[[-0.6003523669058108,0.037674747649210354,0.12309307695106972],[0.6035197567397849,-0.13510386430832283,-0.15398901818852717],[-0.003167389833974071,0.09742911665911247,0.030895941237457453]]
[[-0.5701542021998927,-0.019762101291512194,0.204169739901179],[0.5721783990815176,-0.08276352898620558,-0.23368654633009336],[-0.002024196881625016,0.10252563027771777,0.029516806428914348]]
[[-0.5289065638337072,-0.07471027611912781,0.27728707174367623],[0.5296826515680488,-0.033504753900566044,-0.3054858291255654],[-0.0007760877343416933,0.10821503001969386,0.028198757381889157]]
[[-0.4777676926338799,-0.12725338727688296,0.3427052823390008],[0.4770188720031161,0.012556275829285507,-0.36964914150129274],[0.0007488206307638282,0.11469711144759745,0.026943859162291903]]
[[-0.4172713565680687,-0.1775436733819238,0.40053722540324455],[0.41449757754001826,0.0553608190736659,-0.42621691783783416],[0.0027737790280504115,0.1221828543082579,0.025679692434589587]]
[[-0.3474495508678847,-0.22565581905697837,0.450571449552203],[0.3418783681114221,0.09478482341964838,-0.4748153448105865],[0.00557118275646259,0.13087099563733,0.024243895258383514]]
[[-0.2679985540055577,-0.2714546698723561,0.49212201718625026],[0.25853952000364605,0.13053730026254448,-0.5144894057212388],[0.009459034001911719,0.14091736960981166,0.022367388534988597]]
[[-0.17850219031409528,-0.31447378692583133,0.5239117371425094],[0.16371274369622,0.1620813129044202,-0.5435678998129363],[0.014789446617875278,0.15239247402141112,0.019656162670426885]]
[[-0.07872749313192466,-0.3538114812307677,0.544012439844052],[0.056809014620092635,0.18858646511602187,-0.5595898035758229],[0.02191847851183203,0.16522501611474583,0.015577363731770832]]
[[0.03100526201640926,-0.38806617832088136,0.5498846691903635],[-0.06215013223678967,0.20892821457659788,-0.5593478432463603],[0.031144870220380403,0.17913796374428348,0.009463174055996768]]
[[0.14941063093838544,-0.4153491722532468,0.5385694181411981],[-0.19202142915337006,0.2217478018599549,-0.5391216079765161],[0.04261079821498462,0.19360137039329192,0.0005521898353179917]]
[[0.2738691321423198,-0.43341873148189614,0.5070677494183454],[-0.33004653934253964,0.225568156612547,-0.49515142483457714],[0.05617740720021987,0.20785057486934916,-0.011916324583768284]]
[[0.4002283391515899,-0.43995904696469346,0.4528841656973704],[-0.4715518420657668,0.21892411523472824,-0.4243157013384523],[0.07132350291417687,0.2210349317299652,-0.028568464358918057]]
[[0.5228727543648382,-0.4329751364418105,0.3746221991874517],[-0.6100240435486399,0.20042936863046115,-0.3248275037969298],[0.08715128918380179,0.23254576781134934,-0.049794695390521886]]
[[0.6350050577557352,-0.4112233301525817,0.272487571203953],[-0.7375891672003823,0.16870902356734777,-0.19665988217691915],[0.10258410944464705,0.24251430658523399,-0.07582768902703382]]
[[0.7288062811043081,-0.37463149255350614,0.14871937445531058],[-0.8456066777818196,0.12220607754108997,-0.04151336547302319],[0.1168003966775115,0.25242541501241617,-0.10720600898228741]]
[[0.794826212339208,-0.3248852542298917,0.008501639717944556],[-0.9248068898585351,0.05901388632937715,0.13744989019788736],[0.12998067751932704,0.2658713679005145,-0.14595152991583193]]
[[0.8195071355570183,-0.2667581988678306,-0.13689339843681617],[-0.9644560197689052,-0.02289383290105887,0.335254297263861],[0.1449488842118868,0.28965203176888943,-0.19836089882704483]]
[[0.7781433518899628,-0.21034353508089842,-0.26019698603310837],[-0.9507445488359364,-0.12418968875947758,0.5426171137025696],[0.17260119694597365,0.334533223840376,-0.2824201276694613]]
[[0.6147155885979037,-0.16286996251043728,-0.2935557688660313],[-0.8667649378189101,-0.23949217394959077,0.7394249406963143],[0.25204934922100647,0.40236213646002805,-0.44586917183028296]]
[[0.22167823606610282,-0.02507496875167109,-0.14144846937840072],[-0.7027546333490177,-0.34614931589691306,0.8857472318323388],[0.48107639728291485,0.37122428464858415,-0.7442987624539381]]
[[-0.22558372252947595,0.4498287607964907,-0.07591533440033071],[-0.49253763379725113,-0.3945892508154356,0.9380162540852],[0.718121356326727,-0.055239509981055104,-0.8621009196848692]]
[[-0.24886583885359487,0.7082401191437694,-0.32163438510340997],[-0.3190290660992962,-0.3580204280707913,0.9313176345510494],[0.5678949049528911,-0.35021969107297807,-0.6096832494476394]]
[[-0.18241956567121076,0.6344360781282108,-0.4431494864135346],[-0.19669829005485828,-0.2654047401720697,0.9335748246080944],[0.37911785572606904,-0.3690313379561411,-0.4904253381945598]]
[[-0.17189306272517646,0.5299970365628892,-0.4561681454974281],[-0.0852126412647299,-0.1317030434043027,0.9471032944929407],[0.2571057039899064,-0.3982939931585865,-0.49093514899551266]]
[[-0.1925967503761491,0.45583712106551244,-0.4381322840566691],[0.05058255086428333,0.03033512621841311,0.9315310553709075],[0.14201419951186578,-0.4861722472839256,-0.4933987713142384]]
[[-0.2278465274053031,0.4077824024224429,-0.41311221562052486],[0.21636384243341614,0.17643286918079748,0.8390138974227477],[0.011482684971886935,-0.5842152716032404,-0.4259016818022228]]
[[-0.27138173623329703,0.37740965327599174,-0.3857843602940517],[0.3779430912875221,0.24453241227783434,0.6680347883254536],[-0.10656135505422513,-0.6219420655538261,-0.2822504280314019]]
[[-0.3209032704531829,0.35872831922081183,-0.35595025192172836],[0.4960639505110688,0.21770846225131862,0.4769980691822464],[-0.17516068005788585,-0.5764367814721305,-0.12104781726051804]]
[[-0.376283618025126,0.34781853940619517,-0.3224122868577735],[0.5679386623906536,0.13636311822833397,0.3203432831674785],[-0.19165504436552763,-0.48418165763452914,0.002069003690295019]]
[[-0.4392386258445162,0.3419990465200182,-0.28312773105986866],[0.6171138349489664,0.04638653891487965,0.20794814539980053],[-0.1778752091044503,-0.3883855854348979,0.07517958566006816]]
[[-0.5130338859584285,0.33894729275357893,-0.23418330155053294],[0.6670361760224286,-0.02940214856905829,0.12248111287732354],[-0.15400229006400012,-0.3095451441845206,0.1117021886732094]]
[[-0.6020849476057861,0.3355919835506764,-0.16818843721243207],[0.7327931903765721,-0.08475456781385299,0.040794118265249354],[-0.13070824277078602,-0.2508374157368234,0.12739431894718273]]
[[-0.7110492237553045,0.3262933073407911,-0.0715672345133953],[0.8231444414139895,-0.11753560207285976,-0.061336937726978624],[-0.11209521765868491,-0.20875770526793136,0.13290417224037393]]
[[-0.8416064909472281,0.29924641054344636,0.080153427176762],[0.9408603452644532,-0.12080085084192284,-0.21421159601961223],[-0.09925385431722503,-0.17844555970152354,0.13405816884285024]]
[[-0.981388234861904,0.22935753960106375,0.32871238095158933],[1.0733839038659798,-0.07418354844061917,-0.4621104903023654],[-0.09199566900407583,-0.15517399116044456,0.13339810935077603]]
[[-1.071280897040264,0.06771670629937127,0.7311564643282662],[1.1602890476823222,0.06686203964116184,-0.8623452437376948],[-0.08900815064205797,-0.1345787459405331,0.13118877940942864]]
[[-0.9390749305878112,-0.25287786324184097,1.3008550814254374],[1.0263260341361968,0.36643407146251916,-1.4271883572165387],[-0.08725110354838568,-0.11355620822067816,0.12633327579110132]]
[[-0.31030916185535473,-0.7164184505150522,1.8040853041642868],[0.3931504590143526,0.8088408133857713,-1.9224656515636962],[-0.08284129715899788,-0.09242236287071917,0.1183803473994095]]
[[0.7367943250430387,-1.0361060740551395,1.6964868912850195],[-0.661889065235737,1.1108523507842902,-1.8059407449097147],[-0.0749052598073017,-0.07474627672915067,0.10945385362469517]]
[[1.4611363437001743,-0.9290760337444003,0.9258616478971203],[-1.3946239606649704,0.9915711254332336,-1.0281676604890257],[-0.06651238303520386,-0.06249509168883331,0.10230601259190535]]
[[1.5233896187321696,-0.5866108030087656,0.145966380353437],[-1.4632843767852992,0.6408009954896096,-0.24339776977107402],[-0.06010524194687042,-0.054190192480843995,0.09743138941763699]]
[[1.2546683517747286,-0.28169464166695596,-0.3087638024928251],[-1.1988608498347995,0.32948651197892126,0.21486553012567094],[-0.05580750193992913,-0.04779187031196529,0.09389827236715417]]
[[0.9447124446263364,-0.08265979335109246,-0.5069908094800281],[-0.8918165965909401,0.12484023099900238,0.4161576332433796],[-0.05289584803539619,-0.04218043764790992,0.09083317623664838]]
[[0.6881870079849761,0.03512551537075138,-0.5710443552956553],[-0.6374769033439248,0.0018235793008073743,0.483282610628435],[-0.05071010464105131,-0.03694909467155875,0.08776174466722036]]
[[0.49358577675979165,0.10337961838378781,-0.5748255899792422],[-0.4447619540751907,-0.0713570134718686,0.4903194890892257],[-0.04882382268460091,-0.03202260491191922,0.08450610089001653]]
[[0.34817976242734255,0.1432606261122519,-0.5541145710056222],[-0.30117638254192397,-0.1158191067332687,0.4730596811159372],[-0.04700337988541861,-0.02744151937898321,0.08105488988968505]]
[[0.23817048803407442,0.16709184505499844,-0.5250751056912434],[-0.19302730083695585,-0.14382732821485475,0.4475998162264353],[-0.04514318719711857,-0.023264516840143693,0.0774752894648081]]
[[0.15283137863277266,0.18186636331248024,-0.4947643619430188],[-0.10961726654324486,-0.16233529107625444,0.42090358882026147],[-0.04321411208952781,-0.019531072236225813,0.07386077312275734]]
[[0.08446101603442442,0.1915964374249414,-0.46610435655923366],[-0.04323313556044907,-0.17534386597811452,0.3958015052892404],[-0.04122788047397535,-0.016252571446826895,0.07030285126999321]]
[[0.02758589021603791,0.19864533792836828,-0.4401352817556371],[0.011628486242723567,-0.18522977618315878,0.3732572978840075],[-0.039214376458761475,-0.013415561745209515,0.06687798387162958]]
[[-0.021769816037453878,0.2044549724834813,-0.4170310911120595],[0.05897812648908138,-0.19346605526577243,0.35338758183397184],[-0.0372083104516275,-0.010988917217708866,0.06364350927808765]]
[[-0.06662611728764178,0.2099446360700383,-0.3965527132056117],[0.10186835120831157,-0.201013587410443,0.33591430424666996],[-0.035242233920669795,-0.00893104865959531,0.060638408958941716]]
[[-0.10943600789258401,0.21573267180676317,-0.3782363598294891],[0.14277957503563896,-0.2085370335049544,0.3203501321409522],[-0.03334356714305496,-0.007195638301808767,0.05788622768853692]]
[[-0.15237663352847705,0.22226002941204387,-0.3614445678066307],[0.18391061126847946,-0.21652445743477086,0.3060460054231319],[-0.03153397774000239,-0.005735571977273009,0.05539856238349883]]
[[-0.1975909098393484,0.22985457619551042,-0.34532767397269404],[0.2274209227707978,-0.2253493107087667,0.29214941014607776],[-0.029830012931449386,-0.004505265486743718,0.05317826382661622]]
[[-0.24741922649642972,0.2387507737289734,-0.3286980756693902],[0.27566353865869914,-0.23528902400850163,0.27747614765482026],[-0.02824431216226943,-0.0034617497204717644,0.051221928014569956]]
[[-0.304655912241413,0.2490590341840776,-0.3097802309161664],[0.331442921845924,-0.2464941492770879,0.2602587713239719],[-0.02678700960451102,-0.0025648849069896985,0.049521459592194464]]
[[-0.3728595084724336,0.26065068197910685,-0.28574339828003026],[0.3983265987499864,-0.25887364599790125,0.2376788696439205],[-0.025467090277552763,-0.0017770359812055592,0.04806452863610976]]
[[-0.4567219838213024,0.2728672274379031,-0.2518205308322934],[0.48101547266216077,-0.2718046900928252,0.20498687444314995],[-0.02429348884085837,-0.0010625373450778722,0.04683365638914344]]
[[-0.5623974256295479,0.28382902513825375,-0.1996102044651839],[0.5856730039141967,-0.2834416423651702,0.15380670390553622],[-0.02327557828464894,-0.00038738277308354794,0.045803500559647686]]
[[-0.6972849217419881,0.2887927030971235,-0.11376445154119545],[0.7197072046975365,-0.2890728007576652,0.0688286569592381],[-0.022422282955548455,0.0002800976605417411,0.04493579458195735]]
[[-0.8672852811439762,0.2762377891724637,0.03429092210983691],[0.8890234824022355,-0.27720392182504194,-0.07846270841724454],[-0.02173820125825928,0.0009661326525781859,0.04417178630740763]]
[[-1.0645431659602413,0.2189157141391074,0.2963912218612727],[1.0857570286218918,-0.2205992843335355,-0.33981557971157755],[-0.021213862661650595,0.0016835701944281126,0.04342435785030484]]
[[-1.224840042632752,0.05743946466456695,0.7514838158802241],[1.2456472070638143,-0.05985633307288268,-0.7940636189827024],[-0.020807164431062175,0.002416868408315721,0.04257980310247833]]
[[-1.1246560579064535,-0.30161907292901713,1.4353437406203415],[1.1450779100071153,0.2985136916889024,-1.4768799873415703],[-0.020421852100661834,0.003105381240114711,0.0415362467212288]]
[[-0.37277498373620727,-0.8437012699554626,2.0351592717156812],[0.3926982907659506,0.8400437973192719,-2.075470124066817],[-0.01992330702974332,0.0036574726361906116,0.04031085235113553]]
[[0.867314877378352,-1.1586579747360233,1.8046475079587478],[-0.8480574826322098,1.154614312733932,-1.8437786847096054],[-0.019257394746142215,0.004043662002091259,0.039131176750857456]]
[[1.5564622799627312,-0.9428512218447859,0.8535371686793928],[-1.5379126580360045,0.938483679720324,-0.8917763462760628],[-0.018549621926726847,0.004367542124461964,0.03823917759667014]]
[[1.4916002448301502,-0.5456224459607235,0.064100840177232],[-1.4736563205367343,0.5408833060611291,-0.10172295005598751],[-0.01794392429341582,0.004739139899594383,0.037622109878755514]]
[[1.1705833770964662,-0.24835937164427344,-0.33011441627111643],[-1.1531123986022564,0.24318015447305713,0.29297926527295504],[-0.01747097849420989,0.005179217171216315,0.037135150998161406]]
[[0.8650250583183033,-0.07126955599230901,-0.48249358962669386],[-0.8479256091064846,0.06560870471344475,0.4458262776165527],[-0.01709944921181872,0.005660851278864255,0.036667312010141145]]
[[0.630812701468339,0.029158701216554207,-0.5249952987333545],[-0.6140225347348011,-0.035309887297869595,0.4888300435647151],[-0.016790166733537955,0.0061511860813153844,0.03616525516863944]]
[[0.45932317939668565,0.08680768460931439,-0.5227506152072635],[-0.44281042641032287,-0.09343232116206066,0.4871379099198593],[-0.016512752986362803,0.006624636552746269,0.03561270528740429]]
[[0.33299948226084053,0.12111604228256058,-0.5040244657084146],[-0.31675258088875613,-0.128180362125372,0.46901195301400656],[-0.01624690137208441,0.007064319842811447,0.035012512694408096]]
[[0.23756162810974232,0.14260945528868074,-0.480676705886765],[-0.22158144177568817,-0.15007004251873415,0.44630048321524035],[-0.015980186334054142,0.007460587230053421,0.034376222671524605]]
[[0.16297446445345476,0.15703475951712154,-0.4575682374559103],[-0.14726871765863833,-0.16484400701164267,0.4238496965978607],[-0.015705746794816428,0.007809247494521154,0.033718540858049637]]
[[0.102371454711377,0.1676304079853972,-0.4365665115001837],[-0.08695096626524715,-0.17574047124067882,0.4035120144223948],[-0.015420488446129858,0.008110063255281613,0.0330544970777889]]
[[0.050977076219143075,0.17630223803513193,-0.41824434020519213],[-0.035853275766443315,-0.18466782750371669,0.38584627990190007],[-0.015123800452699765,0.008365589468584766,0.032398060303292064]]
[[0.005329611128199147,0.18423488930308113,-0.40260698286365293],[0.009487060619554571,-0.19281520211035177,0.3708454457509544],[-0.014816671747753718,0.008580312807270623,0.031761537112698524]]
[[-0.03724654939532387,0.19221801851873205,-0.38939881553620054],[0.05174765096295029,-0.20097805515842843,0.3582434262547952],[-0.014501101567626424,0.008760036639696385,0.031155389281405342]]
[[-0.07900925250474924,0.20082597991906298,-0.37821664705290253],[0.0931889786706991,-0.20973744201231392,0.3476283848314583],[-0.014179726165949848,0.008911462093250928,0.030588262221444236]]
[[-0.12208070759751137,0.21051891675622378,-0.3685200915039095],[0.1359363151635702,-0.2195608399102963,0.3384529944673362],[-0.013855607566058827,0.009041923154072519,0.030067097036573346]]
[[-0.16869910332974128,0.22169687501435678,-0.3595654600586069],[0.18223125159411346,-0.2308561135432431,0.32996822032142986],[-0.013532148264372202,0.009159238528886317,0.029597239737177053]]
[[-0.2214871282480993,0.23471644218698257,-0.3502490614538345],[0.2347002369690666,-0.24398808493684987,0.3210665841270071],[-0.013213108720967306,0.009271642749867309,0.02918247732682738]]
