[[-0.3817572436304652,-1.735524843272608,0.2785062715198735],[0.01587076751962426,2.0533162782664016,-0.5260875882299457],[0.3658864761108409,-0.3177914349937936,0.24758131671007227]]
[[0.09486184403766601,-1.2641060274991933,0.33889613504777005],[-0.4449333480369133,1.6133539863312256,-0.6650032901551146],[0.35007150399924736,-0.34924795883203247,0.3261071551073446]]
[[0.37544950893801343,-0.7424717224969328,0.23479574650089458],[-0.6935688937627151,1.1883774387515549,-0.6934003250759204],[0.3181193848247017,-0.4459057162546221,0.45860457857502585]]
[[0.5905923495033031,-0.1719929400480411,-0.05259772882508018],[-0.7957353131474155,0.833639486173695,-0.6660904941839366],[0.20514296364411244,-0.6616465461256539,0.7186882230090168]]
[[1.3001933634256735,0.6592686697663925,-0.7671882239524648],[-0.8152415597048379,0.5709343968144271,-0.6287179157447582],[-0.48495180372083563,-1.2302030665808197,1.395906139697223]]
[[4.984380986463607,-1.1939996578475511,1.3112267620056093],[-0.8521406799170442,0.3962322779318224,-0.6337062675346588],[-4.132240306546563,0.7977673799157288,-0.6775204944709505]]
[[-0.2218164231438733,-0.9312655252214279,1.3953310228766904],[-0.8630806471922109,0.21949398227015654,-0.596939213360316],[1.084897070336084,0.7117715429512713,-0.7983918095163745]]
[[0.4148257619418159,-0.23885896478807184,0.7857064004235261],[-0.888674386355483,0.07607200712894607,-0.6207285189352374],[0.47384862441366704,0.16278695765912576,-0.16497788148828868]]
[[0.6716244790355329,0.018850705557122524,0.7312031674261477],[-0.9503145906526832,-0.09451550211258197,-0.6663614284435664],[0.2786901116171503,0.07566479655545946,-0.06484173898258129]]
[[0.8469176389831407,0.28193637605933836,0.7526678901983209],[-1.0361416307479654,-0.3287664310956053,-0.7203366324553322],[0.1892239917648248,0.04683005503626696,-0.032331257742988714]]
[[0.9925951160468375,0.6430136030133958,0.7864323914007907],[-1.131410367566116,-0.6769187568844407,-0.7683964452296296],[0.13881525151927845,0.03390515387104484,-0.0180359461711611]]
[[1.086302398349495,1.1945761216796553,0.7823957046141053],[-1.1931933851958088,-1.2218069911928215,-0.7715775502239476],[0.10689098684631364,0.027230869513166146,-0.010818154390157752]]
[[0.9963777146342578,2.0521682275133344,0.621301692370651],[-1.0816543035840536,-2.0757534670225373,-0.6142187077817787],[0.08527658894979571,0.023585239509202938,-0.007082984588872426]]
[[0.3360820271026785,3.1826572090266847,0.00813739485702872],[-0.4063106095929156,-3.2042197324075135,-0.0027387745780526936],[0.0702285824902371,0.021562523380828834,-0.005398620278976026]]
[[-1.4197578324380093,3.616087937289852,-1.3728665947970964],[1.3598783456587604,-3.6363686214377875,1.3779053722668988],[0.05987948677924893,0.020280684147935407,-0.005038777469802389]]
[[-3.154787290119399,1.6181934507640576,-2.5210995949956345],[3.101878668046242,-1.6370975182199112,2.5263873442125657],[0.052908622073157156,0.01890406745585369,-0.005287749216931172]]
[[-2.826626606677413,-0.9182149208493483,-2.051016599273888],[2.7789615544439834,0.9011776619470244,2.0563349795024317],[0.047665052233429026,0.017037258902323923,-0.005318380228543514]]
[[-1.663127688380294,-1.8289949429304875,-1.0877389406928366],[1.6201402201870425,1.8138778614679654,1.0926681897130237],[0.042987468193251555,0.015117081462522214,-0.004929249020186987]]
[[-0.8122438637227051,-1.8205333032249287,-0.4425240252328788],[0.7735416753012996,1.8069879731121758,0.44691702543529616],[0.03870218842140556,0.013545330112752777,-0.0043930002024173045]]
[[-0.3157434603468678,-1.583960483991542,-0.08653365429583423],[0.280827459745836,1.5715872691730577,0.09044811471294957],[0.03491600060103174,0.012373214818484374,-0.003914460417115335]]
[[-0.02761325499439929,-1.3400164605238745,0.11056878488189802],[-0.004056929466051339,1.328507863098356,-0.107012358166882],[0.031670184460450626,0.011508597425518373,-0.00355642671501602]]
[[0.14998273318311534,-1.1347604492124868,0.22716142753844643],[-0.17891265571581014,1.1239101772894071,-0.22384890137787525],[0.02892992253269479,0.010850271923079857,-0.003312526160571156]]
[[0.2695072166685042,-0.9687392751780519,0.3031404216375488],[-0.2961352151214021,0.9584165221502677,-0.2999842735580072],[0.026627998452897903,0.010322753027784192,-0.003156148079541599]]
[[0.3588798269323889,-0.8332222000731023,0.3589362382733934],[-0.38357207769077584,0.8233464348485415,-0.3558764440884744],[0.024692250758386936,0.009875765224560797,-0.0030597941849190018]]
[[0.4338137776205145,-0.7189378030111421,0.4056566919388196],[-0.45687064973678576,0.7094608100870599,-0.40265616677513716],[0.023056872116271283,0.00947699292408225,-0.003000525163682448]]
[[0.5040379511466982,-0.6175207497288234,0.44994122757404925],[-0.5257033587546375,0.6084149419662057,-0.44698078954015447],[0.021665407607939238,0.00910580776261772,-0.0029604380338947803]]
[[0.5764533089958217,-0.521022564939073,0.49631443215424165],[-0.5969236545367724,0.5122734894158443,-0.4933886464771223],[0.020470345540950646,0.00874907552322874,-0.002925785677119375]]
[[0.6568340303222201,-0.42073065920918984,0.5483715068719652],[-0.6762656301750116,0.41233201995589314,-0.5454855135384954],[0.019431599852791588,0.00839863925329671,-0.0028859933334698827]]
[[0.750787030458062,-0.3052988758708344,0.6093368805391356],[-0.7693018769169947,0.29724892286908433,-0.6065039261566861],[0.018514846458932657,0.008049953001750034,-0.0028329543824494167]]
[[0.8641074657266279,-0.15755131040148357,0.682041037544237],[-0.8817975663591975,0.1498498179852592,-0.679280325879779],[0.01769010063256954,0.007701492416224356,-0.0027607116644579343]]
[[1.0018765459225638,0.051487474444403464,0.7676836295414325],[-1.01880727754651,-0.058842195552885036,-0.7650180476179046],[0.016930731623946225,0.007354721108481572,-0.0026655819235279887]]
[[1.1634156423468636,0.37406385963637023,0.8609310707017183],[-1.1796287845912403,-0.38107835235946047,-0.8583842395805107],[0.016213142244376734,0.00701449272309029,-0.0025468311212076033]]
[[1.322572204514092,0.9055178182241643,0.9330606701844841],[-1.3380898069911304,-0.9122076009455281,-0.9306525467930846],[0.01551760247703836,0.006689782721363842,-0.002408123391399595]]
[[1.3586604506921116,1.7971242316930354,0.878116624014392],[-1.3734918495110864,-1.8035186139746529,-0.8758565427584655],[0.014831398818974662,0.006394382281617456,-0.0022600812559266715]]
[[0.8718833963235966,3.107084211291666,0.3858564941359313],[-0.8860400593615511,-3.1132300055437923,-0.3837327105848134],[0.014156663037954452,0.006145794252126369,-0.0021237835511179227]]
[[-0.807963671102777,3.947114992107499,-0.9731116129387104],[0.794440035178814,-3.953070657740219,0.9751418542027337],[0.013523635923963027,0.005955665632720161,-0.0020302412640232654]]
[[-2.784012872856775,2.3322270893611066,-2.3321638614540445],[2.7710279131849918,-2.3380301484948087,2.3341597146840223],[0.012984959671783019,0.005803059133702108,-0.0019958532299775874]]
[[-2.830334478783648,-0.22053467524930265,-2.1331362049964744],[2.8177911640466577,0.21489847729436487,2.135120252198671],[0.012543314736990514,0.005636197954937777,-0.0019840472021967434]]
[[-1.8674164347112288,-1.3732383595837778,-1.2930318630908484],[1.855276461965221,1.3677973511713608,1.2949837396058814],[0.012139972746007843,0.005441008412416971,-0.0019518765150329548]]
[[-1.0638423645744302,-1.5747182727853033,-0.6618260226861885],[1.0521041997142806,1.569479390466289,0.6637208462137087],[0.011738164860149686,0.005238882319014213,-0.001894823527520208]]
[[-0.5559844838584819,-1.4722613303326797,-0.28402970905414576],[0.5446507546010876,1.467212220531892,0.2858549836836766],[0.011333729257394325,0.005049109800787725,-0.0018252746295309053]]
[[-0.24202699343791093,-1.310203308146587,-0.05954591992974071],[0.23109237955743878,1.3053229356616254,0.061300850709763585],[0.010934613880472153,0.004880372484961523,-0.0017549307800228749]]
[[-0.03830623096516257,-1.1568307844158108,0.08169727267877078],[0.027756458009487575,1.1520966742394614,-0.0800063196398969],[0.010549772955675,0.004734110176349356,-0.0016909530388738705]]
[[0.10410684906677473,-1.0261237723053314,0.17829249123703697],[-0.1142926813180702,1.0215155777761837,-0.17665583068664262],[0.01018583225129547,0.004608194529147656,-0.001636660550394353]]
[[0.2128821334853552,-0.9169690075364091,0.2512340043910344],[-0.2227288808006131,0.9124698915481481,-0.24964114468457313],[0.009846747315257889,0.004499115988261032,-0.0015928597064612457]]
[[0.30441149068462414,-0.8245446082784884,0.3125754551145676],[-0.31394578677939416,0.8201415379819519,-0.31101658182181857],[0.009534296094770018,0.004403070296536616,-0.0015588732927490205]]
[[0.38934666193799083,-0.7432947085396913,0.3699260240920549],[-0.398595319455082,0.7389782752325406,-0.36839283011693047],[0.009248657517091106,0.004316433307150673,-0.0015331939751244222]]
[[0.47562839356927844,-0.6672726836567651,0.42879147634625187],[-0.48461725643341225,0.6630367496049622,-0.427277616266909],[0.008988862864133805,0.004235934051802898,-0.0015138600793428636]]
[[0.5702845261972462,-0.5894288106373364,0.49387919580982004],[-0.5790376117502658,0.5852701132391726,-0.49238054061724507],[0.008753085553019572,0.004158697398163892,-0.0014986551925749935]]
[[0.6806542607617094,-0.500012881274424,0.5698837465206439],[-0.6891930462925836,0.4959306312329967,-0.5683985383544387],[0.008538785530874234,0.0040822500414273155,-0.001485208166205175]]
[[0.8152638978081017,-0.38348494978400505,0.6618682084842641],[-0.8236066313989958,0.37948040192531907,-0.6603971566212081],[0.008342733590894071,0.004004547858685964,-0.0014710518630559714]]
[[0.9839517452756088,-0.21230911838453428,0.7747831238653923],[-0.9921126883193974,0.2083850439894043,-0.7733294267599192],[0.008160943043788534,0.003924074395129972,-0.0014536971054730518]]
[[1.1948692971016763,0.06587583289321472,0.9099859189811818],[-1.2028578516762611,-0.06971590655828339,-0.9085551169462778],[0.007988554574584616,0.003840073665068668,-0.0014308020349039308]]
[[1.4384851356290922,0.5533537428453424,1.0506986520545507],[-1.4463049346079704,-0.5571067556101232,-1.0492980640285214],[0.007819798978878162,0.003753012764780806,-0.0014005880260293628]]
[[1.6218141548603804,1.4332514151647502,1.1089232752393239],[-1.6294625844863353,-1.4369168035048892,-1.1075604663359664],[0.007648429625954994,0.003665388340138857,-0.0013628089033574948]]
[[1.3619722204801405,2.8662953882188886,0.7774051274515428],[-1.3694420076657283,-2.869878132273486,-0.7760843666341787],[0.007469787185587726,0.0035827440545972995,-0.0013207608173640842]]
[[-0.14082464855045726,4.126216658053384,-0.48708808475742815],[0.1335378512948434,-4.129729705555599,0.4883719748775727],[0.007286797255613841,0.00351304750221519,-0.0012838901201445976]]
[[-2.313899914659911,3.0085193050805143,-2.042711280918567],[2.3067834091850696,-3.011977771732514,2.0439752276273007],[0.007116505474841833,0.0034584666519994994,-0.0012639467087341243]]
[[-2.7603482193874416,0.49869827265128136,-2.150835722911052],[2.7533753609292737,-0.5021044752373309,2.152093369476544],[0.006972858458167538,0.003406202586049593,-0.0012576465654919357]]
[[-2.0194236599024133,-0.8761382069342536,-1.4576775031012716],[2.012577433468848,0.8727925193048286,1.4589278933918421],[0.006846226433565245,0.0033456876294250424,-0.0012503902905705196]]
[[-1.2813143986095326,-1.2785180075982152,-0.8568686348034501],[1.2745913881971203,1.2752394811150964,0.8581041931071809],[0.006723010412412346,0.003278526483118626,-0.0012355583037307605]]
[[-0.7772856524554079,-1.3085832967204305,-0.4692980663657629],[0.7706883330751471,1.3053733090837043,0.470512025920396],[0.006597319380260933,0.003209987636726009,-0.001213959554633115]]
[[-0.4490633563354169,-1.2307097739785493,-0.2259481810469884],[0.4425947137034103,1.2275655901329474,0.22713676168417457],[0.006468642632006607,0.003144183845601902,-0.001188580637186144]]
[[-0.22778990557624995,-1.1329508211286017,-0.06608058628216579],[0.22145122317173355,1.129867403266125,0.06724285052365261],[0.0063386824045164126,0.0030834178624768722,-0.001162264241486822]]
[[-0.06897554036559983,-1.0415503597096731,0.04670443590602345],[0.06276583649431422,1.0385217467323546,-0.045567326664271456],[0.006209703871285611,0.003028612977318411,-0.001137109241751999]]
[[0.05404565971100191,-0.962565926189391,0.13332616029435315],[-0.06012950280482258,0.9595861238982818,-0.13221170319465303],[0.006083843093820663,0.0029798022911091456,-0.0011144570997001088]]
[[0.15778249433748603,-0.8955203371168441,0.20634335512299967],[-0.16374535700940399,0.8925838532300455,-0.2052483283554971],[0.005962862671917949,0.002936483886798626,-0.0010950267675025474]]
[[0.2533860639895701,-0.8377267690722949,0.27401970762954275],[-0.2592341597338493,0.8348289213086295,-0.2729406503694564],[0.005848095744279181,0.0028978477636654684,-0.0010790572600863444]]
[[0.3494905023725108,-0.7854011996454642,0.3425957471319092],[-0.355230960502918,0.7825382881805544,-0.34152932802875374],[0.005740458130407223,0.0028629114649098334,-0.0010664191031554303]]
[[0.4540563213498452,-0.7334211692612237,0.41767364501644],[-0.4596967939048054,0.7305905720884865,-0.4166169562627486],[0.005640472554960182,0.0028305971727372006,-0.0010566887536914364]]
[[0.5758167360819549,-0.6740590118133863,0.5052035900382914],[-0.5813650126263066,0.6712592365426029,-0.504154400029122],[0.0055482765443517,0.0027997752707834686,-0.0010491900091694024]]
[[0.7256434634190538,-0.5941390384808524,0.612261977706684],[-0.7311070593570612,0.5913697432682387,-0.6112189679105982],[0.005463595938007458,0.002769295212613725,-0.0010430097960858545]]
[[0.9177124698203137,-0.46888868915354814,0.7473687307443103],[-0.9230981379251024,0.46615066244145853,-0.7463317306957149],[0.00538566810478869,0.0027380267120896366,-0.0010370000485954226]]
[[1.1687477474045262,-0.24835172206265965,0.9186429572945889],[-1.1740608472323135,0.24564677502032742,-0.9176131668780014],[0.0053130998277873985,0.0027049470423322394,-0.001029790416587378]]
[[1.4866535716929523,0.1718944657426104,1.1223879644246786],[-1.4918972327371163,-0.1745638084590341,-1.1213680890521454],[0.005243661044164062,0.002669342716423721,-0.0010198753725332644]]
[[1.81146822622843,0.9989321183439946,1.2934843243717105],[-1.8166423376066487,-1.001563375136208,-1.292478377808637],[0.005174111378218787,0.0026312567922134114,-0.0010059465630734862]]
[[1.7962224344601143,2.4926863912401553,1.1425923918817975],[-1.801322998832656,-2.4952787397800136,-1.1416045105098722],[0.005100564372541766,0.002592348539858148,-0.0009878813719252414]]
[[0.5414979409386628,4.131049178369804,0.031137150817539778],[-0.5465189942772559,-4.133605921436183,-0.030168309471869666],[0.0050210533385931875,0.002556743066378284,-0.0009688413456701095]]
[[-1.7461401007372244,3.5701659546121127,-1.6646305725415596],[1.7411988024243967,-3.572694436782763,1.6655864156412306],[0.004941298312827692,0.0025284821706505443,-0.0009558430996709805]]
[[-2.5809818059751626,1.1996228837947922,-2.081717502474218],[2.576110405352771,-1.202127193104126,2.08266879741162],[0.0048714006223916865,0.0025043093093337805,-0.0009512949374019783]]
[[-2.0898451749968685,-0.34513214085620775,-1.5625840517947616],[2.085033692439891,0.3426542372239199,1.56353332104596],[0.004811482556977427,0.00247790363228784,-0.000949269251198612]]
[[-1.4453789753625466,-0.9310506812852747,-1.0156182268511846],[1.440623216224836,0.928602970574059,1.0165631340348136],[0.004755759137710584,0.0024477107112156355,-0.0009449071836289851]]
[[-0.9654230226964085,-1.090901000532198,-0.634032534489592],[0.9607229496688368,1.0884858499993046,0.6349695033013203],[0.004700073027571736,0.0024151505328934304,-0.0009369688117282725]]
[[-0.6366999322428045,-1.099379851202478,-0.3820891257112677],[0.6320572181178494,1.0969977546711802,0.3830151634051062],[0.004642714124955075,0.002382096531297679,-0.0009260376938385396]]
[[-0.40745965050323185,-1.0606748051693673,-0.21054158984381038],[0.40287617806162834,1.0583247740945607,0.21145482913878616],[0.004583472441603516,0.0023500310748065974,-0.0009132392949757662]]
[[-0.23928661822686995,-1.0120525044107704,-0.08656690315652545],[0.23476373702860825,1.0097325780303372,0.08746660668471],[0.004522881198261708,0.0023199263804333263,-0.0008997035281845517]]
[[-0.10756031634056577,-0.9663709538469962,0.009843852724487345],[0.10309852995112177,0.9640786346507441,-0.008957473215410126],[0.004461786389444005,0.0022923191962521392,-0.0008863795090772199]]
[[0.003670428950136185,-0.9274453143592416,0.09123354394581404],[-0.008071549917800621,0.9251779021794544,-0.09035955423627702],[0.004401120967664435,0.002267412179787269,-0.000873989709537009]]
[[0.1055838393439175,-0.8955305725431777,0.1661669010690721],[-0.10992562915152776,0.893285413542743,-0.16530386697490698],[0.004341789807610259,0.002245159000434724,-0.0008630340941651019]]
[[0.20713154928441777,-0.8691466015334278,0.2413461501719289],[-0.21141616065639157,0.8669212755451184,-0.24049234249686158],[0.004284611371973791,0.0022253259883093027,-0.0008538076750673122]]
[[0.31685395539478817,-0.8453140279156626,0.32302004718734545],[-0.3210842406631556,0.8431064953679467,-0.322173631216283],[0.004230285268367457,0.002207532547715879,-0.0008464159710624756]]
[[0.44448864843758185,-0.8186735468462429,0.4181307599313021],[-0.4486680145715932,0.8164822721920095,-0.4172899788149727],[0.004179366134011393,0.0021912746542334717,-0.0008407811163294418]]
[[0.6027697538124991,-0.7790199304378305,0.5354587437071782],[-0.6069019818886696,0.7768439938339501,-0.5346221091266504],[0.004132228076170513,0.002175936603880406,-0.0008366345805278253]]
[[0.8095926347768575,-0.7054947743052704,0.6867347969662829],[-0.8136816369828513,0.703333975606502,-0.6859013025979704],[0.004089002205993873,0.002160798698768373,-0.0008334943683124523]]
[[1.0895658453685417,-0.5528639625700223,0.8865440279330982],[-1.0936153085677651,0.5507189059415254,-0.8857133987830951],[0.004049463199223364,0.0021450566284970263,-0.0008306291500031684]]
[[1.4678809820808694,-0.21934423115154986,1.1446324778278116],[-1.4718938147066754,0.21721634011098714,-1.1438054485037537],[0.0040128326258059704,0.002127891040562699,-0.0008270293240578523]]
[[1.9208945098272021,0.5169988372961141,1.422181790132918],[-1.9248719935442296,-0.5191075211838979,-1.4213603216901072],[0.003977483717027495,0.0021086838877838092,-0.000821468442810702]]
[[2.154096367708281,2.005697670833547,1.4613618975299694],[-2.158037087899256,-2.0077852594747805,-1.460548960931627],[0.0039407201909748705,0.0020875886412332293,-0.0008129365983423685]]
[[1.2056179080880545,3.957504291162889,0.5538069667335626],[-1.2095175777906393,-3.9595708573287958,-0.5530048981918596],[0.00389966970258476,0.002066566165906786,-0.0008020685417029466]]
[[-1.1026094689098034,3.9844579467557004,-1.2135019772903686],[1.0987540968988547,-3.9865070617806886,1.214294890835069],[0.0038553720109486015,0.002049115024988224,-0.0007929135447003544]]
[[-2.2940346678499806,1.850597144501493,-1.9250827559993546],[2.29022031271885,-1.852632559882022,1.925871796808679],[0.0038143551311308034,0.0020354153805288884,-0.0007890408093244698]]
[[-2.0722802407652825,0.19913422895432795,-1.6012955513876292],[2.068500752441105,-0.20115610358293698,1.6020839155296402],[0.0037794883241774155,0.0020218746286090484,-0.0007883641420110266]]
[[-1.547597233218371,-0.5451161820783404,-1.1306576690630163],[1.543848630261923,0.5431097292665001,1.131445238052144],[0.003748602956447958,0.0020064528118403837,-0.0007875689891276572]]
[[-1.1117173021795796,-0.8271567322077172,-0.7710853110306405],[1.107998265781494,0.8251675927483141,0.7718703500552637],[0.0037190363980857716,0.0019891394594032464,-0.0007850390246231908]]
[[-0.7964996644818926,-0.9210087282565947,-0.5213351055211279],[0.7928105398738841,0.9190380426825965,0.5221155688249691],[0.0036891246080085413,0.0019706855739982077,-0.0007804633038411988]]
[[-0.5692250672158161,-0.942606387415327,-0.34556142280531504],[0.565566964069154,0.9406544507915767,0.3463355703798903],[0.0036581031466621948,0.001951936623750248,-0.0007741475745753079]]
[[-0.39907200107623686,-0.9385886154244155,-0.21584351808967694],[0.39544620529711205,0.9366550063953156,0.21661014551905075],[0.0036257957791247988,0.0019336090290998698,-0.0007666274293738045]]
[[-0.26447340384202356,-0.9280091406080417,-0.11391288959690837],[0.26088102452894385,0.9260929018288897,0.11467137446778063],[0.00359237931307968,0.0019162387791520762,-0.0007584848708722602]]
[[-0.15070511578654977,-0.91877578277101,-0.027773629608124118],[0.1471468822310505,0.9168755964295943,0.02852389457615934],[0.003558233555499265,0.0019001863414157597,-0.0007502649680352208]]
[[-0.04704035112257419,-0.9140530771975155,0.051071293600724245],[0.043516502339135635,0.9121674210151857,-0.05032885478054641],[0.0035238487834385575,0.0018856561823297818,-0.0007424388201778346]]
[[0.055400402145801185,-0.9147179345074276,0.12949334322865824],[-0.058890170425706545,0.9128452182848119,-0.12875795629836165],[0.00348976827990536,0.0018727162226155783,-0.000735386930296588]]
[[0.16536122052315325,-0.920061017961784,0.214112800900305],[-0.16881777137741233,0.9181997060206952,-0.21338341110010553],[0.0034565508542590833,0.001861311941088677,-0.0007293898001994575]]
[[0.2931525649513026,-0.9273316842784558,0.31255749679444433],[-0.2965773074159819,0.9254804112123187,-0.31183287890249667],[0.003424742464679301,0.0018512730661369868,-0.0007246178919476544]]
[[0.4528069028028029,-0.9297614257200761,0.43492632902016626],[-0.4562017497286044,0.9279191137086299,-0.4342052141705023],[0.003394846925801489,0.0018423120114462635,-0.0007211148496639762]]
[[0.6651523702168173,-0.9113636232021044,0.5956531866330943],[-0.6685196530504628,0.9095296087660506,-0.5949344188681884],[0.0033672828336456144,0.0018340144360537527,-0.000718767764905851]]
[[0.9616239124460021,-0.8336976505664232,0.8151824674082331],[-0.9649662179375195,0.8318718244761529,-0.8144652095540016],[0.0033423054915174676,0.0018258260902702856,-0.0007172578542314654]]
[[1.3837097402603802,-0.6022346775032309,1.1163955884468992],[-1.387029596096156,0.600417624257682,-1.115679599205903],[0.0033198558357759654,0.0018170532455489166,-0.000715989240996134]]
[[1.945545662089658,0.009992326507934461,1.4888476754328637],[-1.9488449398110115,-0.011799263249516023,-1.4881336511993408],[0.00329927772135333,0.0018069367415815617,-0.0007140242335228731]]
[[2.4189600836420215,1.4278308523079115,1.7182115070416109],[-2.422238980734042,-1.4296258304459992,-1.7175013144147993],[0.0032788970920203477,0.0017949781380877461,-0.0007101926268117496]]
[[1.8207115772622224,3.611587521505382,1.056077983885886],[-1.8239675951182994,-3.6133693568539567,-1.0553740323434333],[0.0032560178560769428,0.0017818353485748077,-0.0007039515424528432]]
[[-0.41061382637637606,4.229954007678209,-0.7086922265495923],[0.40738435001531653,-4.2317240810195615,0.709389579719566],[0.003229476361059534,0.0017700733413516035,-0.0006973531699736507]]
[[-1.909867625410997,2.4225953647887417,-1.6863316364210748],[1.9066645977624483,-2.424356630049592,1.6870254933317197],[0.003203027648548672,0.0017612652608504577,-0.0006938569106448942]]
[[-1.9662652561521057,0.7337515534075039,-1.5713692009803393],[1.9630850823423427,-0.735505208144003,1.572062605002423],[0.0031801738097628597,0.0017536547364991602,-0.0006934040220836226]]
[[-1.5830407501014943,-0.13670874571801608,-1.1967487314117324],[1.5798800495086698,0.13496333734835925,1.19744263591821],[0.003160700592824371,0.001745408369656841,-0.0006939045064776404]]
[[-1.2096328961965113,-0.5282899220815506,-0.8744704729651861],[1.2064898024495605,0.5265539904004508,0.875164312142527],[0.0031430937469507734,0.0017359316810997816,-0.00069383917734086]]
[[-0.9214312160088681,-0.7030386549314078,-0.6376649399048383],[0.9183051855858759,0.7013132971155096,0.6383574813135318],[0.0031260304229922048,0.0017253578158981614,-0.0006925414086933927]]
[[-0.7059746033858578,-0.7837040752048892,-0.46530659846512945],[0.7028659531707124,0.7819899877712202,0.4659964799634859],[0.0031086502151454224,0.0017140874336689976,-0.0006898814983564837]]
[[-0.5412808243548975,-0.8242591851368557,-0.3355269071551729],[0.5381903357005583,0.8225566117503191,0.3362129215429549],[0.0030904886543392596,0.0017025733865365924,-0.0006860143877819904]]
[[-0.4097330854862438,-0.8490993396316502,-0.23256596868244755],[0.40666171355608155,0.8474081060928118,0.2332472023402619],[0.003071371930162276,0.0016912335388382842,-0.0006812336578143318]]
[[-0.2984580608886298,-0.8698607576712509,-0.1454867585616772],[0.29540672806525564,0.8681803395235177,0.14616264956618685],[0.003051332823374166,0.0016804181477331512,-0.0006758910045096389]]
[[-0.1976416030848418,-0.8924666100896081,-0.0662269059768186],[0.1946110517383976,0.8907962109298118,0.06689725692996916],[0.003030551346444214,0.0016703991597963423,-0.0006703509531505564]]
[[-0.09886282598398705,-0.9201054365392966,0.011954611542987959],[0.09585351192455348,0.9184440691735795,-0.011289647694581996],[0.00300931405943357,0.0016613673657170855,-0.0006649638484059624]]
[[0.006441893118023319,-0.9543670347372072,0.09575892236930042],[-0.009429879147074707,0.9527136038997749,-0.09509887483687383],[0.002987986029051388,0.0016534308374323778,-0.0006600475324265916]]
[[0.12870068517212024,-0.9952339815860538,0.1931637489941254],[-0.13166767549293218,0.9935873707062809,-0.19250787758971163],[0.002966990320811936,0.0016466108797729162,-0.0006558714044137483]]
[[0.28262455015194127,-1.039684611038863,0.3151428104449457],[-0.28557133984702904,1.0380437784966385,-0.31449017312868],[0.002946789695087747,0.0016408325422245327,-0.0006526373162656749]]
[[0.49105826483846965,-1.0773358781851434,0.47820380192391565],[-0.4939861274041943,1.0756999714106747,-0.47755335135032195],[0.002927862565724662,0.0016359067744686736,-0.0006504505735936985]]
[[0.7908962211872853,-1.0782904718169086,0.7077750599015524],[-0.7938068789455797,1.0766589699094338,-0.7071257886672441],[0.002910657758294446,0.0016315019074749323,-0.0006492712343083527]]
[[1.2381783825894188,-0.9595347836991865,1.0389518621117113],[-1.2410738771075087,0.9579076762024791,-1.0383030299238645],[0.002895494518089875,0.0016271074967074452,-0.0006488321878468813]]
[[1.8844948333582345,-0.4991101731452144,1.4903842207545481],[-1.8873771705866562,0.49748815344285235,-1.489735703209534],[0.0028823372284216536,0.0016220197023620129,-0.0006485175450142346]]
[[2.578730119784944,0.785200339735629,1.9011684600726562],[-2.5816004622255497,-0.7868158173214315,-1.9005211838839746],[0.002870342440605708,0.001615477585802503,-0.0006472761886814508]]
[[2.3587247232216626,3.107927359562527,1.5148324035014387],[-2.3615820888245382,-3.109534680813528,-1.5141883818376785],[0.002857365602875644,0.001607321251000846,-0.0006440216637601809]]
[[0.2996071533645752,4.294150210525017,-0.172332698801368],[-0.30244838281399683,-4.2957493748448785,0.17297208559637767],[0.002841229449421598,0.001599164319861185,-0.0006393867950096421]]
[[-1.4443300694485057,2.890038686436497,-1.3752295670400039],[1.4415065298128171,-2.8916317464751065,1.3758658061459468],[0.0028235396356888136,0.0015930600386090854,-0.0006362391059429244]]
[[-1.7758110868291779,1.2356173232157976,-1.473695763983463],[1.7730035185173796,-1.2372058660788223,1.4743314160920489],[0.0028075683117982577,0.0015885428630246906,-0.00063565210858591]]
[[-1.5498973383552808,0.27668216542454493,-1.2108501274966617],[1.5471031266829336,-0.2782663781925687,1.2114866496745829],[0.0027942116723471645,0.0015842127680238114,-0.0006365221779211828]]
[[-1.2547967353919458,-0.20710005308975632,-0.9396368543174439],[1.2520138944264712,0.20552077903416258,0.9402744583187832],[0.0027828409654746316,0.0015792740555937523,-0.0006376040013393157]]
[[-1.006000789612568,-0.4548337213216194,-0.7260033385975642],[1.0032282425522139,0.4532602107913359,0.7266414640096771],[0.0027725470603539373,0.0015735105302835577,-0.0006381254121129637]]
[[-0.8117101558049585,-0.5908215583737196,-0.564561395237547],[0.808947590453655,0.5892545451885917,0.5651991188252582],[0.0027625653513034015,0.0015670131851279548,-0.0006377235877111849]]
[[-0.6596693516382731,-0.6740156821804845,-0.44040028604141107],[0.6569170012719507,0.6724556738432945,0.4410365904124209],[0.002752350366322362,0.0015600083371899698,-0.0006363043710097694]]
[[-0.5369479960587322,-0.733073269070353,-0.34093539723954996],[0.5342064388424256,0.7315204994073706,0.34156933742988],[0.002741557216306636,0.0015527696629823464,-0.0006339401903300169]]
[[-0.43307128671327,-0.7828377146445727,-0.25675732181042515],[0.43034127873343814,0.78129214048948,0.2573881273978039],[0.0027300079798318394,0.0015455741550926827,-0.0006308055873787475]]
[[-0.3395606559152066,-0.8317232184682224,-0.18058729618740102],[0.336842993606676,0.8301845393038862,0.18121443295834513],[0.002717662308530608,0.0015386791643361203,-0.0006271367709441136]]
[[-0.2488204724644954,-0.8850857149397209,-0.10610876983021257],[0.2461158769634129,0.8835534058170819,0.10673197500636232],[0.002704595501082514,0.0015323091226390336,-0.0006232051761497573]]
[[-0.15284318355865453,-0.9467435717264877,-0.026833580123623454],[0.15015220012674518,0.9452169257734573,0.027452878761291523],[0.002690983431909353,0.0015266459530304177,-0.0006192986376680667]]
[[-0.041542119796913204,-1.0194170183499365,0.06521546717650717],[0.03886502688216211,1.0178951990086083,-0.06459976152089962],[0.0026770929147510924,0.001521819341328271,-0.00061570565560755]]
[[0.09982447706362227,-1.1039746772634733,0.18140571295740604],[-0.102487752590134,1.1024567837972068,-0.18079301449552312],[0.0026632755265117384,0.0015178934662665397,-0.0006126984618828964]]
[[0.2951154650571503,-1.196116809689838,0.339598714189973],[-0.2977654261562012,1.1946019636418665,-0.3389882051518714],[0.002649961099050902,0.0015148460479714443,-0.0006105090381015906]]
[[0.5850784218331554,-1.2758501282230839,0.5691102739112456],[-0.5877160633404329,1.2743375941739363,-0.5685009858789051],[0.0026376415072775833,0.0015125340491475617,-0.000609288032340423]]
[[1.0379104258484566,-1.2754025399900162,0.9157782706545055],[-1.040537245518037,1.2738919001207465,-0.9151692423585056],[0.002626819669580437,0.001510639869269679,-0.0006090282959998613]]
[[1.7406280404748853,-0.9876071370680309,1.4267394053881504],[-1.743245898105881,0.9860985341619078,-1.4261299801207152],[0.002617857630995789,0.0015086029061230444,-0.0006094252674352231]]
[[2.6263290306893685,0.1065650747738885,2.0019599072841836],[-2.6289396074872298,-0.10807068726480837,-2.0013502309995306],[0.002610576797861073,0.0015056124909198733,-0.0006096762846527586]]
[[2.795471868003437,2.4687376797247778,1.9093267705345345],[-2.7980753948441976,-2.470238684774124,-1.90871825603004],[0.002603526840760698,0.0015010050493460135,-0.0006085145044944947]]
[[0.9966388433353908,4.173455147839745,0.37180574716630105],[-0.9992330510973715,-4.174950666628586,-0.3712001963796203],[0.0025942077619806594,0.0014955187888411766,-0.000605550786680743]]
[[-0.9175056362208871,3.231996065906747,-1.0051699274348393],[0.9149230712998766,-3.233487255416771,1.0057727702698906],[0.0025825649210104696,0.0014911895100241665,-0.0006028428350512976]]
[[-1.5089672018603622,1.6827570099046463,-1.3123388550960606],[1.5063959891469658,-1.6842454730494796,1.3129409084634496],[0.002571212713396308,0.001488463144833331,-0.0006020533673888491]]
[[-1.449470983616333,0.6770768185936172,-1.172242511306769],[1.4469093448010515,-0.6785632694943196,1.1728453924380016],[0.0025616388152817026,0.0014864509007023515,-0.0006028811312327968]]
[[-1.2451694598321603,0.12245808372374406,-0.9636940985074457],[1.2426155638769485,-0.12394244789984114,0.9642985309543795],[0.002553895955211863,0.0014843641760970872,-0.0006044324469337635]]
[[-1.046480673795324,-0.187188828604263,-0.7824737351075005],[1.0439331813384904,0.18570702492656876,0.7830797053173185],[0.0025474924568336583,0.0014818036776942424,-0.0006059702098179651]]
[[-0.8817894488878599,-0.3723627079471433,-0.6389814677540476],[0.8792475975799542,0.3708840585342101,0.6395884920254402],[0.002541851307905669,0.0014786494129332335,-0.0006070242713925955]]
[[-0.7490420483043898,-0.49441782137439255,-0.5258753099508986],[0.7465055847997019,0.4929428772569004,0.5264826527164921],[0.002536463504687902,0.0014749441174921607,-0.0006073427655935663]]
[[-0.6405318636946099,-0.5850082136867413,-0.434278232816246],[0.6380009366539614,0.5835373936152625,0.43488506567316504],[0.0025309270406485406,0.0014708200714787746,-0.0006068328569190363]]
[[-0.5486281866152957,-0.661524922858084,-0.35671235243821303],[0.5461032364001934,0.660058466298713,0.3573178689308327],[0.0025249502151022014,0.0014664565593709216,-0.0006055164926196905]]
[[-0.46655369156454085,-0.7344982767203164,-0.2869979812948789],[0.4640353454328326,0.7330362221872072,0.2876014814679442],[0.0025183461317082774,0.0014620545331091507,-0.0006035001730652764]]
[[-0.3878688074319042,-0.811213820717841,-0.21951869506320787],[0.38535778029178547,0.8097560004468787,0.22011964940176212],[0.0025110271401187732,0.0014578202709623338,-0.0006009543385542596]]
[[-0.3054730439246122,-0.8975513470817729,-0.1482835982094885],[0.3029700418554211,0.8960973938741228,0.14888169689877065],[0.002503002069191169,0.0014539532076500827,-0.000598098689282165]]
[[-0.2100645164908961,-0.9988539606291811,-0.0656658666826104],[0.2075701392108463,0.9974033260015125,0.06626105721685414],[0.0024943772800498053,0.0014506346276685835,-0.0005951905342437379]]
[[-0.08751813343763273,-1.1198537911256485,0.03959807986302525],[0.08503277150099695,1.1184057770555946,-0.03900556664905882],[0.002485361936635789,0.0014480140700538456,-0.0005925132139664338]]
[[0.08599520288210824,-1.262546496371034,0.18594625256603117],[-0.08847147987812766,1.2611003072012121,-0.18535589241555442],[0.002476276996019428,0.0014461891698219146,-0.0005903601504767565]]
[[0.35330669421103966,-1.4177644907519098,0.40531803342061157],[-0.3557742583957579,1.416319318852938,-0.404729027653539],[0.0024675641847182,0.0014451718989720139,-0.0005890057670724948]]
[[0.7918508760673183,-1.5360185595131783,0.7523546466522735],[-0.7943106558671127,1.534573729923456,-0.7517660023622075],[0.0024597797997943666,0.0014448295897221677,-0.0005886442900659624]]
[[1.5204878319764954,-1.43402010815348,1.300813909447626],[-1.5229413527675006,1.432575320682334,-1.3002246522938639],[0.002453520791005158,0.0014447874711460596,-0.0005892571537624228]]
[[2.5599092681371123,-0.5780215724671519,2.016237377614991],[-2.5623583947329442,0.5765772546686828,-2.015647021380686],[0.002449126595832036,0.001444317798469135,-0.0005903562343048026]]
[[3.1117404058796816,1.722523417142374,2.222075466477274],[-3.114186290281998,-1.7239659000923317,-2.22148473120818],[0.002445884402316415,0.001442482949957875,-0.0005907352690938493]]
[[1.6495928841489458,3.8732010031663986,0.899546950449616],[-1.6520343157971806,-3.874640258817288,-0.89895765459131],[0.0024414316482348946,0.0014392556508892934,-0.0005892958583059256]]
[[-0.35259634554720737,3.433280491562578,-0.5924571604176471],[0.35016187269152554,-3.4347168361625493,0.5930443458837094],[0.002434472855681798,0.0014363445999714106,-0.000587185466062389]]
[[-1.1774084998307335,2.0554783435345665,-1.094342576617322],[1.1749817693549534,-2.056913151533482,1.0949288464663554],[0.002426730475780227,0.0014348079989155876,-0.0005862698490333171]]
[[-1.2861331215359155,1.0469075679848476,-1.082585367943165],[1.2837132084960592,-1.0483418508594102,1.0831722588576713],[0.002419913039856357,0.0014342828745626227,-0.0005868909145065089]]
[[-1.1811554348570878,0.44594429458480067,-0.945568296234279],[1.1787408537122865,-0.4473784118017436,0.9461568374990941],[0.0024145811448011943,0.0014341172169429206,-0.0005885412648151402]]
[[-1.041088090065548,0.08817093811255744,-0.8045913991698147],[1.0386774543339479,-0.08960478348345055,0.8051820089511184],[0.0024106357315998566,0.0014338453708931185,-0.000590609781303689]]
[[-0.9131362906799722,-0.13790119274669024,-0.6853007948147987],[0.9107285573793971,0.13646797829504267,0.6858934029662425],[0.0024077333005751286,0.0014332144516475678,-0.0005926081514437993]]
[[-0.805477873592012,-0.29334107960141753,-0.5882041398985359],[0.8030723988752116,0.29190895335531025,0.5887983374189857],[0.002405474716800249,0.001432126246107281,-0.0005941975204497446]]
[[-0.7159400572003977,-0.4114019945475682,-0.5085031546138885],[0.7135365768545239,0.4099714081718179,0.5090983234223745],[0.0024034803458737653,0.0014305863757503702,-0.0005951688084860179]]
[[-0.6400581756126287,-0.5112514167400468,-0.4409715746175079],[0.6376567563955154,0.5098227466215673,0.44156699399582977],[0.0024014192171132745,0.0014286701184795317,-0.0005954193783218873]]
[[-0.5730478563771081,-0.6050686430761224,-0.3807965851954698],[0.5706488352105696,0.6036421427732356,0.38139152008585936],[0.002399021166538445,0.001426500302886747,-0.0005949348903896129]]
[[-0.5099060762344991,-0.7017472445649701,-0.3233071379896267],[0.5075099924358042,0.7003230120765918,0.32390091474238203],[0.0023960837986949446,0.0014242324883782962,-0.0005937767527553465]]
[[-0.4447507926436423,-0.808972043601688,-0.2632722206170769],[0.44235831321775687,0.8075499995756359,0.26386429452945026],[0.0023924794258854513,0.0014220440260520736,-0.0005920739123733388]]
[[-0.3694736994883882,-0.9344809357999846,-0.19374974115692079],[0.3670855347278842,0.9330608113688298,0.1943397587234772],[0.002388164760504006,0.0014201244311548085,-0.0005900175665564103]]
[[-0.27118600819033933,-1.0866760522609438,-0.10407209221559294],[0.2688028126689986,1.0852573877964125,0.10465994935546495],[0.002383195521340779,0.0014186644645311135,-0.0005878571398720081]]
[[-0.12712850491250716,-1.2737887760498403,0.02397441054466535],[0.12475075682506219,1.2723709359534205,-0.023388515863844408],[0.0023777480874449548,0.0014178400964197225,-0.0005858946808209424]]
[[0.10575972617136484,-1.4979303543298577,0.2235791300785937],[-0.10813187565608011,1.4965125700999158,-0.2229946589894826],[0.0023721494847152693,0.001417784229941915,-0.0005844710891110905]]
[[0.5108454907330053,-1.7301380875571288,0.5558755936236307],[-0.5132124015428133,1.7287195556164208,-0.5552916664035442],[0.0023669108098079406,0.0014185319407080948,-0.0005839272200864546]]
[[1.233900467650081,-1.8190138702192111,1.1182419768161067],[-1.2362631982441532,1.817593956837668,-1.11765748018823],[0.002362730594072013,0.001419913381543238,-0.0005844966278767483]]
[[2.3827975179885854,-1.2386568459606158,1.9436454263679113],[-2.3851578455276368,1.2372354717942988,-1.9430593877090463],[0.0023603275390512574,0.0014213741663168153,-0.0005860386588647893]]
[[3.2941460167684005,0.9024802612417576,2.4396270672946776],[-3.2965057310687853,-0.9039021483873744,-2.439039481892866],[0.002359714300384917,0.0014218871456167547,-0.000587585401811735]]
[[2.229755169214219,3.4072642192547256,1.3875817933446786],[-2.232114170934801,-3.408685009279727,-1.38699419032474],[0.002359001720582169,0.0014207900250013407,-0.0005876030199385227]]
[[0.22529585482125902,3.4852794739280517,-0.155465947262834],[-0.22765189922578605,-3.486698731282072,0.15605224513348115],[0.002356044404527014,0.0014192573540198722,-0.0005862978706471417]]
[[-0.7958802306493602,2.3374020037039283,-0.8294102094260729],[0.7935286819551184,-2.3388207026154397,0.8299956403412051],[0.0023515486942418846,0.0014186989115113867,-0.0005854309151321667]]
[[-1.0671456967476867,1.3698857781603129,-0.9458671476110043],[1.0647985479759556,-1.371305033439887,0.946452981042523],[0.0023471487717309637,0.001419255279574044,-0.0005858334315186709]]
[[-1.0656092419378809,0.7491141356501356,-0.8860744409921224],[1.0632654908613883,-0.7505346341281521,0.8866618344517525],[0.002343751076492604,0.0014204984780165296,-0.0005873934596300977]]
[[-0.9900831922773381,0.35912642634659936,-0.7913923757791832],[0.987741585469512,-0.36054841343274546,0.7919820662165415],[0.0023416068078261215,0.0014219870861460994,-0.0005896904373583262]]
[[-0.9043883681326728,0.10224840194633457,-0.7014889419687966],[0.9020477420120984,-0.10367180412515119,0.7020812298223432],[0.002340626120574359,0.0014234021788166208,-0.0005922878535465994]]
[[-0.8265086925726627,-0.07962823358014952,-0.6246529163447381],[0.824168124430144,0.07820368681852541,0.6252477359802884],[0.002340568142518748,0.0014245467616241037,-0.0005948196355503321]]
[[-0.7598699642413664,-0.21988710980977128,-0.5603551912173775],[0.7575288293589587,0.2184617886621695,0.5609521972231681],[0.002341134882407667,0.0014253211476017624,-0.0005970060057905756]]
[[-0.7033557266796493,-0.3386223696959144,-0.5058418930407604],[0.7010137097195992,0.33719666871655174,0.5064405433771766],[0.0023420169600500617,0.0014257009793626606,-0.0005986503364160751]]
[[-0.6543787041741927,-0.4491226289091798,-0.45787489986458785],[0.652035786503123,0.44769690737078477,0.45847453312221115],[0.00234291767106975,0.00142572153839504,-0.0005996332576233096]]
[[-0.6095901753147014,-0.5614977115438675,-0.41293258290774915],[0.6072466070063898,0.5600722443927764,0.4135324915487478],[0.0023435683083115597,0.001425467151091144,-0.0005999086409986445]]
[[-0.5645850857239652,-0.6849029201249088,-0.36677355436303755],[0.5622413444007573,0.6834778561938873,0.36737305689572036],[0.002343741323207798,0.0014250639310215182,-0.0005995025326828034]]
[[-0.5128060280938888,-0.829139958364861,-0.3134453762740638],[0.5104627627043423,0.827715284162823,0.31404389138108724],[0.0023432653895464504,0.0014246742020379054,-0.0005985151070233842]]
[[-0.4431669228033205,-1.0059307602500278,-0.24334302736090002],[0.4408248768813817,1.0045062695101372,0.2439401526908908],[0.002342045921938765,0.0014244907398905972,-0.000597125329990778]]
[[-0.3349719203866936,-1.2294178056930372,-0.1392678001471518],[0.3326318250304051,1.2279930778650923,0.1398633974017829],[0.0023400953562884444,0.001424727827944981,-0.0005955972546311395]]
[[-0.14679049983992884,-1.5129664858010519,0.03179527976951807],[0.14445292090261458,1.5115408829643395,-0.03120099561206154],[0.00233757893731428,0.0014256028367122353,-0.0005942841574565305]]
[[0.2071321176142128,-1.8495136031759454,0.33489435092056785],[-0.20946699889891718,1.8480863094554856,-0.3343007332275903],[0.002334881284704375,0.0014272937204598104,-0.0005936176929775389]]
[[0.8934472564022794,-2.126186862435109,0.8870537548368189],[-0.8957799391928475,2.124757023365382,-0.8864597136875373],[0.0023326827905681344,0.0014298390697269315,-0.0005940411492816708]]
[[2.1031667097736535,-1.8469758627622903,1.7876922435464373],[-2.1054986511391083,1.8455429400721017,-1.7870964711246564],[0.002331941365454747,0.0014329226901885852,-0.0005957724217809414]]
[[3.335633251218087,0.04468487343145347,2.5531073207812245],[-3.3379665941190866,-0.046120460793294196,-2.552509097162147],[0.0023333429009996702,0.001435587361840721,-0.0005982236190777042]]
[[2.7120791075056028,2.797208322502326,1.814682161791039],[-2.7144148389782563,-2.798645007654921,-1.814082476336641],[0.002335731472653309,0.0014366851525949974,-0.0005996854543977901]]
[[0.7904880612367055,3.3864207330795755,0.2863184226437142],[-0.7928245607849217,-3.387857449240842,-0.28571897745407265],[0.0023364995482162815,0.0014367161612664475,-0.0005994451896415562]]
[[-0.3814788178636423,2.5163235123155783,-0.5294381847744917],[0.37914352579976746,-2.5177607103215958,0.5300370785746976],[0.0023352920638748586,0.0014371980060176748,-0.0005988938002058962]]
[[-0.802337999608287,1.6318115369892796,-0.7682362166270283],[0.8000045838280536,-1.6332502605620611,0.7688354071463323],[0.0023334157802333173,0.0014387235727815972,-0.0005991905193039526]]
[[-0.9037245249173224,1.0185963991170648,-0.7878967969175774],[0.9013925648905762,-1.0200375487426523,0.7884974042161084],[0.002331960026746185,0.001441149625587648,-0.000600607298530918]]
[[-0.8957731959621192,0.6137232474598825,-0.7434908398587068],[0.8934417279012419,-0.6151673823959756,0.7440938020962796],[0.0023314680608773814,0.0014441349360929847,-0.0006029622375728521]]
[[-0.8559691398652446,0.33749630654074436,-0.6868515613011449],[0.8536370341308592,-0.33894366249542746,0.6874574914047564],[0.002332105734385352,0.0014473559546831312,-0.0006059301036115565]]
[[-0.811235318645729,0.13730445909111974,-0.6336293695726274],[0.8089014961183709,-0.13875501895875164,0.6342385416287554],[0.0023338225273580085,0.0014505598676319187,-0.000609172056127992]]
[[-0.7704094385852994,-0.018893582293500286,-0.5875629010581295],[0.7680729901688117,0.017440014245940702,0.5881752833425126],[0.0023364484164877563,0.0014535680475595857,-0.0006123822843831866]]
[[-0.7357558188232087,-0.1512282652355428,-0.548480982102616],[0.7334160710452303,0.14977199666880361,0.5490962857665189],[0.0023397477779783914,0.0014562685667391935,-0.0006153036639030239]]
[[-0.7069910255772781,-0.27350900152639207,-0.514858250497399],[0.7046475753737595,0.272050392805844,0.5154759839839744],[0.002343450203518556,0.0014586087205480658,-0.0006177334865754688]]
[[-0.6825658882857082,-0.3966167814930261,-0.48447624840883274],[0.6802186180852715,0.3951561914239462,0.4850957758330741],[0.0023472702004365925,0.0014605900690798689,-0.0006195274242413952]]
[[-0.6597470593373959,-0.5307789960180546,-0.45427031611714014],[0.6573961365070953,0.5293167298785715,0.4548909211787949],[0.002350922830300603,0.0014622661394830632,-0.0006206050616547629]]
[[-0.6338192919474612,-0.6874415773268678,-0.41954063017750415],[0.6314651517983821,0.6859778350389393,0.42016158884735155],[0.0023541401490791876,0.0014637422879285726,-0.0006209586698474078]]
[[-0.5959897787266024,-0.8811551045723326,-0.3721669727413082],[0.5936330856744212,0.8796899277296091,0.372787639165909],[0.0023566930521813157,0.001465176842723519,-0.0006206664246008235]]
[[-0.5285335020466041,-1.1314000819643162,-0.29671444219841464],[0.5261750774259019,1.1299333002437233,0.2973343532403596],[0.0023584246207023095,0.0014667817205927035,-0.0006199110419449416]]
[[-0.3934423814824601,-1.462302758742519,-0.16175990590734998],[0.3910830768158841,1.4608339408628366,0.16237890941582955],[0.0023593046665759537,0.0014688178796825623,-0.000619003508479561]]
[[-0.10621103456681799,-1.8891670683885096,0.09892345913081983],[0.10385151391741178,1.8876954957089958,-0.09830505395486216],[0.0023595206494062123,0.0014715726795136558,-0.0006184051759576633]]
[[0.5138328839178098,-2.3426825367939665,0.6172464667775838],[-0.5161925030473642,2.341207253613962,-0.6166277512604385],[0.0023596191295543432,0.0014752831800045265,-0.0006187155171453447]]
[[1.7334779829087317,-2.3773767312001906,1.555434738807988],[-1.7358386297331339,2.375896812956348,-1.5548142352272345],[0.0023606468244022094,0.0014799182438427114,-0.0006205035807537208]]
[[3.2355879878465963,-0.8137829837675081,2.5584789401678463],[-3.237951860997181,0.8122982465897919,-2.5578552584858185],[0.0023638731505844345,0.0014847371777162177,-0.000623681682027642]]
[[3.0764130879110345,2.0709874264532306,2.162759744086855],[-3.0787821719506034,-2.0724757045533018,-2.162133114652427],[0.002369084039568858,0.0014882781000712542,-0.0006266294344280596]]
[[1.3180631568017922,3.1422169912314994,0.7133245148023207],[-1.320436771335357,-3.1437072679599125,-0.7126967289837994],[0.0023736145335647766,0.0014902767284131848,-0.0006277858185213238]]
[[0.04720532052775605,2.5848469967279404,-0.20792102498765408],[-0.04958139199510893,-2.586339115156543,0.20854895486685215],[0.0023760714673528804,0.001492118428603118,-0.0006279298791980706]]
[[-0.5036433955285813,1.821282312723975,-0.5577138857677262],[0.5012661894277518,-1.8227770813821982,0.5583422545768124],[0.0023772061008295025,0.0014947686582230872,-0.000628368809086309]]
[[-0.7028035938521615,1.2425347119388244,-0.6554736407866886],[0.7004254770994205,-1.2440331211278366,0.6561033661641262],[0.0023781167527410756,0.001498409189012037,-0.0006297253774376265]]
[[-0.7624176098650207,0.8407284350327014,-0.6630595647759763],[0.7600380478996304,-0.8422313016984401,0.663691656771265],[0.0023795619653902977,0.0015028666657386492,-0.0006320919952887618]]
[[-0.7700769147188905,0.5574599971694172,-0.6420680255789153],[0.767694965635443,-0.558967870419817,0.6427033343336074],[0.002381949083447487,0.0015078732503998197,-0.0006353087546920563]]
[[-0.7603730004326502,0.3478895207041149,-0.6147579744517395],[0.7579875628167199,-0.34940268684513953,0.6153970918112843],[0.002385437615930423,0.001513166141024651,-0.0006391173595449017]]
[[-0.7471241045713308,0.1827249139951138,-0.5889410080605718],[0.7447340815205421,-0.18424343342938118,0.58958424049179],[0.0023900230507886413,0.0015185194342673524,-0.0006432324312182611]]
[[-0.7358556410841052,0.04268933882889998,-0.567022560434694],[0.7334600506334207,-0.04421309140502054,0.5676699344488959],[0.002395590450684432,0.001523752576120564,-0.0006473740142019786]]
[[-0.7285919441928133,-0.0859364175809364,-0.549251677691552],[0.7261899971370113,0.08440768541976831,0.549902961600232],[0.002401947055802012,0.001528732161168079,-0.0006512839086799539]]
[[-0.725649492914238,-0.2143255165696663,-0.5348095985188873],[0.7232406502466812,0.21279214339272226,0.5354643350315376],[0.0024088426675567378,0.0015333731769440325,-0.0006547365126502203]]
[[-0.7260892369769798,-0.35333211727243924,-0.5219448927567915],[0.7236732528543823,0.3517944753062761,0.5226024423106203],[0.0024159841225974525,0.0015376419661631475,-0.0006575495538287462]]
[[-0.7272514911930741,-0.5155557084295554,-0.5074206593354562],[0.7248284423957979,0.5140141465700135,0.5080802573996493],[0.002423048797276268,0.0015415618595419442,-0.0006595980641930369]]
[[-0.7230322321489207,-0.7177638874165191,-0.4849626679292715],[0.7206025298950124,0.7162186654812445,0.48562350247924335],[0.002429702253908178,0.0015452219352746072,-0.0006608345499718041]]
[[-0.6994639115145239,-0.9839784007898487,-0.44157785621011975],[0.6970282841584722,0.9824296119893117,0.44223917500745114],[0.00243562735605169,0.0015487888005370817,-0.0006613187973313857]]
[[-0.6236166703192337,-1.348149671325968,-0.34879092246626636],[0.6211760924919325,1.34659715194635,0.34945218380965637],[0.0024405778273012485,0.001552519379617871,-0.0006612613433899634]]
[[-0.41582497175586647,-1.847510452345134,-0.14198351660498054],[0.4133804909292743,1.8459536866673099,0.14264459885714825],[0.002444480826592147,0.0015567656778240515,-0.000661082252167692]]
[[0.11120038212727511,-2.4596033258404937,0.3202976678339664],[-0.11364801207396208,2.4580413875540112,-0.31963620062559883],[0.0024476299466869764,0.0015619382864823564,-0.0006614672083675731]]
[[1.2897542583582395,-2.808017171777807,1.2570153197715475],[-1.2922052467943257,2.806448848879066,-1.2563520109771358],[0.0024509884360861605,0.0015683228987410157,-0.0006633087944116869]]
[[2.9995820016652033,-1.6366429864622223,2.456516142756432],[-3.002038276879852,1.6350674474803388,-2.455849014876182],[0.0024562752146486833,0.0015755389818834491,-0.0006671278802505311]]
[[3.3083765655230812,1.261318904142709,2.4176912585393153],[-3.310840956188372,-1.2629009180539184,-2.417019576326568],[0.0024643906652907976,0.0015820139112093226,-0.0006716822127476568]]
[[1.7851482916075514,2.76488086659464,1.1069106205105232],[-1.7876213506720886,-2.766467539023898,-1.1062359332198386],[0.002473059064537054,0.001586672429258096,-0.0006746872906847289]]
[[0.471030851344134,2.5407420778355023,0.12073753289678982],[-0.4735107946431688,-2.5423325966777934,-0.12006145645854303],[0.002479943299034791,0.001590518842291471,-0.0006760764382467753]]
[[-0.18451907001847598,1.9302543117687783,-0.3238026295822648],[0.18203404535929002,-1.931849090073549,0.32447972226715316],[0.002485024659185967,0.0015947783047707827,-0.000677092684888367]]
[[-0.47191688866783404,1.4111560559645926,-0.49478966920314177],[0.4694276743925938,-1.4127560348797386,0.49546831867579355],[0.002489214275240273,0.0015999789151458837,-0.0006786494726518111]]
[[-0.5960368569178636,1.0301552756158887,-0.5537323892576262],[0.593543473286309,-1.031761454379986,0.554413526534992],[0.0024933836315545917,0.00160617876409742,-0.0006811372773657082]]
[[-0.6505897903294126,0.7524390816963292,-0.5691629239361826],[0.64809164172019,-0.7540523110632027,0.5698475375979538],[0.0024981486092225365,0.0016132293668735013,-0.0006846136617712179]]
[[-0.6762228768866513,0.5428385426497335,-0.5688981791570676],[0.6737189901695069,-0.5444594527080652,0.5695871364827659],[0.0025038867171443924,0.0016209100583316097,-0.0006889573256983095]]
[[-0.6910785829671287,0.3760839867175576,-0.564443241879959],[0.6885677927652755,-0.37771297351820887,0.5651371972965417],[0.002510790201853175,0.0016289868006512658,-0.0006939554165827529]]
[[-0.703676478804195,0.23459981268700816,-0.5606574904314945],[0.701157569138638,-0.23623705004837098,0.5613568403509784],[0.002518909665557007,0.0016372373613627931,-0.0006993499194840234]]
[[-0.7182491929813266,0.10536258362941849,-0.5595465097461909],[0.7157210099394699,-0.10700804670628858,0.5602513729417886],[0.002528183041856728,0.0016454630768700951,-0.0007048631955976368]]
[[-0.7369626383606713,-0.022601208537622312,-0.5617261101758757],[0.7344241853392665,0.02094771216647239,0.5624363244551233],[0.0025384530214049503,0.001653496371149921,-0.0007102142792474644]]
[[-0.7607171925268348,-0.16029905705239011,-0.5668381271816726],[0.7581677156062563,0.15863784855629012,0.5675532599742763],[0.002549476920578545,0.0016612084960999835,-0.0007151327926037388]]
[[-0.7890355504559319,-0.32094222641759906,-0.5732576752829444],[0.7864746175626846,0.3192737062485452,0.5739770506699834],[0.002560932893247268,0.0016685201690539236,-0.0007193753870390158]]
[[-0.818787492371687,-0.5228075355636167,-0.576842559186881],[0.8162150652512885,0.5211321182466702,0.57756530873241],[0.0025724271203984676,0.0016754173169465409,-0.0007227495455289306]]
[[-0.8403990835237862,-0.7934689495063496,-0.5676231418809566],[0.8378155740675306,0.7917869752958165,0.5683482929830511],[0.0025835094562556677,0.001681974210533042,-0.0007251511020944437]]
[[-0.8274773750214847,-1.1753594828814289,-0.5213163341478685],[0.8248836625516786,1.1736710969737842,0.5220429591375979],[0.0025937124698061477,0.0016883859076445356,-0.0007266249897294151]]
[[-0.7086099823909835,-1.726324879946004,-0.3776483781590074],[0.7060073357870877,1.7246298721700224,0.3783758403822179],[0.0026026466038957478,0.0016950077759816592,-0.00072746222321046]]
[[-0.29756442020238827,-2.472230529241907,0.008652284830800168],[0.2949541985081387,2.470528150811948,-0.00792394655288421],[0.0026102216942496224,0.001702378429958613,-0.0007283382779159579]]
[[0.7907522470452573,-3.1215524372606533,0.9050969226575799],[-0.7933693516482238,3.1198413214344116,-0.9043665094720766],[0.002617104602966461,0.001711115826241691,-0.000730413185503209]]
[[2.6388085475555294,-2.390023625055142,2.2525262871104053],[-2.6414338118477145,2.3883022736276622,-2.2517913666156266],[0.002625264292184789,0.0017213514274800374,-0.0007349204947784]]
[[3.3998417216103203,0.40386994186050496,2.569863070968828],[-3.402478583387087,-0.4056015991992411,-2.5691217275236333],[0.002636861776766597,0.0017316573387361539,-0.0007413434451945723]]
[[2.1720307607087537,2.2725488094327035,1.4502968663031768],[-2.1746813041765516,-2.274288954548057,-1.449549993122334],[0.0026505434677979185,0.0017401451153535898,-0.0007468731808430007]]
[[0.8712680033522734,2.386998508405246,0.4419597790996353],[-0.8739312153966642,-2.388745670584451,-0.44120942567739274],[0.0026632120443907843,0.0017471621792051507,-0.0007503534222425718]]
[[0.14071446158361983,1.9544183004676032,-0.07701299361977837],[-0.1433883283220625,-1.9561723351547207,0.07776568864126317],[0.002673866738442646,0.00175403468711747,-0.0007526950214847975]]
[[-0.22147172999635356,1.5172306985671646,-0.31308667095087667],[0.21878873504793056,-1.5189923352704024,0.31384167276429786],[0.002682994948423026,0.001761636703237829,-0.00075500181342117]]
[[-0.40413432699993607,1.1737259317685345,-0.42043267915452465],[0.4014428883969578,-1.1754962524532844,0.4211906501526857],[0.002691438602978275,0.0017703206847499652,-0.0007579709981610791]]
[[-0.502891192713016,0.9138567698536325,-0.4714118614668824],[0.5001912309250676,-0.91563690028769,0.4721737922070926],[0.00269996178794843,0.0017801304340575338,-0.0007619307402101979]]
[[-0.562570910499794,0.7135581224178682,-0.49810407262038153],[0.5598617574283814,-0.7153490745144945,0.4988710347296581],[0.002709153071412652,0.0017909520966262796,-0.0007669621092765568]]
[[-0.6047909899393146,0.5526607643331863,-0.5151624041454088],[0.6020715627104377,-0.5544633599024995,0.5159353932793134],[0.002719427228876945,0.0018025955693132625,-0.0007729891339046185]]
[[-0.6406635379471366,0.41605544470890043,-0.529666749466328],[0.6379324912808224,-0.41787028091905404,0.5304465834516447],[0.0027310466663142134,0.0018148362101536506,-0.0007798339853168576]]
[[-0.6764310139542369,0.29198673887237975,-0.5452825726896153],[0.673686874060557,-0.29381417580628977,0.5460698221525502],[0.002744139893679825,0.0018274369339100003,-0.0007872494629348355]]
[[-0.7160107391516363,0.17016367047358458,-0.5640318084926889],[0.713252027341749,-0.17200383223447063,0.5648267473684094],[0.002758711809887295,0.001840161760886058,-0.0007949388757206067]]
