[[0.0809159922698356,-0.24004584276275798,-0.06906069190111688],[-0.22290665164385542,-0.2650203554166104,0.4103537355052132],[0.1419906593740198,0.5050661981793684,-0.34129304360409635]]
[[0.08124960523148705,-0.2570839763145085,-0.05025918308729708],[-0.20535180573705356,-0.4248470968193233,0.5674684276132527],[0.1241022005055665,0.6819310731338318,-0.5172092445259555]]
[[0.08226405144187482,-0.27304094768147263,-0.028741747990546775],[-0.10085846127202988,-0.6978319651274755,0.8791002934548344],[0.01859440983015507,0.970872912808948,-0.8503585454642877]]
[[0.08496581119396954,-0.28647430026250403,-0.00404679684271567],[0.3425310884680982,-1.134554949267624,1.5326566340292263],[-0.4274968996620677,1.421029249530128,-1.5286098371865107]]
[[0.09210906196973687,-0.29519956778248446,0.023689165254546157],[2.034592950399397,-1.3553948372312794,2.6574057604259957],[-2.126702012369134,1.650594405013764,-2.681094925680542]]
[[0.11088186729909755,-0.2991570676368458,0.05221752150040923],[4.811794757628433,0.8545713814513914,1.9851650973173935],[-4.922676624927531,-0.5554143138145456,-2.037382618817803]]
[[0.15094134601254475,-0.3095756733554872,0.07677037262496128],[2.9452286457702144,2.5226148516684472,-0.7278245786104304],[-3.096169991782759,-2.2130391783129597,0.651054205985469]]
[[0.21810419012655968,-0.3364791725137365,0.09808521975820396],[0.9400621246973728,1.7240859681549359,-1.0816300490129975],[-1.1581663148239325,-1.3876067956411993,0.9835448292547935]]
[[0.33516898647311194,-0.3829327500233918,0.1205220944130774],[0.2564416825403366,1.0598274662436342,-0.8280517916804871],[-0.5916106690134486,-0.6768947162202423,0.7075296972674097]]
[[0.5689712164176267,-0.4452019267303593,0.14718034561723198],[0.03050897193283863,0.6964231509824064,-0.6129640252188395],[-0.5994801883504652,-0.25122122425204707,0.4657836796016075]]
[[1.1141428725849454,-0.4434197151936483,0.16946406395826685],[-0.05152608191989903,0.49090167319610034,-0.4715984552090348],[-1.0626167906650463,-0.047481958002452085,0.30213439125076796]]
[[2.323099335733699,0.3431342332567199,0.060586890000240166],[-0.08260333729544375,0.3653912648857491,-0.3809423971635976],[-2.2404959984382558,-0.7085254981424689,0.3203555071633575]]
[[1.3130558253577285,2.9813946268337927,-0.4618079052701254],[-0.09047333426712964,0.28360750375627375,-0.3233778393610637],[-1.222582491090599,-3.2650021305900663,0.7851857446311891]]
[[-0.9130130660331645,1.6326624465262343,-0.26679531074352497],[-0.08375479140325925,0.22646981589014598,-0.27824056923661256],[0.9967678574364237,-1.8591322624163804,0.5450358799801376]]
[[-0.7775213655122842,0.5251550998301145,-0.05990367208785784],[-0.0752229310939049,0.18382593507129844,-0.2380911878590629],[0.8527442966061891,-0.708981034901413,0.29799485994692076]]
[[-0.5220688261278527,0.1826529644166297,0.0036290102239395286],[-0.06817274515752028,0.1516243055207259,-0.20480543958092942],[0.590241571285373,-0.3342772699373556,0.2011764293569899]]
[[-0.3648699801868984,0.06326958006536336,0.023127807536194693],[-0.06237962351099438,0.12699426887804088,-0.17788344231225162],[0.42724960369789283,-0.19026384894340426,0.15475563477605692]]
[[-0.26936213059846076,0.015037929966644964,0.02877428923361778],[-0.0574565932528813,0.10784400826916532,-0.1560765430137937],[0.32681872385134203,-0.12288193823581028,0.12730225378017593]]
[[-0.2080205050420616,-0.0064159902425151676,0.029571451116238115],[-0.053167510139023585,0.09270384999996312,-0.1382388466992137],[0.2611880151810852,-0.08628785975744795,0.1086673955829756]]
[[-0.16638232531824346,-0.016415054764895423,0.028584057171135227],[-0.04937456232726789,0.08054588549509803,-0.12347501795440437],[0.21575688764551135,-0.0641308307302026,0.09489096078326914]]
[[-0.13677477646415992,-0.021044167147336815,0.026970518162067327],[-0.045990247251357384,0.0706436039002268,-0.11111253866321402],[0.1827650237155173,-0.04959943675288998,0.08414202050114669]]
[[-0.11490801223267558,-0.022991147019900345,0.0251977738454746],[-0.04295292916843106,0.06247542959966208,-0.10064853792603884],[0.15786094140110662,-0.039484282579761734,0.07545076408056424]]
[[-0.09824939988494036,-0.023542906171794994,0.023458002630505674],[-0.040215414030702196,0.05566058288844771,-0.09170421536824355],[0.13846481391564255,-0.03211767671665272,0.06824621273773789]]
[[-0.08522905203689063,-0.02335447481555862,0.021827104896373847],[-0.03773953214591029,0.04991649158574884,-0.08399094752631459],[0.1229685841828009,-0.026562016770190218,0.062163842629940735]]
[[-0.07483199424246213,-0.02277498602301612,0.020329923232265828],[-0.035493402645002295,0.045030216801710855,-0.0772860535100055],[0.11032539688746443,-0.022255230778694738,0.056956130277739686]]
[[-0.0663778692185979,-0.021996903542093424,0.018968698344023767],[-0.03344991097467021,0.0408389973987601,-0.07141559209381801],[0.0998277801932681,-0.01884209385666668,0.05244689374979425]]
[[-0.05939622065018176,-0.02112874775176348,0.017735999102298],[-0.031585758600435304,0.037216790384499036,-0.06624208917690225],[0.09098197925061707,-0.016088042632735555,0.04850609007460425]]
[[-0.05355286867551149,-0.02023241166302079,0.016620735005239903],[-0.02988080234246524,0.03406481059990958,-0.0616556955196384],[0.08343367101797673,-0.013832398936888795,0.045034960514398495]]
[[-0.04860480961094736,-0.019343143129825702,0.015610959247938006],[-0.028317555442954535,0.031304779502882275,-0.057567740786686125],[0.07692236505390189,-0.011961636373056573,0.041956781538748114]]
[[-0.04437167272293778,-0.018480632173299677,0.014695140121939263],[-0.026880789839168764,0.028874037673880887,-0.05390597690741275],[0.07125246256210654,-0.01039340550058121,0.03921083678547349]]
[[-0.04071712677872618,-0.017655347452737565,0.013862689965912781],[-0.025557208929970678,0.02672195876806959,-0.050611025733708986],[0.06627433570869685,-0.00906661131533203,0.03674833576779621]]
[[-0.037536453508884016,-0.01687224704871919,0.013104134162041592],[-0.02433517365052147,0.024807285261735375,-0.04763369545314253],[0.06187162715940549,-0.007935038213016185,0.034529561291100935]]
[[-0.03474805039359811,-0.016132995001856425,0.012411109462360705],[-0.0232044710662591,0.02309612587419088,-0.04493293115215752],[0.057952521459857215,-0.006963130872334457,0.03252182168979681]]
[[-0.032287499863275324,-0.015437305924692508,0.011776286366852913],[-0.022156117932952604,0.021560433937876874,-0.04247423361158629],[0.05444361779622793,-0.006123128013184366,0.030697947244733376]]
[[-0.03010335255204281,-0.014783769837490347,0.01119326291479943],[-0.02118219347660904,0.020176839477562714,-0.04022842763014541],[0.051285546028651846,-0.005393069640072367,0.029035164715345983]]
[[-0.028154078656736675,-0.014170361512760004,0.010656453145315057],[-0.020275696784757827,0.0189257442931421,-0.038170693983159386],[0.0484297754414945,-0.004755382780382095,0.027514240837844327]]
[[-0.02640583005697848,-0.013594755439970777,0.01016098110981722],[-0.019430425004024723,0.01779061462129762,-0.03627980218440619],[0.0458362550610032,-0.004195859181326844,0.02611882107458897]]
[[-0.024830774640071978,-0.013054519587810409,0.009702584975558771],[-0.018640869157186192,0.016757423662685626,-0.034537497607641854],[0.043471643797258167,-0.003702904074875216,0.02483491263208308]]
[[-0.023405840678291046,-0.012547232913406014,0.009277532554837951],[-0.017902124894373095,0.015814208815296934,-0.03292800829772455],[0.04130796557266414,-0.003266975901890919,0.023650475742886597]]
[[-0.02211175920290333,-0.012070554622419596,0.008882548035185173],[-0.017209815910955852,0.014950717451602317,-0.03143764534713821],[0.039321575113859183,-0.0028801628291827202,0.022555097311953036]]
[[-0.02093232575259049,-0.011622262836305557,0.008514748987742174],[-0.016560028116892674,0.014158121592211515,-0.030054476978517125],[0.037492353869483165,-0.0025358587559059587,0.021539727990774953]]
[[-0.019853825552873162,-0.01120027390810539,0.008171592478354205],[-0.015949252940320364,0.013428786593194339,-0.02876806110975546],[0.03580307849319353,-0.0022285126850889493,0.020596468631401254]]
[[-0.018864581800389937,-0.010802649598033398,0.007850829076804096],[-0.015374338400243341,0.012756082480806747,-0.02756922463969819],[0.03423892020063328,-0.001953432882773348,0.019718395562894096]]
[[-0.017954597631365095,-0.010427596758704725,0.007550463635964221],[-0.014832446796084513,0.012134229185785501,-0.026449880298813795],[0.032787044427449605,-0.0017066324270807757,0.018899416662849573]]
[[-0.017115270068235936,-0.010073462535682694,0.007268721832099175],[-0.014321018041366578,0.011558168895256243,-0.0254028738876607],[0.031436288109602514,-0.0014847063595735486,0.018134152055561528]]
[[-0.01633915976210394,-0.009738727024860432,0.007004021588016066],[-0.01383773781990099,0.011023460227901231,-0.02442185623916751],[0.03017689758200493,-0.0012847332030407983,0.017417834651151445]]
[[-0.015619804348476377,-0.00942199463489793,0.006754948626479088],[-0.013380509869921835,0.010526190072131857,-0.02350117540653153],[0.029000314218398215,-0.0011041954372339275,0.016746226780052442]]
[[-0.014951566160793572,-0.009121984949114117,0.006520235515299751],[-0.012947431808373952,0.01006289979774885,-0.022635785482852312],[0.027898997969167526,-0.0009409148486347338,0.016115549967552562]]
[[-0.014329507209495428,-0.008837523583359125,0.006298743665417698],[-0.012536773997270437,0.00963052322461683,-0.0218211691646903],[0.026866281206765867,-0.0007929996412577049,0.015522425499272602]]
[[-0.013749285948076772,-0.008567533340806191,0.006089447829070819],[-0.012146961029420953,0.009226334255454126,-0.021053271726463745],[0.025896246977497726,-0.0006588009146479348,0.014963823897392925]]
[[-0.013207071561891581,-0.0083110258365033,0.0058914227178849775],[-0.01177655547422051,0.00884790248962647,-0.02032844451099336],[0.02498362703611209,-0.0005368766531231696,0.014437021793108382]]
[[-0.012699472436791818,-0.008067093681148219,0.00570383142189381],[-0.011424243577536623,0.0084930554574335,-0.01964339638992435],[0.02412371601432844,-0.00042596177628528246,0.01393956496803054]]
[[-0.012223476169175854,-0.007834903259895993,0.005525915361715369],[-0.011088822654680407,0.008159846369751823,-0.018995151926156237],[0.023312298823856263,-0.00032494310985583044,0.01346923656444087]]
[[-0.011776399021680907,-0.0076136881081271274,0.005356985548871419],[-0.010769189953368653,0.007846526481131705,-0.018381015194008348],[0.02254558897504956,-0.00023283837300457771,0.013024029645136928]]
[[-0.011355843149679168,-0.00740274286536406,0.0051964149648880235],[-0.01046433279562379,0.007551521327003636,-0.017798538393312045],[0.021820175945302958,-0.00014877846163957598,0.012602123428424023]]
[[-0.010959660252399046,-0.007201417776482724,0.005043631899536554],[-0.010173319834673964,0.007273410226309335,-0.017245494539956767],[0.02113298008707301,-0.00007199244982661075,0.01220186264042021]]
[[-0.010585920560729682,-0.007009113703042703,0.004898114113361442],[-0.00989529328590135,0.007010908546378491,-0.016719853634611856],[0.020481213846631034,-1.7948433357868956e-6,0.011821739521250412]]
[[-0.010232886277881088,-0.006825277604948537,0.00475938371033533],[-0.009629462010407647,0.006762852312450288,-0.016219761808854018],[0.019862348288288735,0.00006242529249824965,0.011460378098518688]]
[[-0.009898988751326691,-0.006649398452407673,0.004627002623783514],[-0.009375095346373886,0.00652818481394926,-0.015743523028025536],[0.019274084097700577,0.00012121363845841223,0.011116520404242021]]
[[-0.009582808784132969,-0.006481003529363025,0.0045005686332091075],[-0.00913151759754847,0.006305944916644327,-0.01528958299620262],[0.01871432638168144,0.0001750586127186966,0.010789014362993513]]
[[-0.009283059597959416,-0.0063196550916454364,0.004379711841807732],[-0.00889810310028764,0.0060952568366428855,-0.014856514963335173],[0.018181162698247058,0.00022439825500255054,0.010476803121527442]]
[[-0.008998572044118889,-0.006164947345613996,0.004264091554682388],[-0.008674271800917429,0.005895321170768386,-0.014443007180052717],[0.01767284384503632,0.0002696261748456113,0.010178915625370329]]
[[-0.008728281727311368,-0.006016503715767739,0.004153393506381802],[-0.00845948528405522,0.005705407009801832,-0.014047851783514143],[0.017187767011366588,0.00031109670596590625,0.00989445827713234]]
[[-0.008471217762233129,-0.0058739743725533,0.004047327393658497],[-0.008253243200146617,0.0055248449875789606,-0.013669934929372284],[0.016724460962379745,0.00034912938497434027,0.009622607535713788]]
[[-0.008226492928754206,-0.0057370339942551035,0.003945624675498363],[-0.008055080047029243,0.005353021141020818,-0.013308228011527508],[0.016281572975783448,0.0003840128532342857,0.009362603336029146]]
[[-0.007993295028738575,-0.005605379739375818,0.0038480366076950262],[-0.007864562265987656,0.005189371474634998,-0.012961779833744334],[0.015857857294726233,0.00041600826474082024,0.009113743226049308]]
[[-0.0077708792784217055,-0.0054787294082620655,0.0037543324836817353],[-0.007681285617646311,0.005033377138502096,-0.01262970961612364],[0.015452164896068016,0.0004453522697599691,0.008875377132441905]]
[[-0.007558561595801188,-0.005356819774889295,0.0036642980571165162],[-0.007504872807273507,0.00488456014177885,-0.012311200735448377],[0.015063434403074696,0.00047225963311044476,0.008646902678331861]]
[[-0.0073557126637258195,-0.005239405071687614,0.003577734124947299],[-0.007334971332733126,0.004742479534728924,-0.012005495112033297],[0.014690683996458946,0.0004969255369586898,0.008427760987085997]]
[[-0.007161752667077732,-0.005126255612073016,0.003494455252449291],[-0.007171251531503531,0.00460672800158025,-0.011711888167304632],[0.014333004198581262,0.0005195276104927662,0.008217432914855341]]
[[-0.006976146617264194,-0.005017156536954793,0.003414288624099374],[-0.007013404805952264,0.0044769288143860515,-0.011429724286238601],[0.013989551423216458,0.0005402277225687413,0.008015435662139227]]
[[-0.006798400189682576,-0.004911906672932913,0.0033370730061920103],[-0.0068611420084690525,0.004352733104767513,-0.011158392727266936],[0.013659542198151627,0.0005591735681654006,0.007821319721074924]]
[[-0.0066280560103067895,-0.004810317491191327,0.0032626578088584077],[-0.0067141919701674616,0.004233817416129725,-0.010897323929536094],[0.013342247980474252,0.0005765000750616017,0.007634666120677686]]
[[-0.006464690336402953,-0.0047122121572485565,0.0031909022366679203],[-0.006572300158709074,0.00411988150382717,-0.010645986173669393],[0.013036990495112026,0.0005923306534213867,0.0074550839370014724]]
[[-0.006307910083889655,-0.004617424662758252,0.0031216745183032133],[-0.006435227452419258,0.004010646354940625,-0.010403882557582443],[0.012743137536308912,0.000606778307817627,0.007282208039279231]]
[[-0.006157350160238725,-0.004525799031472353,0.0030548512069386445],[-0.0063027490192810445,0.003905852402922831,-0.010170548253571006],[0.01246009917951977,0.0006199466285495218,0.007115697046632361]]
[[-0.006012671067249491,-0.004437188592299454,0.0029903165439395716],[-0.006174653290639418,0.0038052579154655222,-0.009945548016934671],[0.012187324357888909,0.0006319306768339324,0.006955231472995099]]
[[-0.005873556742675539,-0.004351455313121848,0.0029279618793605178],[-0.006050741020545081,0.003708637536611277,-0.009728473919911],[0.01192429776322062,0.0006428177765105704,0.006800512040550483]]
[[-0.005739712613662542,-0.004268469189685836,0.0028676851434700423],[-0.005930824422633782,0.0036157809664430236,-0.009518943287749024],[0.011670537036296324,0.0006526882232428125,0.006651258144278982]]
[[-0.0056108638383735405,-0.004188107684460384,0.0028093903641853435],[-0.0058147263772911975,0.0035264917636851903,-0.009316596816413416],[0.011425590215664739,0.0006616159207751943,0.006507206452228073]]
[[-0.005486753715119944,-0.004110255210876538,0.002752987225872905],[-0.005702279702608441,0.0034405862582880314,-0.009121096853735916],[0.011189033417728384,0.0006696689525885066,0.00636810962786301]]
[[-0.005367142240855152,-0.004034802658821579,0.002698390665474152],[-0.005593326483302091,0.0033578925625783055,-0.008932125827865213],[0.010960468724157242,0.0006769100962432746,0.00623373516239106]]
[[-0.0052518048030827675,-0.003961646957673632,0.0026455205023564327],[-0.005487717452365701,0.0032782496708771225,-0.00874938480865009],[0.01073952225544847,0.0006833972867965098,0.0061038643062936585]]
[[-0.005140530991134103,-0.0038906906735301757,0.002594301098677986],[-0.005385311420746598,0.0032015066386365506,-0.008572592189157175],[0.0105258424118807,0.0006891840348936253,0.0059782910904791885]]
[[-0.005033123514421966,-0.0038218416376123894,0.0025446610473976268],[-0.005285974750810158,0.0031275218331532294,-0.008401482475902427],[0.010319098265232123,0.0006943198044591598,0.005856821428504799]]
[[-0.004929397216715938,-0.0037550126031210412,0.002496532885361865],[-0.005189580869771012,0.0030561622487997133,-0.008235805177590146],[0.01011897808648695,0.0006988503543213281,0.005739272292228282]]
[[-0.004829178176738484,-0.003690120928082465,0.0024498528291690687],[-0.0050960098196426535,0.00298730288048886,-0.008075323783224939],[0.009925187996381138,0.0007028180475936046,0.0056254709540558695]]
[[-0.004732302886476985,-0.0036270882819585274,0.002404560531746601],[-0.005005147840589044,0.0029208261497679433,-0.007919814821409922],[0.00973745072706603,0.0007062621321905843,0.005515254289663321]]
[[-0.0046386174995661856,-0.0035658403740055585,0.0023605988577863526],[-0.004916886984858804,0.0028566213785392687,-0.007769066993483594],[0.009555504484424989,0.0007092189954662901,0.005408468135697241]]
[[-0.00454797714293676,-0.00350630670155635,0.002317913676370143],[-0.004831124758748349,0.0027945843059335924,-0.007622880373891966],[0.00937910190168511,0.000711722395622758,0.005304966697521823]]
[[-0.004460245285664965,-0.0034484203165694068,0.002276453669281923],[-0.004747763790278549,0.0027346166443305555,-0.007481065671853688],[0.009208009075943513,0.0007138036722388514,0.005204612002571765]]
[[-0.004375293159608869,-0.0033921176089422075,0.0022361701536510077],[-0.004666711520483226,0.0026766256709344505,-0.007343443548963749],[0.009042004680092097,0.0007154919380077567,0.0051072733953127425]]
[[-0.004292999226990252,-0.00333733810522271,0.0021970169177019496],[-0.004587879916399779,0.0026205238516806813,-0.007209843987905098],[0.00888087914339003,0.0007168142535420284,0.005012827070203148]]
[[-0.004213248690587701,-0.003284024281476906,0.0021589500685040034],[-0.00451118520402492,0.002566228494574087,-0.007080105707904732],[0.00872443389461262,0.0007177957869028194,0.0049211556394007285]]
[[-0.004135933042654477,-0.0032321213891817148,0.0021219278907179595],[-0.004436547619653921,0.00251366142984986,-0.006954075622987913],[0.008572480662308398,0.0007184599593318545,0.004832147732269953]]
[[-0.004060949649071553,-0.0031815772931129893,0.002085910715432093],[-0.004363891178161972,0.0024627487146056184,-0.006831608339457481],[0.008424840827233524,0.0007188285785073713,0.004745697624025387]]
[[-0.003988201365598374,-0.0031323423202891344,0.0020508607982631082],[-0.004293143456912546,0.002413420359782867,-0.006712565689359343],[0.00828134482251092,0.0007189219605062674,0.004661704891096235]]
[[-0.003917596183396719,-0.00308436911911283,0.002016742205973521],[-0.004224235394092026,0.002365610077581235,-0.006596816296994881],[0.008141831577488745,0.0007187590415315948,0.00458007409102136]]
[[-0.003849046901281472,-0.003037612527927454,0.0019835207109248193],[-0.004157101100372965,0.0023192550475720245,-0.006484235175810028],[0.008006148001654436,0.0007183574803554297,0.004500714464885208]]
[[-0.003782470822400234,-0.0029920294522719766,0.0019511636927468047],[-0.004091677682901915,0.00227429569994166,-0.006374703353232583],[0.007874148505302148,0.0007177337523303162,0.004423539660485778]]
[[-0.003717789473265036,-0.0029475787501788185,0.001919640046658546],[-0.004027905080692371,0.002230675514442457,-0.0062681075212469095],[0.007745694553957408,0.0007169032357363613,0.004348467474588363]]
[[-0.0036549283432572633,-0.0029042211249143664,0.001888920097925968],[-0.003965725910580232,0.0021883408337599196,-0.006164339710691219],[0.0076206542538374954,0.0007158802911544466,0.004275419612765252]]
[[-0.003593816642903891,-0.0028619190246118448,0.0018589755219859023],[-0.003905085322968785,0.0021472406901240776,-0.006063296987439416],[0.007498901965872676,0.0007146783344877672,0.004204321465453514]]
[[-0.0035343870793816817,-0.002820636548291711,0.0018297792698068831],[-0.0038459308666537557,0.002107326644098787,-0.005964881168789258],[0.0073803179460354374,0.0007133099041929242,0.004135101898982375]]
[[-0.0034765756478482477,-0.0027803393578060553,0.0018013054980935868],[-0.003788212362076358,0.00206855263457861,-0.005868998558522756],[0.007264788009924606,0.0007117867232274449,0.004067693060429169]]
[[-0.0034203214373265964,-0.002740994595281116,0.001773529503974989],[-0.0037318817824048916,0.0020308748391092363,-0.005775559699235476],[0.0071522032197314876,0.0007101197561718797,0.004002030195260488]]
[[-0.0033655664499846758,-0.00270257080566624,0.0017464276638463516],[-0.003676893141893126,0.001994251543725164,-0.005684479140649609],[0.007042459591877801,0.0007083192619410755,0.003938051476803257]]
[[-0.003312255432754783,-0.002665037864028837,0.001719977376062458],[-0.00362320239100734,0.001958643021568701,-0.005595675222732986],[0.0069354578237621235,0.0007063948424601359,0.003875697846670528]]
[[-0.0032603357203309933,-0.0026283669072633886,0.001694157007204274],[-0.0035707673178536183,0.0019240114196178355,-0.0055090698725436],[0.0068311030381846116,0.0007043554876455531,0.003814912865339326]]
[[-0.003209757088666739,-0.0025925302699084957,0.0016689458416637617],[-0.0035195474554733618,0.0018903206529080232,-0.005424588413807578],[0.006729304544140101,0.0007022096170004723,0.0037556425721438163]]
[[-0.0031604716181707552,-0.0025575014237897743,0.001644324034312064],[-0.003469503994608191,0.0018575363056850145,-0.00534215938831908],[0.006629975612778946,0.0006999651181047598,0.003697835354007016]]
[[-0.0031124335658681713,-0.0025232549212280755,0.0016202725660349807],[-0.0034205997015657745,0.001825625538973045,-0.0052617143883237506],[0.006533033267433945,0.0006976293822550304,0.0036414418222887697]]
[[-0.0030655992458558184,-0.0024897663415724028,0.00159677320193667],[-0.003372798840846037,0.001794557004085578,-0.00518318789911415],[0.0064383980867018555,0.0006952093374868247,0.00358641469717748]]
[[-0.003019926917437105,-0.002457012240835107,0.001573808452028061],[-0.003326067102212576,0.0017643007616446724,-0.0051065171511263064],[0.006345994019649681,0.0006927114791904342,0.0035327086990982457]]
[[-0.0029753766803728983,-0.002424970104223585,0.0015513615342306764],[-0.003280371531917643,0.0017348282057104893,-0.005031641980882201],[0.006255748212290541,0.0006901418985130954,0.0034802804466515245]]
[[-0.002931910376731347,-0.002393618301378071,0.0015294163395395183],[-0.0032356804678104465,0.0017061119926546095,-0.004958504700173611],[0.006167590844541793,0.0006875063087234613,0.0034290883606340927]]
[[-0.002889491498861646,-0.0023629360441390756,0.0015079573992005703],[-0.003191963478078248,0.0016781259744401958,-0.00488704997292917],[0.006081454976939894,0.00068481006969888,0.003379092573728599]]
[[-0.00284808510305519,-0.002332903346681005,0.0014869698537693413],[-0.003149191303387926,0.0016508451359987858,-0.004817224699248946],[0.005997276406443116,0.0006820582106822194,0.0033302548454796047]]
[[-0.002807657728492465,-0.002303500987860286,0.0014664394239268315],[-0.0031073358022122824,0.001624245536417874,-0.004748977906129675],[0.005914993530704748,0.0006792554514424121,0.003282538482202844]]
[[-0.0027681773211058703,-0.002274710475637272,0.0014463523829384615],[-0.003066369899140758,0.0015983042536757645,-0.0046822606444394165],[0.005834547220246629,0.0006764062219615073,0.003235908261500955]]
[[-0.0027296131620177227,-0.0022465140134412228,0.001426695530649884],[-0.003026267535988394,0.001572999332680518,-0.004617025891733104],[0.005755880698006116,0.0006735146807607047,0.0031903303610832205]]
[[-0.0026919358002391995,-0.0022188944683569104,0.0014074561689213206],[-0.0029870036255298556,0.0015483097363884635,-0.004553228460530424],[0.005678939425769055,0.0006705847319684469,0.0031457722916091034]]
[[-0.002655116989340225,-0.0021918353410199146,0.001388622078409137],[-0.0029485540076974103,0.0015242152997947981,-0.0044908249117050075],[0.0056036709970376354,0.0006676200412251166,0.0031022028332958708]]
[[-0.0026191296278224585,-0.002165320737115552,0.0013701814966099166],[-0.0029108954080928518,0.0015006966866044236,-0.004429773472659302],[0.00553002503591531,0.0006646240505111283,0.003059591976049386]]
[[-0.0025839477029478346,-0.0021393353403836232,0.001352123097088264],[-0.0028740053986735857,0.001477735348405504,-0.00437003395998273],[0.00545795310162142,0.0006615999919781192,0.003017910862894466]]
[[-0.002549546237793696,-0.002113864387037867,0.001334435969815134],[-0.0028378623604826125,0.0014553134861813612,-0.004311567706312259],[0.0053874085982763085,0.0006585509008565056,0.002977131736497125]]
[[-0.0025159012413225974,-0.002088893641515218,0.0013171096025485593],[-0.0028024454483008853,0.0014334140140084175,-0.004254337491134247],[0.005318346689623483,0.0006554796275068007,0.0029372278885856883]]
[[-0.0024829896612704894,-0.0020644093734756798,0.001300133863193367],[-0.0027677345571086483,0.0014120205247989733,-0.0041983074752846745],[0.005250724218379138,0.0006523888486767067,0.0028981736120913077]]
[[-0.0024507893396713497,-0.002040398335978911,0.0012834989830808206],[-0.002733710290249863,0.0013911172579578151,-0.004143443138921673],[0.005184499629921213,0.0006492810780210957,0.002859944155840852]]
[[-0.002419278970849536,-0.002016847744768571,0.0012671955411131298],[-0.0027003539292008035,0.0013706890688310364,-0.0040897112227598125],[0.00511963290005034,0.0006461586759375345,0.002822515681646683]]
[[-0.0023884380617232442,-0.001993745258599972,0.0012512144487214923],[-0.0026676474048503555,0.001350721399834102,-0.004037079672369957],[0.005056085466573599,0.0006430238587658697,0.0027858652236484645]]
[[-0.0023582468942736543,-0.0019710789605508292,0.001235546935589753],[-0.002635573270205535,0.001331200253154146,-0.003985517585361721],[0.004993820164479189,0.0006398787073966833,0.002749970649771968]]
[[-0.0023286864900445834,-0.0019488373402587913,0.001220184536098968],[-0.0026041146744413086,0.001312112164928849,-0.003934995161277886],[0.0049328011644858925,0.0006367251753299423,0.0027148106251789184]]
[[-0.0022997385765470097,-0.0019270092770330774,0.0012051190764510692],[-0.002573255338218964,0.0012934441808110163,-0.003885483654041461],[0.004872993914765974,0.0006335650962220612,0.002680364577590392]]
[[-0.0022713855554514963,-0.0019055840237908956,0.0011903426624325908],[-0.0025429795302020666,0.001275183832834226,-0.003836955326806582],[0.004814365085653563,0.0006304001909566696,0.002646612664373991]]
[[-0.0022436104724596804,-0.0018845511917724752,0.0011758476677819314],[-0.0025132720447034987,0.0012573191175007238,-0.0037893834090742206],[0.004756882517163179,0.0006272320742717514,0.002613535741292289]]
[[-0.0022163969887534006,-0.0018639007359914131,0.0011616267231259652],[-0.002484118180401247,0.0012398384750180547,-0.0037427420559426917],[0.0047005151691546475,0.0006240622609733586,0.002581115332816726]]
[[-0.0021897293539269334,-0.001843622941379801,0.0011476727054540307],[-0.00245550372006445,0.0012227307696159096,-0.003697006309371369],[0.004645233073991383,0.0006208921717638916,0.0025493336039173384]]
[[-0.0021635923803141775,-0.0018237084095900453,0.0011339787280993056],[-0.0024274149112348095,0.0012059852708791923,-0.0036521520613437466],[0.0045910072915489875,0.0006177231387108532,0.002518173333244441]]
[[-0.0021379714186285257,-0.0018041480464177128,0.0011205381311995032],[-0.0023998384478118484,0.0011895916360376035,-0.003608156018823301],[0.004537809866440375,0.0006145564103801093,0.0024876178876237975]]
[[-0.0021128523348385914,-0.001784933049811854,0.0011073444726105528],[-0.0023727614524935896,0.0011735398931559287,-0.0035649956704022633],[0.0044856137873321815,0.0006113931566559252,0.0024576511977917105]]
[[-0.0020882214882080364,-0.0017660548984413378,0.001094391519248557],[-0.0023461714600271806,0.0011578204251728838,-0.003522649254549704],[0.004434392948235217,0.0006082344732684538,0.002428257735301147]]
[[-0.0020640657104324402,-0.0017475053407876168,0.0010816732388368574],[-0.0023200564012266704,0.0011424239547397446,-0.0034810957293711434],[0.004384122111659111,0.0006050813860478722,0.002399422490534286]]
[[-0.002040372285810446,-0.0017292763847360968,0.0010691837920364302],[-0.002294404587717733,0.0011273415298131276,-0.00344031474379733],[0.004334776873528179,0.0006019348549229692,0.0023711309517609]]
[[-0.002017128932390521,-0.0017113602876399725,0.0010569175249391684],[-0.0022692046973714465,0.001112564509959201,-0.0034002866101248415],[0.004286333629761968,0.0005987957776807714,0.002343369085185673]]
[[-0.001994323784038359,-0.0016937495468319062,0.001044868961904835],[-0.0022444457603915204,0.001098084553329326,-0.0033609922778359263],[0.0042387695444298795,0.0005956649935025803,0.0023161233159310914]]
[[-0.001971945373373464,-0.0016764368905603892,0.0010330327987236045],[-0.0022201171460213714,0.0010838936042696264,-0.003322413308629331],[0.004192062519394836,0.0005925432862907626,0.0022893805099057263]]
[[-0.0019499826155266837,-0.0016594152693289632,0.0010214038960872107],[-0.002196208549839437,0.0010699838815293572,-0.0032845318525979916],[0.0041461911653661206,0.0005894313877996059,0.0022631279565107805]]
[[-0.0019284247926734611,-0.001642677847617757,0.001009977273352692],[-0.0021727099816129187,0.0010563478670351039,-0.0032473306254932883],[0.004101134774286379,0.000586329980582653,0.0022373533521405963]]
[[-0.001907261539300392,-0.0016262179959679506,0.0009987481025836686],[-0.002149611753681815,0.0010429782951998762,-0.0032107928870190715],[0.004056873292982207,0.0005832397007680744,0.002212044784435403]]
[[-0.0018864828281652756,-0.0016100292834109117,0.0009877117028549726],[-0.002126904469846769,0.0010298681427380763,-0.0031749024201021218],[0.004013387298012044,0.0005801611406728355,0.002187190717247149]]
[[-0.0018660789569132734,-0.0015941054702247747,0.0009768635348072563],[-0.0021045790147356425,0.0010170106189590575,-0.0031396435110886676],[0.0039706579716489165,0.0005770948512657172,0.0021627799762814113]]
[[-0.001846040535314071,-0.0015784405010021848,0.0009661991954389696],[-0.00208262654362525,0.001004399156513657,-0.0031050009308196498],[0.003928667078939321,0.0005740413444885276,0.00213880173538068]]
[[-0.0018263584730870326,-0.0015630284980138805,0.0009557144131238295],[-0.002061038472695882,0.0009920274025696193,-0.0030709599165400316],[0.0038873969457829142,0.0005710010954442612,0.002115245503416202]]
[[-0.0018070239682833388,-0.0015478637548536009,0.0009454050428425553],[-0.002039806469697566,0.0009798892103932495,-0.0030375061546000824],[0.003846830437980905,0.0005679745444603513,0.002092101111757527]]
[[-0.0017880284961959013,-0.0015329407303506233,0.0009352670616182895],[-0.002018922445008126,0.000967978631316001,-0.003004625763908919],[0.003806950941204028,0.0005649620990346225,0.00206935870229063]]
[[-0.0017693637987696183,-0.0015182540427369985,0.0009252965641457032],[-0.0019983785430641907,0.0009562899070659238,-0.002972305280102828],[0.003767742341833809,0.0005619641356710748,0.0020470087159571246]]
[[-0.0017510218744860812,-0.0015037984640572238,0.0009154897586043471],[-0.001978167134147323,0.0009448174624450992,-0.0029405316403930083],[0.003729189008633404,0.0005589810016121248,0.002025041881788661]]
[[-0.0017329949686984171,-0.0014895689148088018,0.0009058429626473233],[-0.001958280806508435,0.0009335558983352651,-0.0029092921690593533],[0.0036912757752068518,0.0005560130164735367,0.00200344920641203]]
[[-0.0017152755643932934,-0.0014755604588027123,0.0008963525995568399],[-0.001938712358814481,0.0009224999850148656,-0.002878574563558679],[0.003653987923207774,0.0005530604737878467,0.001982221964001839]]
[[-0.0016978563733584706,-0.0014617682982334423,0.0008870151945586706],[-0.0019194547929023472,0.0009116446557717212,-0.0028483668812176203],[0.003617311166260818,0.000550123642461721,0.00196135168665895]]
[[-0.001680730327735499,-0.001448187768948752,0.0008778273712879749],[-0.0019005013068256061,0.0009009850007964127,-0.002818657526481993],[0.003581231634561105,0.0005472027681523392,0.0019408301551940182]]
[[-0.0016638905719383234,-0.0014348143359098852,0.0008687858483993349],[-0.001881845288180569,0.000890516261342317,-0.0027894352386959617],[0.0035457358601188923,0.0005442980745675682,0.0019206493902966268]]
[[-0.0016473304549196302,-0.0014216435888334043,0.0008598874363142405],[-0.0018634803076987842,0.0008802338241390136,-0.0027606890803857902],[0.0035108107626184142,0.0005414097646943908,0.00190080164407155]]
[[-0.0016310435227678,-0.0014086712380063187,0.0008511290340996277],[-0.0018454001130937833,0.0008701332160465417,-0.0027324084260243226],[0.003476443635861583,0.000538538021959777,0.0018812793919246948]]
[[-0.001615023511618258,-0.0013958931102665635,0.0008425076264713917],[-0.0018275986231505103,0.0008602100989386532,-0.0027045829512535617],[0.0034426221347687684,0.0005356830113279103,0.0018620753247821698]]
[[-0.0015992643408639354,-0.001383305145141346,0.0008340202809171339],[-0.0018100699220464688,0.0008504602648038923,-0.0026772026225439873],[0.0034093342629104044,0.0005328448803374536,0.0018431823416268536]]
[[-0.0015837601066503706,-0.0013709033911362169,0.0008256641449326821],[-0.001792808253894166,0.0008408796310539159,-0.0026502576872702976],[0.003376568360544537,0.0005300237600823009,0.0018245935423376154]]
[[-0.001568505075641778,-0.0013586840021681144,0.0008174364433672169],[-0.0017758080174949716,0.0008314642360290642,-0.002623738664184379],[0.00334431309313675,0.0005272197661390502,0.0018063022208171617]]
[[-0.0015534936790451482,-0.0013466432341359582,0.0008093344758720993],[-0.0017590637612950014,0.0008222102346917227,-0.00259763633426728],[0.0033125574403401496,0.0005244329994442355,0.0017883018583951808]]
[[-0.001538720506880135,-0.0013347774416226947,0.0008013556144487441],[-0.0017425701785341034,0.0008131138944985261,-0.0025719417319429116],[0.0032812906854142385,0.0005216635471241685,0.0017705861174941674]]
[[-0.0015241803024831555,-0.0013230830747230087,0.000793497301091113],[-0.001726322102579479,0.0008041715914429361,-0.0025466461366370793],[0.003250502405062634,0.0005189114832800728,0.0017531488355459663]]
[[-0.0015098679572347101,-0.0013115566759911903,0.0007857570455186422],[-0.0017103145024358708,0.0007953798062601701,-0.002521741064666301],[0.003220182459670581,0.0005161768697310203,0.001735984019147659]]
[[-0.0014957785054995518,-0.0013001948775039295,0.0007781324229956066],[-0.0016945424784246647,0.0007867351207868888,-0.002497218261441638],[0.0031903209839242164,0.0005134597567170408,0.0017190858384460313]]
[[-0.0014819071197698392,-0.0012889943980330604,0.0007706210722331375],[-0.0016790012580246152,0.0007782342144684359,-0.002473069693973514],[0.003160908377794454,0.0005107601835646244,0.0017024486217403767]]
[[-0.0014682491060019562,-0.0012779520403235294,0.0007632206933702928],[-0.001663686191867264,0.0007698738610068178,-0.002449287543664221],[0.0031319352978692204,0.0005080781793167117,0.0016860668502939279]]
[[-0.0014547998991381208,-0.0012670646884720782,0.0007559290460307534],[-0.0016485927498804524,0.000761650925142946,-0.002425864199375428],[0.003103392649018573,0.0005054137633291322,0.0016699351533446746]]
[[-0.0014415550588044177,-0.0012563293054023601,0.0007487439474518912],[-0.0016337165175736492,0.0007535623595670122,-0.002402792250758703],[0.003075271576378067,0.000502766945835348,0.0016540483033068117]]
[[-0.0014285102651772634,-0.0012457429304324132,0.0007416632706831103],[-0.00161905319245911,0.0007456052019511726,-0.0023800644818375728],[0.0030475634576363733,0.0005001377284812406,0.0016384012111544625]]
[[-0.0014156613150107565,-0.0012353026769306,0.0007346849428505102],[-0.0016045985806031732,0.0007377765720990169,-0.002357673864830272],[0.0030202598956139298,0.0004975261048315832,0.0016229889219797615]]
[[-0.0014030041178177287,-0.001225005730056323,0.000727806943485072],[-0.001590348593302269,0.0007300736692065831,-0.002335613554202828],[0.0029933527111199974,0.00049493206084974,0.001607806610717756]]
[[-0.0013905346921976815,-0.0012148493445819793,0.0007210273029116814],[-0.0015762992438784634,0.0007224937692299287,-0.002313876880942634],[0.002966833936076145,0.0004923555753520506,0.0015928495780309524]]
[[-0.0013782491623051272,-0.0012048308427928067,0.0007143441006964584],[-0.0015624466445896062,0.0007150342223545378,-0.002292457347043138],[0.0029406958068947334,0.0004897966204382689,0.0015781132463466797]]
[[-0.0013661437544521813,-0.0011949476124614067,0.0007077554641499555],[-0.0015487870036493925,0.0007076924505620618,-0.0022713486201907346],[0.0029149307581015737,0.00048725516189934476,0.0015635931560407789]]
[[-0.0013542147938395573,-0.0011851971048939028,0.0007012595668839219],[-0.0015353166223528354,0.0007004659452901256,-0.0022505445286453464],[0.002889531416192393,0.0004847311596037773,0.0015492849617614246]]
[[-0.0013424587014103898,-0.0011755768330448087,0.0006948546274194216],[-0.0015220318923028905,0.000693352265181134,-0.0022300390563066183],[0.0028644905937132803,0.00048222456786367466,0.0015351844288871968]]
[[-0.0013308719908216044,-0.001166084369697833,0.0006885389078442137],[-0.001508929292734133,0.0006863490339162207,-0.002209826337957988],[0.0028398012835557374,0.00047973533578161244,0.0015212874301137743]]
[[-0.001319451265527794,-0.0011567173457099735,0.0006823107125173833],[-0.0014960053879296085,0.0006794539381306589,-0.0021899006546813055],[0.0028154566534574024,0.00047726340757931466,0.0015075899421639221]]
[[-0.0013081932159728037,-0.0011474734483163532,0.0006761683868193145],[-0.0014832568247271191,0.0006726647254072411,-0.0021702564294349665],[0.0027914500406999226,0.0004748087229091122,0.0014940880426156519]]
[[-0.001297094616884474,-0.0011383504194934003,0.0006701103159451786],[-0.0014706803301114011,0.0006659792023442976,-0.002150888222788887],[0.002767774946995875,0.0004723712171491026,0.0014807779068437084]]
[[-0.0012861523246681789,-0.0011293460543780436,0.0006641349237401994],[-0.0014582727088888077,0.0006593952326951865,-0.002131790728809944],[0.0027444250335569866,0.00046995082168285697,0.0014676558050697446]]
[[-0.0012753632748950408,-0.0011204581997407363,0.0006582406715750289],[-0.0014460308414412338,0.000652910735576236,-0.00211295877109178],[0.0027213941163362746,0.00046754746416450014,0.001454718099516751]]
[[-0.0012647244798808647,-0.0011116847525101839,0.0006524260572596455],[-0.001433951681556204,0.0006465236837402639,-0.0020943872989231823],[0.0026986761614370687,0.00046516106876991995,0.001441961241663537]]
[[-0.0012542330263520338,-0.0011030236583477711,0.00064668961399426],[-0.001422032254330149,0.0006402321019129361,-0.0020760713835894775],[0.002676265280682183,0.0004627915564348351,0.0014293817695952176]]
[[-0.001243886073194791,-0.0010944729102697625,0.0006410299093557799],[-0.0014102696541420448,0.0006340340651893549,-0.002058006214801658],[0.0026541557273368358,0.00046043884508040764,0.001416976305445878]]
[[-0.0012336808492844893,-0.001086030547315429,0.0006354455443184377],[-0.0013986610426946974,0.0006279276974883814,-0.0020401870972481615],[0.0026323418919791865,0.00045810284982704765,0.0014047415529297236]]
[[-0.001223614651391537,-0.0010776946532593437,0.0006299351523072737],[-0.0013872036471210927,0.0006219111700623277,-0.002022609447264507],[0.0026108182985126295,0.0004557834831970159,0.0013926742949572333]]
[[-0.0012136848421609521,-0.0010694633553661604,0.0006244973982831939],[-0.0013758947581533185,0.0006159827000597471,-0.0020052687896161296],[0.0025895796003142704,0.0004534806553064134,0.0013807713913329355]]
[[-0.0012038888481625404,-0.0010613348231862639,0.0006191309778583953],[-0.0013647317283517015,0.0006101405491391654,-0.0019881607543900297],[0.002568620576514242,0.00045119427404709863,0.0013690297765316343]]
[[-0.0011942241580088723,-0.0010533072673907442,0.000613834616441003],[-0.0013537119703918713,0.000604383022131693,-0.0019712810739910035],[0.002547936128400744,0.0004489242452590513,0.0013574464575500005]]
[[-0.0011846883205383536,-0.0010453789386442227,0.0006086070684078051],[-0.0013428329554075872,0.0005987084657505464,-0.0019546255802384226],[0.002527521275945941,0.00044667047289367623,0.0013460185118306174]]
[[-0.0011752789430608053,-0.0010375481265141114,0.0006034471163040282],[-0.0013320922113872452,0.000593115267345605,-0.001938190201559704],[0.0025073711544480503,0.0004444328591685062,0.001334743085255676]]
[[-0.0011659936896630894,-0.001029813158414953,0.0005983535700691323],[-0.0013214873216220563,0.0005876018537012023,-0.0019219709602767698],[0.0024874810112851457,0.0004422113047137506,0.0013236173902076375]]
[[-0.0011568302795724149,-0.0010221723985865405,0.0005933252662876593],[-0.0013110159232040072,0.000582166689875446,-0.001905963969981979],[0.0024678462027764225,0.0004400057087110944,0.00131263870369432]]
[[-0.0011477864855750843,-0.0010146242471045764,0.0005883610674641946],[-0.0013006757055717504,0.0005768082780794202,-0.0018901654330001297],[0.0024484621911468347,0.00043781596902515616,0.0013018043655359352]]
[[-0.0011388601324885095,-0.001007167138922674,0.0005834598613215551],[-0.0012904644091026774,0.0005715251565947111,-0.0018745716379333045],[0.002429324541591187,0.00043564198232796285,0.0012911117766117493]]
[[-0.001130049095684453,-0.000999799542944563,0.0005786205601213479],[-0.0012803798237494939,0.0005663158987277565,-0.0018591789572854592],[0.0024104289194339466,0.00043348364421680666,0.001280558397164111]]
[[-0.0011213512996615135,-0.000992519961125404,0.0005738421000060747],[-0.0012704197877196773,0.0005611791117995906,-0.0018439838451637732],[0.002391771087381191,0.00043134084932581335,0.0012701417451576986]]
[[-0.0011127647166649802,-0.000985326927601153,0.0005691234403620032],[-0.001260582186196269,0.0005561134361696135,-0.0018289828350539316],[0.0023733469028612494,0.00042921349143153946,0.0012598593946919283]]
[[-0.0011042873653522426,-0.000978219007844979,0.0005644635632020463],[-0.0012508649500985213,0.000551117544292078,-0.0018141725376665968],[0.0023551523154507637,0.00042710146355290097,0.0012497089744645507]]
[[-0.00109591730950204,-0.0009711947978497596,0.000559861472567927],[-0.0012412660548809659,0.0005461901398040406,-0.0017995496388524656],[0.002337183364383006,0.0004250046580457189,0.0012396881662845385]]
[[-0.0010876526567658914,-0.0009642529233357313,0.000555316193950942],[-0.0012317835193695452,0.0005413299566435815,-0.0017851108975834081],[0.0023194361761354363,0.0004229229666921497,0.001229794703632466]]
[[-0.0010794915574601266,-0.0009573920389823983,0.0005508267737306483],[-0.001222415404633487,0.0005365357581971386,-0.0017708531439972748],[0.0023019069620936134,0.0004208562807852597,0.0012200263702666265]]
[[-0.0010714322033970056,-0.0009506108276838557,0.0005463922786308455],[-0.0012131598128916669,0.000531806336474868,-0.0017567732775040836],[0.0022845920162886725,0.0004188044912089876,0.001210380998873238]]
[[-0.0010634728267534667,-0.0009439079998266871,0.0005420117951922336],[-0.001204014886452243,0.0005271405113129686,-0.0017428682649513615],[0.0022674877132057092,0.0004167674885137185,0.001200856469759128]]
[[-0.001055611698976127,-0.0009372822925896728,0.0005376844292611612],[-0.001194978806684408,0.0005225371296019704,-0.0017291351388465366],[0.002250590505660535,0.00041474516298770233,0.0011914507095853754]]
[[-0.0010478471297211862,-0.0009307324692645288,0.0005334093054939015],[-0.0011860497930211344,0.0005179950645400193,-0.0017155709956343294],[0.002233896922742321,0.00041273740472450954,0.0011821616901404278]]
[[-0.00104017746582797,-0.0009242573185969628,0.000529185566875908],[-0.0011772261019918468,0.0005135132149102308,-0.001702172994027204],[0.002217403567819817,0.0004107441036867319,0.0011729874271512958]]
[[-0.0010326010903248775,-0.0009178556541473413,0.0005250123742555374],[-0.0011685060262839877,0.0005090905043812321,-0.0016889383533870025],[0.0022011071166088652,0.0004087651497661092,0.001163925979131465]]
[[-0.0010251164214665686,-0.0009115263136703021,0.000520888905891732],[-0.0011598878938324797,0.0005047258808300357,-0.0016758643521559502],[0.002185004315299048,0.0004068004328402665,0.0011549754462642182]]
[[-0.0010177219118012563,-0.000905268158512657,0.0005168143570151821],[-0.0011513700669361485,0.0005004183156864351,-0.0016629483263353238],[0.002169091978737405,0.0004048498428262219,0.0011461339693201419]]
[[-0.001010416047267027,-0.0008990800730289723,0.000512787939402513],[-0.0011429509414001733,0.00049616680329814,-0.0016501876680101069],[0.0021533669886672005,0.0004029132697308323,0.0011373997286075938]]
[[-0.0010031973463161521,-0.0008929609640142272,0.0005088088809630428],[-0.0011346289457036891,0.0004919703603158986,-0.0016375798239180394],[0.0021378262920198413,0.0004009906036983286,0.0011287709429549967]]
[[-0.0009960643590663958,-0.0008869097601529705,0.0005048764253376879],[-0.0011264025401917016,0.0004878280250978917,-0.001625122294061534],[0.0021224668992580976,0.0003990817350550788,0.001120245868723846]]
[[-0.0009890156664783601,-0.0008809254114844338,0.0005009898315096117],[-0.0011182702162904907,0.00048373885713270796,-0.001612812630360986],[0.0021072858827688506,0.0003971865543517259,0.0011118227988513743]]
[[-0.0009820498795579577,-0.0008750068888830581,0.0004971483734262081],[-0.0011102304957457216,0.00047970193648023425,-0.0016006484353480537],[0.0020922803753036794,0.00039530495240282384,0.0011035000619218454]]
[[-0.0009751656385831242,-0.0008691531835539291,0.000493351339632053],[-0.0011022819298825081,0.0004757163632298306,-0.0015886273608975525],[0.0020774475684656323,0.0003934368203240984,0.0010952760212654994]]
[[-0.0009683616123539261,-0.0008633633065426267,0.0004895980329124502],[-0.0010944230988867048,0.00047178125697517584,-0.0015767471069966566],[0.002062784711240631,0.00039158204956745086,0.0010871490740842066]]
[[-0.0009616364974652555,-0.0008576362882590159,0.00048588776994722366],[-0.0010866526111067262,0.00046789575630520034,-0.0015650054205501463],[0.0020482891085719817,0.00038974053195381554,0.0010791176506029225]]
[[-0.0009549890176013247,-0.0008519711780145183,0.000482219880974414],[-0.0010789691023752191,0.00046405901831053837,-0.0015534000942204822],[0.002033958119976544,0.0003879121597039799,0.0010711802132460683]]
[[-0.0009484179228512179,-0.0008463670435724322,0.00047859370946355846],[-0.0010713712353499414,0.0004602702181049652,-0.0015419289653015593],[0.002019789158201159,0.000386096825467467,0.0010633352558380006]]
[[-0.0009419219890447703,-0.0008408229707108704,0.00047500861179823443],[-0.0010638576988732228,0.00045652854836129473,-0.0015305899146249983],[0.002005779687917993,0.00038429442234957565,0.001055581302826764]]
[[-0.0009355000171080869,-0.0008353380627979133,0.0004714639569675704],[-0.0010564272073494076,0.0004528332188612415,-0.0015193808654979167],[0.0019919272244574944,0.00038250484393667183,0.0010479169085303463]]
[[-0.0009291508324380339,-0.0008299114403785795,0.0004679591262664254],[-0.0010490785001396933,0.000449183456058761,-0.0015082997826711146],[0.0019782293325777273,0.00038072798431981855,0.0010403406564046891]]
[[-0.0009228732842950586,-0.0008245422407732404,0.0004644935130039671],[-0.0010418103409738162,0.0004455785026564164,-0.0014973446713367042],[0.001964683625268875,0.00037896373811682397,0.001032851158332737]]
[[-0.0009166662452137246,-0.000819229617687111,0.0004610665222203671],[-0.0010346215173780383,0.0004420176171943187,-0.001486513576154197],[0.0019512877625917629,0.00037721200049279226,0.0010254470539338297]]
[[-0.0009105286104303657,-0.0008139727408304639,0.00045767757041136314],[-0.0010275108401189184,0.00043850007365121954,-0.0014758045803041318],[0.0019380394505492842,0.0003754726671792443,0.0010181270098927689]]
[[-0.0009044592973272924,-0.0008087707955492315,0.00045432608526042785],[-0.0010204771426623712,0.00043502516105734223,-0.0014652158045683488],[0.0019249364399896635,0.0003737456344918893,0.0010108897193079208]]
[[-0.0008984572448929915,-0.0008036229824656646,0.0004510115053783112],[-0.0010135192806475248,0.00043159218311856026,-0.0014547454064360453],[0.0019119765255405164,0.0003720307993471044,0.0010037339010577342]]
[[-0.0008925214131978067,-0.0007985285171287361,0.00044773328004971613],[-0.00100663613137492,0.00042820045785153875,-0.0014443915792347914],[0.0018991575445727266,0.0003703280592771973,0.0009966582991850752]]
[[-0.0008866507828845721,-0.0007934866296739817,0.00044449086898688714],[-0.0009998265933085927,0.00042484931722947634,-0.0014341525512856922],[0.0018864773761931646,0.0003686373124445054,0.000989661682298805]]
[[-0.0008808443546737216,-0.0007884965644924889,0.0004412837420898929],[-0.0009930895855916168,0.0004215381068380952,-0.0014240265850819465],[0.0018739339402653384,0.0003669584576543938,0.0009827428429920538]]
[[-0.0008751011488824004,-0.0007835575799087474,0.00043811137921339423],[-0.000986424047574684,0.0004182661855415389,-0.001414011976490038],[0.0018615251964570845,0.0003652913943672085,0.0009759005972766439]]
[[-0.0008694202049571142,-0.0007786689478670862,0.0004349732699396954],[-0.0009798289383573153,0.0004150329251578524,-0.0014041070539728548],[0.0018492491433144296,0.00036363602270923377,0.0009691337840331595]]
[[-0.000863800581019492,-0.0007738299536264416,0.00043186891335788506],[-0.0009733032363413255,0.00041183771014373263,-0.0013943101778340502],[0.0018371038173608176,0.00036199224348270893,0.000962441264476165]]
[[-0.0008582413534247311,-0.0007690398954631913,0.000428797817848877],[-0.0009668459387961514,0.00040867993728824144,-0.0013846197394829628],[0.0018250872922208825,0.0003603599581749499,0.0009558219216340858]]
[[-0.0008527416163323178,-0.0007642980843818163,0.00042575950087617214],[-0.000960456061435694,0.0004055590154151959,-0.0013750341607194742],[0.0018131976777680118,0.00035873906896662035,0.0009492746598433021]]
[[-0.0008473004812886382,-0.0007596038438331502,0.0004227534887821635],[-0.0009541326380063149,0.0004024743650939504,-0.0013655518930381634],[0.0018014331192949531,0.00035712947873919995,0.0009427984042559998]]
[[-0.0008419170768210938,-0.000754956509439987,0.0004197793165898181],[-0.0009478747198856549,0.000399425418358301,-0.0013561714169511747],[0.0017897917967067487,0.00035553109108168605,0.0009363921003613567]]
[[-0.0008365905480433609,-0.0007503554287298265,0.00041683652780957064],[-0.000941681375691948,0.0003964116184332542,-0.0013468912413292203],[0.0017782719237353088,0.00035394381029657236,0.0009300547135196495]]
[[-0.0008313200562714444,-0.0007457999608745443,0.0004139246742512735],[-0.000935551690903513,0.0003934324194694043,-0.0013377099027601508],[0.0017668717471749575,0.00035236754140514,0.0009237852285088772]]
[[-0.0008261047786501821,-0.0007412894764367774,0.0004110433158410469],[-0.0009294847674881174,0.00039048728628467936,-0.0013286259649245653],[0.0017555895461382996,0.00035080219015209805,0.0009175826490835185]]
[[-0.0008209439077898775,-0.0007368233571228283,0.0004081920204428881],[-0.0009234797235419235,0.00038757569411322255,-0.0013196380179879377],[0.0017444236313318008,0.0003492476630096058,0.0009114459975450497]]
[[-0.0008158366514127417,-0.0007324009955418927,0.00040537036368489226],[-0.0009175356929377307,0.00038469712836118207,-0.0013107446780087615],[0.0017333723443504723,0.0003477038671807106,0.0009053743143238693]]
[[-0.0008107822320088452,-0.0007280217949714267,0.0004025779287899498],[-0.000911651824982236,0.0003818510843691934,-0.0013019445863622218],[0.0017224340569910812,0.00034617071060223333,0.000899366657572272]]
[[-0.0008057798865012808,-0.0007236851691284722,0.00039981430641078945],[-0.0009058272840820497,0.00037903706718134386,-0.0012932364091789317],[0.0017116071705833304,0.00034464810194712844,0.0008934221027681424]]
[[-0.0008008288659202553,-0.0007193905419467639,0.0003970790944692349],[-0.000900061249418213,0.000376254591320417,-0.0012846188367982869],[0.0017008901153384684,0.0003431359506263469,0.0008875397423290519]]
[[-0.0007959284350858421,-0.0007151373473594533,0.00039437189799955506],[-0.000894352914628957,0.00037350318056922176,-0.0012760905832359829],[0.0016902813497147993,0.00034163416679023153,0.0008817186852364277]]
[[-0.0007910778722991206,-0.0007109250290872847,0.0003916923289957852],[-0.0008887014875004813,0.0003707823677578185,-0.0012676503856652991],[0.0016797793597996017,0.0003401426613294662,0.0008759580566695137]]
[[-0.0007862764690414564,-0.000706753040432066,0.0003890400062629051],[-0.0008831061896655008,0.000368091694556459,-0.0012592970039117192],[0.001669382658706957,0.000338661345875607,0.0008702569976488141]]
[[-0.0007815235296816721,-0.000702620844075281,0.00038641455527176115],[-0.0008775662563093517,0.0003654307112740668,-0.0012510292199605073],[0.0016590897859910239,0.00033719013280121427,0.0008646146646887462]]
[[-0.0007768183711908703,-0.0006985279118816986,0.0003838156080176245],[-0.000872080935883427,0.0003627989766620865,-0.0012428458374768537],[0.0016488993070742973,0.00033572893521961213,0.0008590302294592293]]
[[-0.0007721603228646806,-0.0006944737247078312,0.0003812428028822799],[-0.0008666494898257424,0.00036019605772353913,-0.0012347456813382224],[0.001638809812690423,0.0003342776669842921,0.0008535028784559424]]
[[-0.0007675487260527082,-0.0006904577722151101,0.0003786957844995451],[-0.000861271192288419,0.0003576215295271261,-0.0012267275971785464],[0.0016288199183411272,0.000332836242687984,0.0008480318126790012]]
[[-0.0007629829338949692,-0.0006864795526876397,0.00037617420362412066],[-0.0008559453298718921,0.00035507497502622874,-0.0012187904509439224],[0.0016189282637668612,0.000331404577661411,0.0008426162473198018]]
[[-0.0007584623110651073,-0.0006825385728544037,0.00037367771700367816],[-0.0008506712013656541,0.00035255598488265514,-0.001210933128459477],[0.0016091335124307615,0.0003299825879717486,0.0008372554114557988]]
[[-0.0007539862335201852,-0.0006786343477157951,0.0003712059872540915],[-0.0008454481174953468,0.0003500641572949938,-0.001203154535007076],[0.001599434351015532,0.0003285701904208013,0.0008319485477529845]]
[[-0.000749554088256868,-0.0006747664003743553,0.0003687586827377262],[-0.0008402754006760228,0.00034759909783143493,-0.0011954535949135721],[0.0015898294889328908,0.0003271673025429204,0.0008266949121758459]]
[[-0.0007451652730738005,-0.0006709342618695947,0.00036633547744469583],[-0.0008351523847714065,0.0003451604192669258,-0.0011878292511492813],[0.001580317657845207,0.00032577384260266886,0.0008214937737045855]]
[[-0.0007408191963400044,-0.0006671374710167928,0.00036393605087700815],[-0.0008300784148589841,0.0003427477414245348,-0.001180280464936405],[0.0015708976111989885,0.00032438972959225804,0.0008163444140593968]]
[[-0.0007365152767691155,-0.0006633755742496574,0.0003615600879355148],[-0.0008250528470007622,0.00034036069102089567,-0.0011728062153671076],[0.0015615681237698778,0.00032301488322876166,0.0008112461274315928]]
[[-0.000732252943199298,-0.0006596481254667422,0.00035920727880958946],[-0.000820075048019537,0.0003379989015156146,-0.00116540549903098],[0.001552327991218835,0.00032164922395112763,0.0008061982202213905]]
[[-0.0007280316343786626,-0.0006559546858815185,0.00035687731886945825],[-0.0008151443952805214,0.0003356620129645237,-0.0011580773296516237],[0.001543176029659184,0.0003202926729169948,0.0008012000107821655]]
[[-0.000723850798756042,-0.0006522948238759997,0.00035456990856110835],[-0.0008102602764781855,0.0003333496718766672,-0.0011508207377320995],[0.0015341110752342276,0.00031894515199933256,0.0007962508291709912]]
[[-0.0007197098942769585,-0.0006486681148578225,0.0003522847533037051],[-0.0008054220894281623,0.0003310615310749136,-0.001143634770208991],[0.0015251319837051207,0.00031760658378290885,0.000791350016905286]]
[[-0.0007156083881846424,-0.0006450741411206894,0.0003500215633894468],[-0.0008006292418640874,0.00032879724956008725,-0.0011365184901148456],[0.00151623763004873,0.0003162768915606022,0.0007864969267253989]]
[[-0.0007115457568259591,-0.0006415124917080852,0.00034778005388579313],[-0.0007958811512392293,0.00032655649237851793,-0.0011294709762487566],[0.0015074269080651882,0.00031495599932956713,0.0007816909223629634]]
[[-0.0007075214854620969,-0.0006379827622801715,0.00034555994454],[-0.0007911772445327905,0.00032433893049291067,-0.001122491322854863],[0.0014986987299948874,0.0003136438317872609,0.000776931378314863]]
[[-0.0007035350680838941,-0.0006344845549837856,0.00034336095968589967],[-0.0007865169580607447,0.0003221442406564404,-0.0011155786393085496],[0.001490052026144639,0.0003123403143273452,0.00077221767962265]]
[[-0.0006995860072316624,-0.0006310174783254462,0.00034118282815286544],[-0.0007818997372910921,0.0003199721052899785,-0.0011087320498101329],[0.0014814857445227545,0.00031104537303546767,0.0007675492216572674]]
[[-0.0006956738138193892,-0.0006275811470472991,0.00033902528317690224],[-0.0007773250366634155,0.0003178222123623645,-0.001101950693085831],[0.0014729988504828047,0.00030975893468493463,0.0007629254099089285]]
[[-0.0006917980069631922,-0.000624175182005914,0.00033688806231380356],[-0.0007727923194126166,0.00031569425527363225,-0.0010952337220958143],[0.0014645903263758087,0.0003084809267322817,0.0007583456597820106]]
[[-0.0006879581138139108,-0.0006207992100538645,0.00033477090735432364],[-0.0007683010573967286,0.0003135879327411123,-0.00108858030374915],[0.0014562591712106395,0.0003072112773127522,0.0007538093963948263]]
[[-0.0006841536693937171,-0.0006174528639240128,0.0003326735642413078],[-0.00076385073092869,0.0003115029486883257,-0.00108198961862545],[0.001448004400322407,0.0003059499152356871,0.0007493160543841421]]
[[-0.000680384216436638,-0.0006141357821164305,0.00033059578298873064],[-0.0007594408286119807,0.0003094390121365927,-0.0010754608607030413],[0.0014398250450486185,0.0003046967699798377,0.0007448650777143106]]
[[-0.0006766493052328797,-0.000610847608787885,0.0003285373176025903],[-0.0007550708471800122,0.0003073958370992794,-0.0010689932370934834],[0.0014317201524128918,0.0003034517716886056,0.0007404559194908931]]
[[-0.000672948493476849,-0.0006075879936438259,0.0003264979260036115],[-0.000750740291339182,0.0003053731424786106,-0.001062585967782267],[0.001423688784816031,0.0003022148511652152,0.0007360880417786556]]
[[-0.0006692813461187732,-0.0006043565918328033,0.00032447736995170885],[-0.0007464486736154861,0.0003033706519649755,-0.0010562382853755213],[0.0014157300197342594,0.00030098593986782775,0.0007317609154238125]]
[[-0.0006656474352198215,-0.0006011530638432605,0.0003224754149721631],[-0.0007421955142046034,0.0003013880939386585,-0.0010499494348525744],[0.0014078429494244248,0.000299764969904602,0.0007274740198804113]]
[[-0.0006620463398106254,-0.0005979770754026324,0.00032049183028346904],[-0.0007379803408253634,0.00029942520137392955,-0.0010437186733242142],[0.001400026680635989,0.00029855187402870275,0.0007232268430407453]]
[[-0.0006584776457531184,-0.0005948282973786955,0.000318526388726808],[-0.0007338026885765012,0.00029748171174542615,-0.001037545269796493],[0.0013922803343296196,0.00029734658563326935,0.0007190188810696852]]
[[-0.0006549409456055947,-0.0005917064056831108,0.00031657886669710463],[-0.0007296620997966242,0.0002955573669367668,-0.0010314285049399323],[0.0013846030454022188,0.00029614903874634397,0.0007148496382428279]]
[[-0.0006514358384909057,-0.0005886110811771002,0.00031464904407562636],[-0.0007255581239273001,0.0002936519131513344,-0.0010253676708639886],[0.0013769939624182059,0.0002949591680257658,0.0007107186267883623]]
[[-0.0006479619299677128,-0.000585542009579208,0.00031273670416408824],[-0.0007214903173791946,0.0002917651008251714,-0.0010193620708966403],[0.0013694522473469074,0.0002937769087540366,0.0007066253667325522]]
[[-0.0006445188319047086,-0.0005824988813750882,0.0003108416336202198],[-0.000717458243401171,0.0002898966845419269,-0.0010134110193689612],[0.0013619770753058795,0.0002926021968331613,0.0007025693857487414]]
[[-0.0006411061623577323,-0.0005794813917292689,0.00030896362239476023],[-0.0007134614719522851,0.000288046422949804,-0.0010075138414045522],[0.0013545676343100174,0.0002914349687794649,0.0006985502190097918]]
[[-0.0006377235454497036,-0.0005764892403988464,0.00030710246366984635],[-0.0007094995795765954,0.000286214078680451,-0.0010016698727137062],[0.001347223125026299,0.0002902751617183953,0.0006945674090438598]]
[[-0.0006343706112532969,-0.0005735221316490558,0.00030525795379875354],[-0.000705572149280723,0.0002843994182697455,-0.0009958784593921848],[0.0013399427605340199,0.00028912271337931027,0.0006906205055934314]]
[[-0.0006310469956762885,-0.0005705797741706751,0.00030342989224695956],[-0.0007016787704140852,0.0002826022120804203,-0.0009901389577244837],[0.0013327257660903737,0.0002879775620902549,0.0006867090654775242]]
[[-0.000627752340349499,-0.0005676618809992123,0.0003016180815344962],[-0.0006978190385517443,0.00028082223422648246,-0.0009844507339914757],[0.0013255713789012433,0.00028683964677272977,0.0006828326524569795]]
