[[0.004559817305816071,0.032444276746166456,0.04290991777409077],[0.026655782267522937,-0.011945258192519459,-0.0016199120604459731],[-0.031215599573339012,-0.020499018553646997,-0.041290005713644794]]
[[0.007114792963646525,0.03498681796152449,0.04194278800276105],[0.027172664822376506,-0.015835212532838,-0.0005697898695900538],[-0.03428745778602303,-0.019151605428686484,-0.041372998133170996]]
[[0.010201056434487427,0.037681362229413,0.040295751742985435],[0.0267805404634135,-0.020089024130189044,0.0009439852957757655],[-0.036981596897900926,-0.017592338099223954,-0.0412397370387612]]
[[0.014018602263601838,0.040130763974784614,0.03785532943430214],[0.025221872182055523,-0.0242591981195753,0.0030057584830695825],[-0.03924047444565736,-0.01587156585520931,-0.040861087917371725]]
[[0.01858458428832093,0.041757367840506966,0.03464706089635423],[0.02244435321053522,-0.027708043754394424,0.005559217620163481],[-0.04102893749885615,-0.014049324086112543,-0.0402062785165177]]
[[0.023615326476862333,0.04202412715397283,0.03090087743334561],[0.018722707307184037,-0.029834378298885945,0.008347023643198417],[-0.042338033784046374,-0.012189748855086889,-0.03924790107654402]]
[[0.028587270790876564,0.0407259809290428,0.02699174894493356],[0.014597919710550486,-0.03037157073968885,0.010975839185043695],[-0.04318519050142705,-0.010354410189353954,-0.037967588129977255]]
[[0.032975115867781804,0.038099882540771096,0.023272332640805943],[0.010635249963129836,-0.029503869939244795,0.013088582051244937],[-0.04361036583091164,-0.008596012601526306,-0.03636091469205088]]
[[0.03646941335581621,0.03465646198759126,0.019936744464620536],[0.007199607723626862,-0.02770256735609042,0.014503488221823777],[-0.04366902107944307,-0.006953894631500836,-0.03444023268644431]]
[[0.03901793226229312,0.0309133593509753,0.01700907759495343],[0.004405776419610135,-0.025461205388770537,0.015225715401063562],[-0.043423708681903254,-0.00545215396220476,-0.032234792996016996]]
[[0.040731864974160564,0.02723484790925,0.01441624553707544],[0.002204383038884308,-0.02313447374527211,0.01537207862264589],[-0.042936248013044874,-0.004100374163977889,-0.02978832415972133]]
[[0.041775566032279964,0.023811914693528752,0.012063048758431567],[0.0004863509513346126,-0.02091564806080715,0.015091800475207237],[-0.042261916983614575,-0.0028962666327216006,-0.027154849233638804]]
[[0.04230122967550187,0.02071188935943795,0.00987250267040823],[-0.0008549933984670741,-0.01888262128502572,0.014521256911195088],[-0.0414462362770348,-0.0018292680744122266,-0.02439375958160332]]
[[0.04242711275328935,0.017934699337085455,0.007796289485682182],[-0.0019029467589132126,-0.017050495647099248,0.013768777194579826],[-0.04052416599437614,-0.0008842036899862089,-0.021565066680262007]]
[[0.04223867739240913,0.015451858539505568,0.005810740852169892],[-0.0027176031372309344,-0.015407466981101306,0.012914724335446362],[-0.039521074255178194,-0.000044391558404261594,-0.018725465187616253]]
[[0.04179701485226946,0.013227635092025514,0.003908964400967673],[-0.003342320645574998,-0.013933754431774352,0.012016545109875645],[-0.03845469420669446,0.0007061193397488365,-0.015925509510843316]]
[[0.04114725397294902,0.011228450075454227,0.0020937117850757863],[-0.003809877949631039,-0.012609666157126737,0.01111421958922056],[-0.037337376023317985,0.0013812160816725101,-0.013207931374296345]]
[[0.040324756199741955,0.009425970022575749,0.0003721937566107769],[-0.0041466080747514745,-0.011418127838865113,0.010234755627419238],[-0.036178148124990483,0.0019921578162893647,-0.010606949384030015]]
[[0.03935904495168876,0.007797316169948825,-0.0012472767364634446],[-0.004374716693353712,-0.010344883076856312,0.00939561752498735],[-0.03498432825833504,0.002547566906907487,-0.008148340788523906]]
[[0.03827603635880657,0.0063241986770992365,-0.002757265052292982],[-0.004513426420998998,-0.009377954996474158,0.008607300092526303],[-0.03376260993780757,0.00305375631937492,-0.00585003504023332]]
[[0.037099165880743745,0.004991820763321971,-0.004152250234541407],[-0.00457949535890269,-0.008507032295413965,0.007875268609313129],[-0.03251967052184106,0.0035152115320919945,-0.0037230183747717217]]
[[0.03584986741591651,0.0037878956756850876,-0.00542904360770887],[-0.004587460163630149,-0.0077229937354534196,0.007201427983589016],[-0.03126240725228636,0.003935098059768332,-0.0017723843758801453]]
[[0.03454771314929468,0.0027018808357290496,-0.006586821679789157],[-0.004549790601613255,-0.0070175976182314794,0.006585233939266704],[-0.02999792254768143,0.00431571678250243,1.587740522453196e-6]]
[[0.03321040577588611,0.0017244305375324115,-0.00762693140091137],[-0.004477038166068117,-0.006383300593775057,0.0060245263589303885],[-0.028733367609817994,0.004658870056242645,0.0016024050419809815]]
[[0.031853733231275654,0.0008470308176749507,-0.008552574541457025],[-0.004378004434574256,-0.005813160556783248,0.005516145188143059],[-0.027475728796701397,0.004966129739108298,0.003036429353313967]]
[[0.030491542700103277,0.00006177181745956246,-0.009368442313981956],[-0.004259928447804941,-0.00530078686200101,0.005056376742601694],[-0.026231614252298335,0.005239015044541447,0.004312065571380261]]
[[0.02913575756193041,-0.0006387832307108653,-0.010080346345831784],[-0.0041286830296525705,-0.004840312994939147,0.004641269210389443],[-0.02500707453227784,0.005479096225650013,0.005439077135442342]]
[[0.027796441646338044,-0.0012616654266630939,-0.010694874369474906],[-0.0039889689377537625,-0.004426376944960729,0.004266848849593169],[-0.023807472708584285,0.005688042371623823,0.006428025519881737]]
[[0.02648190497429603,-0.0018135288015737826,-0.011219086430191831],[-0.003844498057074497,-0.004054101664746311,0.003929262167796925],[-0.022637406917221534,0.005867630466320094,0.0072898242623949065]]
[[0.025198840716978123,-0.0023006575999304653,-0.011660258655556591],[-0.003698159986683966,-0.0037190724801338193,0.003624864031813035],[-0.021500680730294156,0.006019730080064284,0.008035394623743556]]
[[0.023952482101262877,-0.0027289639398053447,-0.012025675741555367],[-0.0035521691965385805,-0.0034173108426945632,0.0033502671434180765],[-0.020400312904724296,0.006146274782499909,0.008675408598137292]]
[[0.022746768884875677,-0.003103983171196659,-0.01232246957313531],[-0.003408192071809801,-0.0031452450638711996,0.0031023645946301505],[-0.019338576813065875,0.006249228235067858,0.009220104978505159]]
[[0.02158451480900319,-0.0034308711185419287,-0.01255749924738579],[-0.003267454596506215,-0.002899679145052257,0.0028783342233242135],[-0.018317060212496974,0.0063305502635941854,0.009679165024061577]]
[[0.020467569492172044,-0.003714405255134547,-0.012737266751125674],[-0.0031308322753907367,-0.0026777608708186415,0.0026756311405474894],[-0.017336737216781306,0.006392166125953188,0.010061635610578185]]
[[0.019396970201109018,-0.003958990474530632,-0.012867862300613549],[-0.0029989243063903714,-0.002476950181887169,0.0024919729957274036],[-0.016398045894718646,0.0064359406564178,0.010375889304886145]]
[[0.018373080643279,-0.004168669290131396,-0.012954933600785153],[-0.0028721141344996053,-0.002294988618272717,0.002325321185503968],[-0.015500966508779393,0.0064636579084041135,0.010629612415281183]]
[[0.01739571530450397,-0.004347135842117502,-0.01300367381747294],[-0.00275061845329247,-0.0021298703910145747,0.0021738602045315025],[-0.0146450968512115,0.006477006233132077,0.010829813612941438]]
[[0.016464248902161673,-0.004497752892894383,-0.013018823730716679],[-0.0026345265520862967,-0.0019798154353905073,0.00203597660293749],[-0.013829722350075378,0.00647756832828489,0.010982847127779189]]
[[0.015577711273679825,-0.004623570954146701,-0.01300468425057386],[-0.002523831690347358,-0.0018432446319866947,0.0019102384894827897],[-0.013053879583332467,0.006466815586133396,0.011094445761091068]]
[[0.014734868520233,-0.004727348743982167,-0.012965136165497687],[-0.002418455951171467,-0.001718757255321416,0.0017953761491987519],[-0.012316412569061535,0.006446105999303583,0.011169760016298935]]
[[0.013934291528611992,-0.004811574276245339,-0.012903664620983215],[-0.0023182698035261106,-0.001605110618690247,0.0016902640883024313],[-0.011616021725085881,0.006416684894935586,0.011213400532680783]]
[[0.013174413148444693,-0.004878486006492528,-0.012823386375235175],[-0.0022231073996756764,-0.0015012018223155145,0.001593904646111925],[-0.010951305748769017,0.006379687828808043,0.01122948172912325]]
[[0.012453575348814376,-0.004930093582263009,-0.012727078344033655],[-0.0021327784548405286,-0.0014060514733499853,0.0015054131999085653],[-0.010320796893973846,0.006336145055612994,0.01122166514412509]]
[[0.011770067651628987,-0.004968197858917542,-0.01261720633148492],[-0.002047077401824835,-0.0013187892250464365,0.0014240049167536487],[-0.009722990249804152,0.006286987083963978,0.011193201414731272]]
[[0.011122158065159407,-0.004994409941415993,-0.012495953154045938],[-0.0019657903830314427,-0.0012386409736491813,0.0013489829633961071],[-0.009156367682127964,0.006233050915065174,0.01114697019064983]]
[[0.010508117639713073,-0.005010169095264731,-0.01236524561127222],[-0.0018887005337629812,-0.0011649175514646583,0.00127972806238033],[-0.008619417105950093,0.006175086646729389,0.011085517548891892]]
[[0.00992623965268767,-0.005016759436767116,-0.012226779947895285],[-0.001815591921311119,-0.0010970047601936758,0.0012156892726931771],[-0.00811064773137655,0.006113764196960792,0.011011090675202107]]
[[0.00937485431214007,-0.005015325365036897,-0.012082045597478643],[-0.0017462524313111105,-0.0010343545977784588,0.001156375872125602],[-0.007628601880828958,0.006049679962815356,0.01092566972535304]]
[[0.008852339753038325,-0.005006885737872399,-0.011932347106573869],[-0.0016804758335876965,-0.0009764775431589725,0.001101350222725379],[-0.007171863919450629,0.00598336328103137,0.01083099688384849]]
[[0.008357129992575712,-0.004992346822569554,-0.011778824217469605],[-0.0016180632119022344,-0.0009229357753399441,0.0010502215080547346],[-0.006739066780673477,0.005915282597909498,0.010728602709414871]]
[[0.007887720412553496,-0.0049725140730323,-0.011622470143636824],[-0.0015588239035924907,-0.0008733372152922111,0.001002640239934801],[-0.006328896508961006,0.005845851288324511,0.010619829903702022]]
[[0.007442671248866185,-0.004948102797892622,-0.011464148110082823],[-0.001502576064340793,-0.000827330290960733,0.0009582934419626724],[-0.005940095184525393,0.005775433088853355,0.010505854668120151]]
[[0.007020609490689673,-0.004919747792317632,-0.011304606255315356],[-0.0014491469487600498,-0.0007845993367272588,0.0009169004266882813],[-0.005571462541929623,0.0057043471290448905,0.010387705828627074]]
[[0.006620229524681186,-0.0048880120100500465,-0.01114449100591689],[-0.0013983729779479762,-0.0007448605489122653,0.0008782090925455902],[-0.0052218565467332095,0.005632872558962312,0.010266281913371299]]
[[0.0062402928016334425,-0.004853394353061825,-0.01098435904154526],[-0.0013500996496423078,-0.0007078584282245803,0.000841992675221997],[-0.004890193151991135,0.0055612527812864045,0.010142366366323263]]
[[0.005879626753701649,-0.004816336654849931,-0.010824687969621766],[-0.001304181334311895,-0.0006733626484659411,0.00080804689600996],[-0.004575445419389754,0.005489699303315872,0.010016641073611806]]
[[0.005537123148596713,-0.00477722993053923,-0.01066588582666459],[-0.0012604809907917239,-0.0006411652982992252,0.0007761874567779826],[-0.0042766421578049885,0.0054183952288384555,0.009889698369886606]]
[[0.0052117360320735814,-0.0047364199631002735,-0.01050829951840787],[-0.0012188698273916327,-0.0006110784495448618,0.000746247837532984],[-0.003992866204681949,0.005347498412645135,0.009762051680874885]]
[[0.004902479380749755,-0.004694212290534603,-0.01035222230443867],[-0.001179226928359561,-0.0005829320113448472,0.0007180773581596991],[-0.0037232524523901937,0.00527714430187945,0.00963414494627897]]
[[0.0046084245629470074,-0.004650876654122086,-0.010197900425767107],[-0.001141438860825123,-0.000556571834698522,0.0006915394708676002],[-0.0034669857021218846,0.005207448488820609,0.009506360954899507]]
[[0.00432869768512306,-0.004606650962979394,-0.010045538966013356],[-0.0011053992736202597,-0.0005318580364003136,0.0006665102542117152],[-0.0032232984115028,0.005138508999379707,0.00937902871180164]]
[[0.0040624768848981545,-0.004561744825398964,-0.009895307029098958],[-0.001071008496457298,-0.0005086635153663652,0.0006428770833424277],[-0.002991468388440856,0.005070408340765329,0.009252429945756532]]
[[0.0038089896181167206,-0.004516342692828952,-0.009747342308710364],[-0.0010381731456710517,-0.0004868726377895085,0.0006205374544411564],[-0.002770816472445669,0.00500321533061846,0.009126804854269206]]
[[0.003567509976325894,-0.004470606657985115,-0.009601755117519076],[-0.0010068057409656434,-0.0004663800705705092,0.0005993979441706674],[-0.0025607042353602504,0.004936986728555625,0.00900235717334841]]
[[0.0033373560620813644,-0.004424678944496485,-0.00945863193729409],[-0.0009768243362413608,-0.00044708974509243476,0.0005793732874630833],[-0.0023605317258400035,0.00487176868958892,0.008879258649831006]]
[[0.0031178874422503624,-0.004378684121699113,-0.009318038544683098],[-0.000948152166526996,-0.0004289139356833189,0.0005603855591329104],[-0.0021697352757233663,0.004807598057382433,0.008757652985550188]]
[[0.002908502693670272,-0.004332731074712236,-0.009180022761592464],[-0.0009207173122414257,-0.0004117724390935543,0.0005423634466791402],[-0.0019877853814288466,0.00474450351380579,0.008637659314913324]]
[[0.002708637050886618,-0.004286914756755113,-0.00904461687376254],[-0.0008944523814012318,-0.00039559184303713054,0.000525241603267324],[-0.0018141846694853863,0.004682506599792243,0.008519375270495216]]
[[0.0025177601620244225,-0.004241317747780022,-0.008911839756301176],[-0.0008692942099367135,-0.00038030487334373905,0.0005089600712926672],[-0.0016484659520877088,0.004621622621123761,0.008402879685008509]]
[[0.002335373955965447,-0.004196011640891103,-0.008781698740579083],[-0.0008451835799432692,-0.0003658498105715195,0.0004934637681476557],[-0.0014901903760221775,0.004561861451462622,0.008288234972431427]]
[[0.002161010621764848,-0.004151058275673307,-0.008654191252977362],[-0.0008220649554524331,-0.0003521699680636349,0.00047870202687780707],[-0.0013389456663124152,0.004503228243736942,0.008175489226099555]]
[[0.001994230699522381,-0.004106510835449702,-0.008529306252475763],[-0.0007998862351359954,-0.0003392132244184217,0.0004646281853288358],[-0.0011943444643863856,0.004445724059868124,0.008064678067146927]]
[[0.0018346212806260673,-0.004062414823600328,-0.00840702549094684],[-0.000778598521241166,-0.0003269316042020758,0.0004511992181868669],[-0.0010560227593849013,0.004389346427802404,0.007955826272759974]]
[[0.00168179431432747,-0.004018808932391279,-0.008287324617241363],[-0.0007581559039817358,-0.0003152809014816529,0.00043837540700681645],[-0.0009236384103457342,0.004334089833872932,0.007848949210234546]]
[[0.001535385016920096,-0.00397572581626052,-0.008170174143681914],[-0.0007385152605694737,-0.000304220341409231,0.0004261200439269182],[-0.0007968697563506223,0.004279946157669751,0.007744054099754995]]
[[0.001395050379320512,-0.003933192780168983,-0.008055540291392929],[-0.0007196360680535864,-0.0002937122756581079,0.0004143991652918824],[-0.0006754143112669257,0.004226905055827091,0.007641141126101046]]
[[0.0012604677685504316,-0.003891232392435411,-0.007943385728957732],[-0.0007014802291377253,-0.0002837219080098684,0.00040318131186393226],[-0.0005589875394127062,0.00417495430044528,0.0075402044170938]]
[[0.0011313336184505824,-0.0038498630304158433,-0.007833670217179725],[-0.0006840119101588858,-0.00027421704682654903,0.0003924373126990966],[-0.0004473217082916967,0.004124080077242393,0.007441232904480627]]
[[0.0010073622048936788,-0.0038090993664493863,-0.007726351171210888],[-0.0006671973904368152,-0.00026516788152317365,0.0003821400901135195],[-0.00034016481445686356,0.0040742672479725595,0.007344211081097368]]
[[0.0008882845007802385,-0.0037689528006585563,-0.007621384149974461],[-0.0006510049222333126,-0.00025654678048972815,0.0003722644834679518],[-0.00023727957854692593,0.004025499581148285,0.00724911966650651]]
[[0.000773847106177812,-0.0037294318464530427,-0.007518723281629458],[-0.0006354046005957999,-0.0002483281082043394,0.00036278708976386956],[-0.00013844250558201203,0.003977759954657382,0.007155936191865588]]
[[0.0006638112490857768,-0.003690542473930168,-0.0074183216327849705],[-0.000620368242397077,-0.00024048805953633926,0.0003536861192768659],[-0.00004344300668869983,0.003931030533466507,0.007064635513508105]]
[[0.0005579518524617699,-0.003652288415784099,-0.007320131528255802],[-0.0006058692739219014,-0.00023300450946362808,0.0003449412646564162],[0.00004791742146013141,0.0038852929252477272,0.006975190263599385]]
[[0.0004560566633220528,-0.003614671439820521,-0.0072241048273430425],[-0.0005918826263900347,-0.00022585687662730127,0.0003365335820996008],[0.00013582596306798187,0.003840528316447822,0.006887571245243442]]
[[0.00035792543991887925,-0.00357769159171685,-0.0071301931619118415],[-0.0005783846388439079,-0.00021902599932131564,0.0003284453833631097],[0.0002204591989250287,0.0037967175910381657,0.006801747778548732]]
[[0.0002633691931970165,-0.0035413474112631145,-0.007038348140911426],[-0.0005653529678665973,-0.00021249402266905506,0.0003206601375156624],[0.0003019837746695808,0.0037538414339321697,0.006717688003395763]]
[[0.0001722094789342392,-0.0035056361249597465,-0.0069485215254303815],[-0.0005527665036319815,-0.00020624429587460003,0.0003131623814542681],[0.0003805570246977423,0.0037118804208343464,0.0066353591439761135]]
[[0.0000842777371731326,-0.0034705538175302773,-0.006860665377893534],[-0.000540605291823551,-0.00020026127855658494,0.00030593763831464555],[0.00045632755465041845,0.0036708150960868624,0.006554727739578888]]
[[-5.853242488206868e-7,-0.0034360955846246734,-0.0067747321885782835],[-0.0005288504609911903,-0.0001945304552786946,0.00029897234300040835],[0.000529435785240011,0.003630626039903368,0.006475759845577875]]
[[-0.00008253030506926676,-0.0034022556687387205,-0.006690674982250659],[-0.0005174841549462904,-0.00018903825748482558,0.0002922537741389114],[0.0006000144600155572,0.003591293926223546,0.006398421208111748]]
[[-0.0001616996496813432,-0.0033690275801526925,-0.006608447407388609],[-0.0005064894698247249,-0.00018377199213019842,0.0002857699918452807],[0.000668189119506068,0.003552799572282891,0.006322677415543328]]
[[-0.00023822814855397118,-0.003336404204495458,-0.006528003810167054],[-0.0004958503954745761,-0.0001787197763735632,0.0002795097807413453],[0.0007340785440285472,0.003515123980869021,0.006248494029425709]]
[[-0.0003122434064492263,-0.003304377898364996,-0.006449299295120627],[-0.0004855517608510257,-0.00017387047776120884,0.0002734625977339393],[0.000797795167300252,0.003478248376126205,0.006175836697386687]]
[[-0.0003838662797301309,-0.00327294057428097,-0.006372289774172554],[-0.00047557918312463715,-0.00016921365939177242,0.0002676185241083035],[0.0008594454628547681,0.0034421542336727424,0.0061046712500642504]]
[[-0.0004532112848971689,-0.003242083776106737,-0.006296932005517075],[-0.0004659190202313758,-0.00016473952960269808,0.00026196822153782054],[0.0009191303051285448,0.003406823305709435,0.006034963783979255]]
[[-0.0005203869803456196,-0.0032117987459554806,-0.006223183623666032],[-0.00045655832661325974,-0.00016043889576537767,0.00025650289165179247],[0.0009769453069588792,0.0033722376417208585,0.005966680732014239]]
[[-0.0005854963231982659,-0.00318207648348587,-0.006151003161813843],[-0.00044748481191757094,-0.00015630312181718226,0.00025121423883899116],[0.0010329811351158368,0.0033383796053030523,0.0058997889229748515]]
[[-0.0006486370029390245,-0.0031529077983956447,-0.006080350067537609],[-0.00043868680244017765,-0.00015232408919533521,0.00024609443599680396],[0.0010873238053792022,0.00330523188759098,0.005834255631540806]]
[[-0.0007099017534521854,-0.003124283356834932,-0.006011184712727353],[-0.0004301532051148233,-0.00014849416087040464,0.0002411360929644356],[0.0011400549585670087,0.0032727775177053367,0.005770048619762917]]
[[-0.0007693786449590389,-0.003096193722384276,-0.0059434683985343404],[-0.000421873473865295,-0.00014480614820654473,0.00023633222740418724],[0.001191252118824334,0.0032409998705908204,0.005707136171130153]]
[[-0.0008271513572382298,-0.003068629392173693,-0.005877163356030715],[-0.00041383757815129183,-0.0001412532804018843,0.0002316762379176898],[0.0012409889353895216,0.0032098826725755775,0.005645487118113025]]
[[-0.0008832994354179312,-0.003041580828658065,-0.005812232743190182],[-0.00040603597355165293,-0.0001378291762860015,0.0002271618792044168],[0.001289335408969584,0.0031794100049440666,0.005585070863985765]]
[[-0.0009378985295364038,-0.0030150384875096076,-0.005748640638725701],[-0.00039845957424044435,-0.00013452781827252852,0.0002227832390881199],[0.0013363581037768482,0.003149566305782136,0.005525857399637581]]
[[-0.000991020618982414,-0.0029889928420396865,-0.005686352033255109],[-0.00039109972722232544,-0.00013134352828387863,0.00021853471725325263],[0.0013821203462047393,0.0031203363703235652,0.0054678173160018564]]
[[-0.0010427342228478212,-0.00296343440451882,-0.0056253328182080675],[-0.00038394818820368696,-0.00012827094548210902,0.0002144110055481898],[0.0014266824110515082,0.003091705350000929,0.005410921812659878]]
[[-0.001093104597151158,-0.002938353744725031,-0.005565549772836955],[-0.00037699709898533415,-0.00012530500565524283,0.00021040706972529132],[0.0014701016961364923,0.0030636587503802743,0.005355142703111665]]
[[-0.0011421939198227543,-0.0029137415060161544,-0.005506970549649543],[-0.0003702389662710499,-0.0001224409221221515,0.00020651813249977191],[0.0015124328860938042,0.0030361824281383057,0.005300452417149771]]
[[-0.0011900614642786297,-0.0028895884191908164,-0.005449563658541668],[-0.00036366664179425474,-0.0001196741680315122,0.00020273965782005376],[0.0015537281060728845,0.0030092625872223284,0.005246824000721614]]
[[-0.001236763762351613,-0.002865885314375207,-0.005393298449873173],[-0.00035727330367226037,-0.00011700045994154955,0.00019906733625194302],[0.0015940370660238734,0.0029828857743167568,0.00519423111362123]]
[[-0.0012823547572936459,-0.0028426231311480627,-0.005338145096699538],[-0.00035105243890431114,-0.00011441574257737216,0.00019549707138767996],[0.0016334071961979569,0.0029570388737254353,0.005142648025311858]]
[[-0.0013268859475126975,-0.0028197929270941907,-0.005284074576344305],[-0.0003449978269357901,-0.00011191617467183879,0.0001920249671987753],[0.0016718837744484874,0.0029317091017660294,0.0050920496091455296]]
[[-0.0013704065216608875,-0.002797385884957147,-0.005231058651473419],[-0.0003391035242166694,-0.00010949811580414056,0.00018864731625865296],[0.0017095100458775568,0.0029068840007612875,0.005042411335214766]]
[[-0.0014129634856469631,-0.0027753933185438993,-0.005179069850811293],[-0.0003333638496875353,-0.00010715811415774716,0.0001853605887675419],[0.0017463273353344984,0.0028825514327016463,0.004993709262043751]]
[[-0.0014546017821060677,-0.0027538066775185358,-0.005128081449619714],[-0.0003277733711313734,-0.00010489289512612636,0.000182161422317876],[0.001782375153237441,0.0028586995726446623,0.004945920027301838]]
[[-0.001495364402822398,-0.002732617551207826,-0.005078067450044127],[-0.0003223268923337703,-0.00010269935070077106,0.00017904661234373185],[0.0018176912951561681,0.002835316901908597,0.004899020837700396]]
[[-0.0015352924945658023,-0.0027118176715287172,-0.005029002561417277],[-0.00031701944099832063,-0.00010057452958162516,0.00017601310320260796],[0.0018523119355641228,0.0028123922011103423,0.004852989458214669]]
[[-0.001574425458771317,-0.002691398915136464,-0.004980862180597316],[-0.00031184625736783707,-0.00009851562795504327,0.0001730579798421865],[0.0018862717161391537,0.002789914543091507,0.004807804200755129]]
[[-0.001612801045460925,-0.002671353304881795,-0.0049336223724061705],[-0.0003068027835054886,-0.0000965199808890022,0.00017017846000865624],[0.0019196038289664137,0.0027678732857707973,0.004763443912397514]]
[[-0.0016504554417792999,-0.0026516730106563606,-0.00488725985022392],[-0.00030188465319323673,-0.00009458505429944754,0.00016737188695675314],[0.0019523400949725367,0.002746258064955808,0.004719887963267166]]
[[-0.0016874233554897548,-0.0026323503496974757,-0.004841751956786259],[-0.0002970876824079535,-0.00009270843744545141,0.0001646357226249331],[0.0019845110378977084,0.002725058787142927,0.004677116234161326]]
[[-0.0017237380937529508,-0.0026133777864157156,-0.004797076645224293],[-0.00029240786033837634,-0.00009088783591430713,0.00016196754124205557],[0.002016145954091327,0.002704265622330023,0.004635109103982238]]
[[-0.0017594316374889623,-0.0025947479318023086,-0.004753212460379171],[-0.000287841340908629,-0.00008912106506083374,0.00015936502333465765],[0.0020472729783975914,0.0026838689968631422,0.004593847437044513]]
[[-0.001794534711602919,-0.0025764535424672693,-0.004710138520418084],[-0.00028338443477641346,-0.00008740604386803171,0.0001568259501063641],[0.0020779191463793324,0.002663859586335301,0.00455331257031172]]
[[-0.0018290768513355826,-0.0025584875193538723,-0.004667834498772962],[-0.000279033601776176,-0.00008574078919884866,0.00015434819816322504],[0.0021081104531117585,0.002644228308552721,0.004513486300609737]]
[[-0.0018630864649826365,-0.002540842906170178,-0.004626280606418531],[-0.00027478544377958637,-0.0000841234104112046,0.00015192973456082843],[0.002137871908762223,0.0026249663165813825,0.004474350871857702]]
[[-0.0018965908932102509,-0.0025235128875740623,-0.004585457574502509],[-0.00027063669794755933,-0.00008255210431061224,0.00014956861215091176],[0.00216722759115781,0.0026060649918846746,0.0044358889623515975]]
[[-0.0019296164651793194,-0.0025064907871442024,-0.004545346637337088],[-0.0002665842303497872,-0.00008102515041672479,0.00014726296520691271],[0.0021962006955291067,0.002587515937560927,0.004398083672130176]]
[[-0.001962188551676809,-0.0024897700651660432,-0.004505929515757902],[-0.0002626250299293777,-0.00007954090652197313,0.00014501100530947298],[0.002224813581606187,0.002569310971688016,0.004360918510448429]]
[[-0.0019943316154395494,-0.002473344316258524,-0.004467188400853915],[-0.0002587562027916907,-0.00007809780452212968,0.00014281101747434783],[0.00225308781823124,0.002551442120780654,0.004324377383379567]]
[[-0.002026069258843778,-0.0024572072668645624,-0.004429105938069455],[-0.00025497496679785666,-0.00007669434650016944,0.00014066135650649461],[0.002281044225641635,0.002533901613364732,0.00428844458156296]]
[[-0.0020574242691224474,-0.0024413527726256834,-0.004391665211677531],[-0.0002512786464447576,-0.00007532910104620746,0.00013856044356532342],[0.002308702915567205,0.002516681873671891,0.004253104768112208]]
[[-0.0020884186612618685,-0.002425774815658886,-0.004354849729621876],[-0.00024766466801444593,-0.00007400069979758344,0.00013650676292720692],[0.002336083329276314,0.0024997755154564693,0.004218342966694669]]
[[-0.002119073718719573,-0.002410467501751769,-0.00431864340872364],[-0.00024413055497709185,-0.00007270783418434896,0.0001344988589323651],[0.002363204273696665,0.002483175335936118,0.004184144549791275]]
[[-0.0021494100320962003,-0.0023954250574900328,-0.0042830305602474085],[-0.00024067392363258654,-0.00007144925236650366,0.00013253533310418148],[0.002390083955728787,0.0024668743098565367,0.004150495227143227]]
[[-0.0021794475358858393,-0.002380641827329807,-0.004247995875820066],[-0.00023729247897688791,-0.00007022375635032803,0.0001306148414298696],[0.002416740014862727,0.0024508655836801346,0.004117381034390196]]
[[-0.002209205543421443,-0.0023661122706257094,-0.004213524413695114],[-0.00023398401078009068,-0.00006903019927208143,0.00012873609179220433],[0.0024431895542015337,0.0024351424698977908,0.0040847883219029095]]
[[-0.002238702780124638,-0.0023518309586241784,-0.004179601585354269],[-0.0002307463898640352,-0.00006786748283818329,0.00012689784154276383],[0.002469449169988673,0.0024196984414623615,0.004052703743811505]]
[[-0.002267957415162497,-0.0023377925714303666,-0.004146213142437435],[-0.00022757756456804235,-0.0000667345549117759,0.00012509889520780424],[0.0024955349797305395,0.0024045271263421425,0.004021114247229631]]
[[-0.002296987091607533,-0.002323991894955758,-0.004113345163991638],[-0.00022447555739208357,-0.00006563040723628806,0.00012333810231850975],[0.0025214626489996166,0.002389622302192046,0.003990007061673128]]
[[-0.0023258089551913084,-0.002310423817852659,-0.004080984044028981],[-0.00022143846180736477,-0.0000645540732872821,0.00012161435535793647],[0.0025472474169986733,0.0023749778911399413,0.003959369688671045]]
[[-0.002354439681736593,-0.0022970833284408085,-0.004049116479383327],[-0.0002184644392249299,-0.00006350462624448054,0.00011992658781749795],[0.002572904120961523,0.002360587954685289,0.003929189891565829]]
[[-0.0023828955033478928,-0.0022839655116304826,-0.004017729457855054],[-0.00021555171611347142,-0.00006248117707643324,0.00011827377235633144],[0.0025984472194613643,0.0023464466887069156,0.0038994556854987216]]
[[-0.0024111922334354623,-0.0022710655458457593,-0.003986810246632987],[-0.00021269858125807812,-0.00006148287273080927,0.0001166549190573345],[0.0026238908146935403,0.0023325484185765686,0.0038701553275756525]]
[[-0.0024393452906434597,-0.002258378699950887,-0.003956346380982393],[-0.00020990338315215944,-0.00006050889442378062,0.00011506907377408434],[0.002649248673795619,0.0023188875943746675,0.003841277307208308]]
[[-0.0024673697217488114,-0.0022459003301821046,-0.003926325653187708],[-0.00020716452751525627,-0.00005955845602241099,0.00011351531656323685],[0.0026745342492640674,0.002305458786204516,0.003812810336624471]]
[[-0.002495280223593498,-0.0022336258770866775,-0.003896736101738631],[-0.00020448047492989055,-0.00005863080251437671,0.0001119927601973626],[0.002699760698523389,0.002292256679601054,0.0037847433415412685]]
[[-0.0025230911641094165,-0.002221550862470408,-0.003867566000747975],[-0.00020184973859101976,-0.00005772520855972966,0.00011050054875351206],[0.0027249409027004365,0.0022792760710301377,0.003757065451994463]]
[[-0.0025508166024916104,-0.0022096708863543948,-0.0038388038495897085],[-0.00019927088216204457,-0.000056840977119765394,0.00010903785627310644],[0.002750087484653655,0.00226651186347416,0.003729765993316602]]
[[-0.002578470308572575,-0.0021979816239413984,-0.0038104383627454636],[-0.00019674251773168193,-0.00005597743815838972,0.00010760388548904248],[0.0027752128263042568,0.002253959062099788,0.003702834477256421]]
[[-0.002606065781447445,-0.0021864788225917533,-0.0037824584598477873],[-0.00019426330386634872,-0.000055133947411680035,0.00010619786661616014],[0.0028003290853137936,0.0022416127700034334,0.0036762605932316272]]
[[-0.0026336162673971627,-0.00217515829880843,-0.00375485325590836],[-0.00019183194375301888,-0.000054309885221621155,0.0001048190562014729],[0.0028254482111501815,0.0022294681840300513,0.003650034199706887]]
[[-0.002661134777154204,-0.0021640159352304534,-0.0037276120517193354],[-0.00018944718342781014,-0.000053504655430257534,0.00010346673603078718],[0.0028505819605820146,0.0022175205906607106,0.0036241453156885483]]
[[-0.0026886341025531136,-0.002153047677633645,-0.003700724324415996],[-0.0001871078100858324,-0.000052717684330746906,0.00010214021208855258],[0.002875741912638946,0.0022057653619643918,0.0035985841123274435]]
[[-0.002716126832605906,-0.002142249531937299,-0.0036741797181888045],[-0.00018481265046808883,-0.00005194841967202723,0.00010083881356798109],[0.0029009394830739944,0.0021941979516093262,0.0035733409046208235]]
[[-0.002743625369040332,-0.002131617561215134,-0.0036479680351329505],[-0.00018256056932146206,-0.000051196329714018514,0.00009956189192866004],[0.002926185938361794,0.0021828138909291525,0.0035484061432042905]]
[[-0.002771141941337161,-0.0021211478827086335,-0.0036220792262234344],[-0.00018035046792804426,-0.00005046090233047748,0.00009830881999905367],[0.002951492409265205,0.002171608785039111,0.0035237704062243804]]
[[-0.0027986886213008226,-0.0021108366648406036,-0.003596503382403681],[-0.00017818128270028383,-0.00004974164415680427,0.00009707899112144968],[0.0029768699040011062,0.0021605783089974078,0.003499424391282231]]
[[-0.002826277337196124,-0.002100680124226529,-0.003571230725775599],[-0.00017605198383861896,-0.0000490380797802705,0.00009587181833705563],[0.0030023293210347433,0.0021497182040067994,0.003475358907438543]]
[[-0.0028539198874822525,-0.002090674522681123,-0.0035462516008789783],[-0.0001739615740484565,-0.00004834975097029511,0.00009468673360908931],[0.0030278814615307087,0.002139024273651418,0.003451564867269889]]
[[-0.0028816279541738145,-0.00208081616421719,-0.003521556466047975],[-0.00017190908731353063,-0.000047676215946542436,0.00009352318708183773],[0.003053537041487345,0.002128492380163732,0.003428033278966137]]
[[-0.0029094131158573923,-0.002071101392033717,-0.0034971358848323616],[-0.0001698935877228379,-0.00004701704868275263,0.00009238064637377949],[0.00307930670358023,0.0021181184407164694,0.003404755238458582]]
[[-0.0029372868603908357,-0.0020615265854899076,-0.003472980517471113],[-0.00016791416834850345,-0.00004637183824434383,0.00009125859590297948],[0.003105201028739339,0.0021078984237342517,0.0033817219215681337]]
[[-0.002965260597311396,-0.0020520881570616207,-0.0034490811124057116],[-0.0001659699501720762,-0.00004574018815794378,0.00009015653624307046],[0.0031312305474834722,0.0020978283452195647,0.003358924576162641]]
[[-0.00299334566997778,-0.002042782549276489,-0.0034254284978204614],[-0.00016406008105688784,-0.00004512171581112003,0.0000890739835082338],[0.003157405751034668,0.002087904265087609,0.0033363545143122275]]
[[-0.003021553367470179,-0.00203360623162374,-0.0034020135731968456],[-0.00016218373476423984,-0.00004451605188068232,0.00008801046876568601],[0.0031837371022344187,0.002078122283504422,0.0033140031044311597]]
[[-0.0030498949362715087,-0.0020245556974345597,-0.003378827300868815],[-0.0001603401100113018,-0.000043922839788027154,0.0000869655374742627],[0.0032102350462828106,0.0020684785372225866,0.0032918617633945525]]
[[-0.003078381591752193,-0.0020156274607285377,-0.003355860697565592],[-0.00015852842956872007,-0.00004334173518008599,0.00008593874894777306],[0.0032369100213209133,0.002058969195908624,0.003269921948617819]]
[[-0.003107024529480149,-0.0020068180530215915,-0.0033331048259283985],[-0.00015674793939604052,-0.00004277240543452267,0.00008492967584187355],[0.0032637724688761895,0.0020495904584561142,0.003248175150086525]]
[[-0.003135834936376879,-0.0019981240200904224,-0.0033105507859871194],[-0.0001549979078131519,-0.0000422145291879058,0.00008393790366328135],[0.003290832844190031,0.002040338549278328,0.0032266128823238384]]
[[-0.003164824001739975,-0.001989541918688382,-0.0032881897065826747],[-0.0001532776247060492,-0.00004166779588565547,0.000082963030300213],[0.0033181016264460243,0.0020312097145740375,0.0032052266762824617]]
[[-0.00319400292815175,-0.0019810683132072925,-0.0032660127367204342],[-0.00015158640076530708,-0.00004113190535263345,0.00008200466557299794],[0.0033455893289170567,0.002022200218559926,0.0031840080711474364]]
[[-0.0032233829422932043,-0.0019726997722795507,-0.0032440110368396825],[-0.00014992356675573706,-0.00004060656738331139,0.00008106243080387386],[0.0033733065090489414,0.002013306339662862,0.003162948606035809]]
[[-0.0032529753056820517,-0.001964432865314497,-0.003222175769983643],[-0.000148288472815781,-0.00004009150135051192,0.00008013595840502576],[0.003401263778497833,0.002004524366665009,0.0031420398115786174]]
[[-0.003282791325353117,-0.0019562641589627463,-0.00320049809285412],[-0.00014668048778526988,-0.00003958643583177575,0.00007922489148398377],[0.003429471813138387,0.001995850594794522,0.0031212732013701366]]
[[-0.0033128423644990363,-0.0019481902135018514,-0.003178969146734293],[-0.00014509899856024455,-0.00003909110825245996,0.00007832888346554035],[0.0034579413630592805,0.001987281321754311,0.0031006402632687527]]
[[-0.0033431398530888684,-0.0019402075791363166,-0.003157580048262616],[-0.00014354340947360505,-0.00003860526454472482,0.00007744759772939584],[0.0034866832625624735,0.001978812843681041,0.00308013245053322]]
[[-0.0033736952984819327,-0.001932312792204613,-0.0031363218800401697],[-0.000142013141700415,-0.00003812865882161195,0.00007658070726278228],[0.003515708440182348,0.001970441451026225,0.0030597411727773874]]
[[-0.003404520296053924,-0.001924502371285455,-0.003115185681053128],[-0.00014050763268674862,-0.00003766105306546212,0.00007572789432735618],[0.0035450279287406725,0.001962163424350917,0.0030394577867257715]]
[[-0.0034356265398521996,-0.0019167728131951971,-0.003094162436891281],[-0.00013902633560102355,-0.000037202216829961884,0.00007488885013968882],[0.003574652875453223,0.001953975030025159,0.003019273586751592]]
[[-0.0034670258332968633,-0.001909120588867732,-0.00307324306974276],[-0.00013756871880681517,-0.000036751926955147834,0.00007406327456471824],[0.0036045945521036788,0.0019458725158228798,0.0029991797951780417]]
[[-0.0034987300999442476,-0.0019015421391078563,-0.0030524184281442855],[-0.0001361342653561983,-0.00003630996729473332,0.00007325087582156012],[0.003634864365300446,0.0019378521064025898,0.0029791675523227253]]
[[-0.0035307513943291895,-0.0018940338702085058,-0.0030316792764652897],[-0.0001347224725027098,-0.00003587612845515781,0.00007245137020110693],[0.0036654738668318995,0.0019299099986636638,0.0029592279062641827]]
[[-0.003563101912902492,-0.0018865921494217815,-0.0030110162841033455],[-0.00013333285123306988,-0.00003545020754579077,0.00007166448179487397],[0.003696434764135562,0.0019220423569675724,0.002939351802308471]]
[[-0.003595794005079868,-0.001879213300273069,-0.0029904200143671994],[-0.0001319649258168419,-0.000035032007939752886,0.0000708899422345794],[0.00372775893089671,0.0019142453082128218,0.00291953007213262]]
[[-0.0036288401844186834,-0.001871893597706976,-0.0029698809130226057],[-0.00013061823337325154,-0.000034621339044846187,0.00007012749044197059],[0.003759458417791935,0.0019065149367518224,0.002899753422580635]]
[[-0.0036622531399388173,-0.0018646292630531444,-0.0029493892964749064],[-0.00012929232345442235,-0.00003421801608411138,0.00006937687238843589],[0.0037915454633932395,0.0018988472791372558,0.0028800124240864703]]
[[-0.0036960457476039716,-0.0018574164587992768,-0.0029289353395609737],[-0.00012798675764432284,-0.00003382185988555653,0.00006863784086396274],[0.0038240325052482944,0.0018912383186848332,0.0028602974986970107]]
[[-0.0037302310819798657,-0.0018502512831580107,-0.00290850906292171],[-0.00012670110917275103,-0.00003343269668062495,0.00006791015525502573],[0.0038569321911526167,0.0018836839798386355,0.0028405989076666846]]
[[-0.0037648224280857974,-0.0018431297644134247,-0.002888100319924777],[-0.00012543496254371816,-0.00003305035791099285,0.00006719358133100957],[0.0038902573906295155,0.0018761801223244176,0.0028209067385937675]]
[[-0.003799833293456153,-0.0018360478550321184,-0.0028676987831055454],[-0.0001241879131776204,-0.00003267468004330865,0.000066487891038791],[0.003924021206633773,0.001868722535075427,0.0028012108920667544]]
[[-0.0038352774204286227,-0.0018290014255229155,-0.002847293930092552],[-0.00012295956706661853,-0.000032305504391505894,0.00006579286230512277],[0.003958236987495241,0.0018613069299144214,0.002781501067787429]]
[[-0.0038711687986759265,-0.00182198625802819,-0.002826875028981774],[-0.00012174954044267178,-0.000031942676946340685,0.00006510827884648041],[0.0039929183391185985,0.0018539289349745307,0.0027617667501352934]]
[[-0.0039075216779980975,-0.0018149980396288228,-0.002806431123122079],[-0.0001205574594576981,-0.00003158604821182234,0.0000644339299860489],[0.004028079137455795,0.001846584087840645,0.00274199719313603]]
[[-0.003944350581392461,-0.0018080323553436078,-0.002785951015271944],[-0.00011938295987535797,-0.00003123547304822299,0.00006376961047754222],[0.0040637335412678196,0.001839267828391831,0.0027221814047944017]]
[[-0.003981670318418667,-0.0018010846808027485,-0.002765423251085251],[-0.00011822568677398229,-0.00003089081052136783,0.00006311512033556433],[0.00409989600519265,0.0018319754913241164,0.0027023081307496867]]
[[-0.004019495998876277,-0.0017941503745737386,-0.0027448361018814157],[-0.00011708529426018601,-0.00003055192375792223,0.00006247026467223258],[0.004136581293136463,0.001824702298331661,0.002682365837209183]]
[[-0.004057843046812628,-0.0017872246701165612,-0.002724177546652417],[-0.00011596144519273222,-0.000030218679806407118,0.00006183485353980023],[0.00417380449200536,0.0018174433499229684,0.0026623426931126166]]
[[-0.004096727214878799,-0.0017803026673435848,-0.002703435253256384],[-0.0001148538109162288,-0.000029890949503686437,0.00006120870177902507],[0.004211581025795028,0.0018101936168472713,0.0026422265514773587]]
[[-0.004136164599051789,-0.00177337932375795,-0.0026825965587442815],[-0.00011376207100426071,-0.00002956860734668388,0.00006059162887304478],[0.00424992667005605,0.001802947931104634,0.0026220049298712367]]
[[-0.00417617165374106,-0.0017664494451424886,-0.002661648448762921],[-0.00011268591301157857,-0.000029251531369097826,0.00005998345880653027],[0.004288857566752638,0.0017957009765115866,0.002601664989956391]]
[[-0.004216765207297846,-0.0017595076757693335,-0.00264057753597387],[-0.00011162503223497981,-0.000028939603022894716,0.000059384019929898903],[0.004328390239532826,0.001788447278792228,0.0025811935160439713]]
[[-0.004257962477945682,-0.001752548488098378,-0.0026193700374240454],[-0.00011057913148253767,-0.000028632707064372122,0.000058793144828380406],[0.00436854160942822,0.00178118119516275,0.002560576892595665]]
[[-0.004299781090150738,-0.001745566171930575,-0.002598011750799581],[-0.00010954792085084581,-0.000028330731444592498,0.00005821067019573675],[0.004409329011001584,0.0017738969033751675,0.0025398010806038443]]
[[-0.004342239091450625,-0.0017385548229797317,-0.00257648802949014],[-0.00010853111750996341,-0.000028033567203998655,0.00005763643671244797],[0.004450770208960588,0.0017665883901837303,0.002518851592777692]]
[[-0.004385354969760279,-0.0017315083308239415,-0.002554783756386029],[-0.00010752844549575811,-0.00002774110837103087,0.000057070288928182995],[0.004492883415256037,0.0017592494391949725,0.0024977134674578462]]
[[-0.004429147671173597,-0.0017244203661951115,-0.002532883316325372],[-0.000106539635509358,-0.000027453251864574176,0.00005651207514838419],[0.004535687306682955,0.0017518736180596858,0.0024763712411769874]]
[[-0.004473636618279299,-0.0017172843675621059,-0.002510770567103001],[-0.00010556442472343682,-0.000027169897400072747,0.00005596164732480129],[0.004579201043002736,0.0017444542649621786,0.0024548089197782]]
[[-0.004518841729009366,-0.001710093526959923,-0.0024884288089468843],[-0.00010460255659506747,-0.000026890947399155595,0.00005541886094981791],[0.004623444285604433,0.0017369844743590785,0.002433009947997066]]
[[-0.004564783436038095,-0.0017028407750138955,-0.0024658407523613706],[-0.00010365378068489216,-0.00002661630690262592,0.000054883574954421695],[0.004668437216722987,0.0017294570819165215,0.0024109571774069485]]
[[-0.004611482706749448,-0.0016955187651043148,-0.002442988484229799],[-0.00010271785248236694,-0.000026345883486672617,0.00005435565160967474],[0.004714200559231815,0.0017218646485909874,0.0023886328326201247]]
[[-0.004658961063789861,-0.0016881198566128942,-0.0024198534320614986],[-0.00010179453323684878,-0.000026079587182169355,0.000053834956431547974],[0.0047607555970267095,0.0017141994437950637,0.002366018475629951]]
[[-0.004707240606222962,-0.0016806360971882669,-0.0023964163262602785],[-0.00010088358979430513,-0.000025817330396933273,0.000053321358088989545],[0.004808124196017267,0.0017064534275852,0.002343094968171289]]
[[-0.004756344031301904,-0.0016730592039631348,-0.002372657160282924],[-0.00009998479443943249,-0.00002555902784082065,0.00005281472831510206],[0.0048563288257413365,0.0016986182318039554,0.0023198424319678217]]
[[-0.004806294656873895,-0.001665380543650715,-0.002348555148546941],[-0.00009909792474298241,-0.000025304596453543064,0.00005231494182131014],[0.004905392581616877,0.001690685140104258,0.0022962402067256307]]
[[-0.004857116444430298,-0.0016575911114428026,-0.002324088681936824],[-0.0000982227634140996,-0.000025053955335092642,0.00005182187621440405],[0.0049553392078443975,0.0016826450667778953,0.00227226680572242]]
[[-0.0049088340228141195,-0.0016496815086259754,-0.002299235280747401],[-0.00009735909815748641,-0.000024807025678670224,0.000051335411916350905],[0.005006193120971606,0.0016744885343046457,0.0022478998688310503]]
[[-0.004961472712594878,-0.001641641918826228,-0.0022739715448911947],[-0.00009650672153521539,-0.000024563730706015096,0.000050855432086769074],[0.005057979434130093,0.0016662056495322433,0.0022231161128044258]]
[[-0.005015058551118652,-0.0016334620827855553,-0.0022482731011842514],[-0.00009566543083301926,-0.000024323995605039543,0.00005038182254796651],[0.00511072398195167,0.0016577860783905949,0.0021978912786362846]]
[[-0.005069618318238529,-0.0016251312715666935,-0.0022221145475114145],[-0.00009483502793089396,-0.000024087747469675756,0.000049914471712447366],[0.005164453346169422,0.0016492190190363694,0.002172200075798967]]
[[-0.0051251795627276515,-0.0016166382580743261,-0.002195469393657477],[-0.00009401531917785847,-0.00002385491524184693,0.00004945327051279597],[0.00521919488190551,0.0016404931733161729,0.002146016123144681]]
[[-0.0051817706293734896,-0.0016079712867724683,-0.0021683099985749313],[-0.00009320611527072111,-0.00002362542965547843,0.00004899811233385116],[0.005274976744644211,0.0016315967164279468,0.00211931188624108]]
[[-0.005239420686747754,-0.0015991180414684754,-0.0021406075038420654],[-0.00009240723113670708,-0.000023399223182468197,0.000048548892947086725],[0.005331827917884461,0.0016225172646509437,0.0020920586108949786]]
[[-0.005298159755641691,-0.0015900656110240748,-0.0021123317630469068],[-0.00009161848581981056,-0.000023176229980539898,0.00004810551044711897],[0.005389778241461501,0.0016132418410046145,0.0020642262525997876]]
[[-0.005358018738150698,-0.0015808004528428748,-0.002083451266812639],[-0.00009083970237073742,-0.000022956385842905035,0.000047667865190264026],[0.005448858440521435,0.0016037568386857797,0.002035783401622375]]
[[-0.005419029447385833,-0.0015713083539720314,-0.002053933063158806],[-0.0000900707077403123,-0.000022739628149663964,0.00004723585973507219],[0.005509100155126145,0.0015940479821216953,0.002006697203423734]]
[[-0.005481224637782336,-0.001561574389642905,-0.0020237426728694978],[-0.00008931133267622768,-0.00002252589582087861,0.00004680939878476883],[0.005570535970458564,0.0015841002854637836,0.001976933274084729]]
[[-0.005544638035966511,-0.0015515828790616058,-0.00199284399951469],[-0.00008856141162301808,-0.000022315129271252786,0.00004638838913153474],[0.005633199447589529,0.0015738980083328585,0.0019464556103831552]]
[[-0.005609304372132563,-0.0015413173382452675,-0.0019611992337439485],[-0.00008782078262514725,-0.00002210727036635868,0.000045972739602561425],[0.00569712515475771,0.001563424608611626,0.001915226494141387]]
[[-0.005675259411869456,-0.001530760429683438,-0.0019287687514424371],[-0.00008708928723310082,-0.000021902262380351002,0.000045562361007819994],[0.005762348699102557,0.001552662692063789,0.001883206390434617]]
[[-0.005742539988364903,-0.0015198939085862087,-0.0018955110053075859],[-0.00008636677041238098,-0.000021700049955112637,0.00004515716608948413],[0.005828906758777283,0.0015415939585413214,0.0018503538392181016]]
[[-0.005811184034898492,-0.0015086985654613042,-0.0018613824093705379],[-0.00008565308045530387,-0.000021500579060778068,0.00004475706947295071],[0.005896837115353795,0.0015301991445220821,0.0018166253398975872]]
[[-0.005881230617518942,-0.001497154164741354,-0.0018263372159495004],[-0.0000849480688955056,-0.000021303796957583622,0.00004436198761940431],[0.005966178686414448,0.0015184579616989377,0.001781975228330096]]
[[-0.005952719967780783,-0.0014852393791596958,-0.00179032738448203],[-0.0000842515904250645,-0.000021109652158995122,0.00004397183877987268],[0.006036971558205847,0.0015063490313186908,0.0017463555457021573]]
[[-0.006025693515393374,-0.0014729317195481624,-0.0017533024416399188],[-0.00008356350281415312,-0.000020918094396066374,0.0000435865429507245],[0.006109257018207527,0.0014938498139442286,0.0017097158986891943]]
[[-0.006100193920609651,-0.0014602074597033256,-0.0017152093320833902],[-0.00008288366683313552,-0.000020729074582983497,0.000043206021830560945],[0.006183077587442787,0.001480936534286309,0.001672003310252829]]
[[-0.006176265106152623,-0.0014470415559381773,-0.0016759922591604716],[-0.00008221194617702944,-0.00002054254478375228,0.00004283019877845581],[0.006258477052329653,0.0014675841007219296,0.0016331620603820156]]
[[-0.006253952288444547,-0.0014334075609042693,-0.0016355925148023869],[-0.00008154820739225663,-0.000020358458179987654,0.00004245899877350033],[0.006335500495836804,0.0014537660190842567,0.0015931335160288866]]
[[-0.0063333020078654365,-0.0014192775312344605,-0.0015939482978062124],[-0.0000808923198056068,-0.000020176769039766084,0.0000420923483756109],[0.006414194327671043,0.0014394543002742264,0.0015518559494306014]]
[[-0.00641436215772452,-0.0014046219285185346,-0.001550994519631588],[-0.00008024415545534433,-0.000019997432687503426,0.00004173017568755929],[0.006494606313179865,0.001424619361206038,0.0015092643439440288]]
[[-0.006497182011578585,-0.0013894095130826231,-0.001506662596768423],[-0.00007960358902439027,-0.000019820405474822687,0.00004137241031818743],[0.006576785600602975,0.001409229918557446,0.0014652901864502356]]
[[-0.0065818122484750845,-0.0013736072299984927,-0.0014608802286570407],[-0.00007897049777551393,-0.000019645644752377328,0.000041018983346769497],[0.006660782746250598,0.0013932528747508698,0.0014198612453102711]]
[[-0.006668304975633625,-0.0013571800866997695,-0.0014135711600604896],[-0.0000783447614884718,-0.00001947310884259782,0.000040669827288486413],[0.006746649737122097,0.0013766531955423673,0.0013729013327720033]]
[[-0.006756713748006451,-0.0013400910215289833,-0.0013646549267003739],[-0.00007772626239903469,-0.000019302757013330167,0.00004032487606097908],[0.006834440010405486,0.0013593937785423135,0.0013243300506393947]]
[[-0.006847093584075205,-0.0013223007624812567,-0.0013140465828720223],[-0.00007711488513984497,-0.00001913454945233693,0.000039984064951947794],[0.00692420846921505,0.0013414353119335935,0.0012740625179200745]]
[[-0.006939500977146488,-0.0013037676753474446,-0.00126165640965165],[-0.00007651051668305041,-0.000018968447242632515,0.000039647330587767625],[0.007016011493829539,0.0013227361225900771,0.0012220090790638822]]
[[-0.007033993901300656,-0.0012844476003907948,-0.0012073896021966956],[-0.00007591304628466165,-0.00001880441233862592,0.00003931461090308962],[0.0071099069475853175,0.0013032520127294206,0.001168074991293606]]
[[-0.007130631811025073,-0.0012642936766165064,-0.0011511459345203202],[-0.00007532236543058413,-0.000018642407543045432,0.00003898584511140029],[0.007205954176455656,0.0012829360841595519,0.00111216008940892]]
[[-0.007229475633422915,-0.0012432561526123486,-0.001092819399991462],[-0.00007473836778427657,-0.000018482396484621058,0.00003866097367651196],[0.007304214001207191,0.0012617385490969698,0.0010541584263149498]]
[[-0.007330587751728512,-0.001221282182850096,-0.0010322978256723024],[-0.00007416094913599149,-0.000018324343596501833,0.00003833993828495884],[0.007404748700864504,0.0012396065264465976,0.0009939578873873435]]
[[-0.007434031978678136,-0.0011983156082416688,-0.0009694624584549683],[-0.000073590007353554,-0.00001816821409538625,0.000038022681819273684],[0.007507621986031689,0.001216483822337055,0.0009314397766356946]]
[[-0.007539873518077258,-0.0011742967196396287,-0.0009041875207981699],[-0.00007302544233463885,-0.000018013973961345356,0.000037709148332122275],[0.007612898960411897,0.001192310693600974,0.0008664783724660476]]
[[-0.00764817891266848,-0.0011491620028586554,-0.0008363397336918062],[-0.00007246715596050709,-0.000017861589918319374,0.0000373992830212729],[0.007720646068628987,0.0011670235927769747,0.0007989404506705333]]
[[-0.007759015976134092,-0.0011228438636721966,-0.0007657778042928451],[-0.00007191505205116544,-0.00001771102941526964,0.00003709303220537993],[0.007830931028185257,0.0011405548930874662,0.0007286847720874652]]
[[-0.007872453706759142,-0.001095270331105885,-0.0006923518754787471],[-0.00007136903632191434,-0.00001756226060796906,0.00003679034330056088],[0.007943822743081056,0.0011128325917138541,0.0006555615321781863]]
[[-0.007988562179929262,-0.0010663647372060293,-0.0006159029343550142],[-0.00007082901634125262,-0.000017415252341415438,0.00003649116479774806],[0.008059391196270515,0.0010837799895474446,0.0005794117695572662]]
[[-0.00810741241623628,-0.0010360453713068648,-0.0005362621765312012],[-0.00007029490149010856,-0.0000172699741328532,0.00003619544624079603],[0.008177707317726388,0.0010533153454397178,0.0005000667302904052]]
[[-0.0082290762215068,-0.0010042251066537966,-0.0004532503227450645],[-0.0000697666029223686,-0.000017126396155389985,0.000035903138205327416],[0.00829884282442917,0.0010213515028091864,0.00041734718453973705]]
[[-0.008353625994546183,-0.0009708109970609144,-0.00036667688416797855],[-0.00006924403352667909,-0.000016984489222196437,0.00003561419227830068],[0.008422870028072862,0.0009877954862831109,0.00033106269188967784]]
[[-0.008481134497793297,-0.0009357038410895041,-0.0002763393724673535],[-0.00006872710788949586,-0.000016844224771277942,0.00003532856103828345],[0.008549861605682794,0.000952548065860782,0.0002410108114290701]]
[[-0.008611674585400055,-0.000898797711029644,-0.00018202245043499938],[-0.00006821574225936058,-0.000016705574850808865,0.000035046198036416506],[0.008679890327659414,0.0009155032858804529,0.00014697625239858288]]
[[-0.008745318882470867,-0.0008599794437494213,-0.00008349701871640706],[-0.00006770985451238434,-0.000016568512105021015,0.00003476705777805382],[0.008813028736983251,0.0008765479558544423,0.00004872996093835324]]
[[-0.008882139408307897,-0.000819128090246094,0.000019480766102125765],[-0.0000672093641189206,-0.000016433009760639234,0.000034491095705064654],[0.008949348772426816,0.0008355611000067333,-0.00005397186180719042]]
[[-0.009022207135491749,-0.000776114320491317,0.000127170547069446],[-0.0000667141921114129,-0.00001629904161385853,0.000034218268178784386],[0.009088921327603161,0.0007924133621051757,-0.00016138881524823038]]
[[-0.009165591475466377,-0.0007307997799096521,0.00023984890140160424],[-0.00006622426105340384,-0.000016166582017858497,0.00003394853246360102],[0.009231815736519782,0.0007469663619275106,-0.00027379743386520526]]
[[-0.009312359679970355,-0.0006830363935678854,0.00035781055952197407],[-0.00006573949500969533,-0.000016035605870852374,0.000033681846711164945],[0.00937809917498005,0.0006990719994387377,-0.00039149240623313904]]
[[-0.009462576146141356,-0.0006326656138849445,0.0004813697143974247],[-0.00006525981951765138,-0.00001590608860466941,0.00003341816994520943],[0.009527835965659008,0.0006485717024896139,-0.0005147878843426341]]
[[-0.009616301611389324,-0.0005795176074024453,0.0006108614271594474],[-0.00006478516155963825,-0.000015778006173871226,0.000033157462046969906],[0.009681086772948962,0.0005952956135763164,-0.0006440188892064174]]
[[-0.009773592222156641,-0.0005234103758895235,0.0007466431351490354],[-0.00006431544953659853,-0.00001565133504540411,0.000032899683741189804],[0.009837907671693239,0.0005390617109349275,-0.0007795428188902252]]
[[-0.009934498458425785,-0.000464148806799747,0.0008890962686029678],[-0.00006385061324275864,-0.000015526052188791398,0.00003264479658270058],[0.009998349071668543,0.0004796748589885384,-0.0009217410651856684]]
[[-0.010099063893258231,-0.0004015236478623265,0.0010386279821816649],[-0.00006339058384147196,-0.000015402135066871854,0.00003239276294356354],[0.010162454477099703,0.0004169257829291983,-0.0010710207451252282]]
[[-0.010267323763708832,-0.00033531040038684115,0.001195673007393196],[-0.00006293529384220292,-0.000015279561627092025,0.00003214354600076014],[0.010330259057551035,0.0003505899620139332,-0.0012278165533939562]]
[[-0.010439303326108833,-0.0002652681257066844,0.001360695631654619],[-0.00006248467707865981,-0.000015158310293362822,0.000031897109724417116],[0.010501788003187493,0.0002804264360000472,-0.0013925927413790363]]
[[-0.010615015964893993,-0.0001911381591020594,0.0015341918092009442],[-0.00006203866868808685,-0.000015038359958492718,0.000031653418866551175],[0.01067705463358208,0.00020617651906055213,-0.0015658452280674954]]
[[-0.010794461019811434,-0.00011264272555522995,0.0017166914082422605],[-0.00006159720509173086,-0.000014919689977212874,0.00003141243895031742],[0.010856058224903166,0.00012756241553244283,-0.0017481038471925778]]
[[-0.010977621291404253,-0.000029483451832685804,0.0019087605976044416],[-0.00006116022397649838,-0.000014802280159811615,0.000031174136259742974],[0.011038781515380751,0.00004428573199249742,-0.0019399347338641846]]
[[-0.011164460179074345,0.000058660230296721225,0.002111004374474169],[-0.00006072766427782504,-0.000014686110766399001,0.00003093847782992568],[0.01122518784335217,-0.00004397411953032222,-0.002141942852304095]]
[[-0.011354918399684987,0.00015213279435787383,0.0023240692326885995],[-0.0000602994661637803,-0.00001457116250182504,0.00003070543143767488],[0.011415217865848768,-0.00013756163185604879,-0.0023547746641262744]]
[[-0.011548910227503591,0.0002513044467959308,0.0025486459681207984],[-0.00005987557102043553,-0.000014457416511278455,0.000030474965592567793],[0.011608785798524026,-0.00023684703028465233,-0.002579120933713366]]
[[-0.011746319188219178,0.00035657307453818265,0.0027854726139391974],[-0.000059455921438525516,-0.000014344854376596218,0.000030247049528390744],[0.011805775109657702,-0.0003422282201615864,-0.002815719663467588]]
[[-0.011946993130714224,0.00046836631340313695,0.003035337493648165],[-0.00005904046120143791,-0.000014233458113317898,0.00003002165319493002],[0.012006033591915662,-0.00045413285528981905,-0.0030653591468430947]]
[[-0.012150738590149536,0.000587143735964657,0.0032990823735865775],[-0.000058629135274567403,-0.00001412321016852261,0.000029798747250070762],[0.012209367725424103,-0.0005730205257961343,-0.003328881120836648]]
[[-0.012357314344665108,0.0007133991544037958,0.0035776056886540697],[-0.00005822188979607507,-0.000014014093419490415,0.00002957830305215523],[0.012415536234461183,-0.0006993850609843055,-0.003607183991706225]]
[[-0.01256642405556196,0.0008476630298375068,0.0038718658050660854],[-0.000057818672069095153,-0.000013906091173234143,0.000029360292652543512],[0.012624242727631053,-0.0008337569386642727,-0.003901226097718629]]
[[-0.012777707867193473,0.0009905049743601135,0.0041828842714446025],[-0.00005741943055543484,-0.000013799187166952165,0.00002914468878830961],[0.012835127297748907,-0.0009767057871931614,-0.004212028960232912]]
[[-0.012990732827992171,0.0011425363252747364,0.004511748993973867],[-0.000057024114870812625,-0.000013693365569456697,0.00002893146487499389],[0.013047756942862984,-0.0011288429597052798,-0.004540680458848862]]
[[-0.01320498197819215,0.0013044127623686192,0.004859617252022854],[-0.000056632675781682725,-0.000013588610983636888,0.000028720594999319216],[0.013261614653973833,-0.0012908241513849823,-0.004888337847022173]]
[[-0.013419841933085614,0.0014768369281639073,0.005227718446766892],[-0.00005624506520369123,-0.000013484908450019957,0.000028512053911761212],[0.013476086998289305,-0.0014633520197138872,-0.005256230500678653]]
[[-0.013634588773420941,0.0016605609973310172,0.005617356445995505],[-0.00005586123620180824,-0.00001338224345149781,0.00002830581701884444],[0.01369045000962275,-0.0016471787538795194,-0.005645662263014349]]
[[-0.01384837203735571,0.001856389124261507,0.006029911352380184],[-0.00005548114299217518,-0.000013280601919289956,0.00002810186037501347],[0.013903853180347885,-0.001843108522342217,-0.006058013212755197]]
[[-0.014060196592032012,0.0020651796764218785,0.006466840478731848],[-0.00005510474094570009,-0.000013179970240216366,0.000027900160673901888],[0.014115301332977712,-0.002051999706181662,-0.00649474063940575]]
[[-0.014268902148512378,0.002287847134683405,0.006929678260762527],[-0.00005473198659342275,-0.000013080335265355571,0.00002770069523879192],[0.0143236341351058,-0.0022747667994180497,-0.006957378956001319]]
[[-0.0144731401731446,0.0025253635093439738,0.007420034773966086],[-0.00005436283763365747,-0.000012981684320163705,0.0000275034420120225],[0.014527503010778257,-0.0025123818250238103,-0.007447538215978109]]
[[-0.014671347943674166,0.0027787590808859394,0.007939592444682913],[-0.0000539972529409011,-0.000012884005216128113,0.00002730837954306313],[0.014725345196615067,-0.0027658750756698112,-0.007966900824225975]]
[[-0.014861719502656856,0.0030491222263794586,0.008490100454346595],[-0.000053635192576467845,-0.000012787286264024954,0.000027115486974924907],[0.014915354695233324,-0.0030363349401154333,-0.00851721594132152]]
[[-0.015042173278029165,0.0033375980344707364,0.009073366228447647],[-0.000053276617800777695,-0.000012691516288841792,0.000026924744028527253],[0.015095449895829944,-0.003324906518181895,-0.009100290972476175]]
[[-0.015210316176449381,0.0036453853426664617,0.00969124327615142],[-0.00005292149108718154,-0.00001259668464641379,0.00002673613098457974],[0.015263237667536561,-0.003632788658020048,-0.009717979407136]]
[[-0.015363404016210627,0.003973731748761432,0.010345614501411337],[-0.00005256977613714954,-0.000012502781241803127,0.000026549628662471018],[0.015415973792347775,-0.0039612289675196284,-0.010372164130073807]]
[[-0.015498298262083755,0.004323926052576885,0.011038369941193105],[-0.00005222143789657936,-0.000012409796549425387,0.000026365218395582823],[0.015550519699980335,-0.00431151625602746,-0.011064735159588689]]
[[-0.015611419165629237,0.004697287473934635,0.011771377701685995],[-0.00005187644257289277,-0.000012317721634890757,0.000026182882002364794],[0.015663295608202128,-0.004684969752299745,-0.01179756058368836]]
[[-0.01569869561526089,0.00509515086802309,0.01254644666171764],[-0.00005153475765248204,-0.000012226548178480794,0.000026002601752417134],[0.015750230372913374,-0.005082924319844609,-0.012572449263470056]]
