[[0.14786546937065023,-0.14537427427057054,0.016336895666805497],[0.028919846143701397,0.11540010102300419,-0.1102769938689397],[-0.17678531551435164,0.029974173247566335,0.0939400982021342]]
[[0.16670711853109288,-0.16229604340368514,0.01741304861308856],[0.0949235237893715,0.10734807145817138,-0.14935272401198277],[-0.26163064232046435,0.05494797194551378,0.13193967539889423]]
[[0.19020504724405962,-0.18338707035966323,0.018758533021704757],[0.26215282435770304,0.04544390733173154,-0.21694177048390725],[-0.45235787160176266,0.1379431630279317,0.19818323746220248]]
[[0.21917067669319767,-0.20945982689266635,0.020476515333116136],[0.7687329119087818,-0.35990536453341637,-0.2609491774888459],[-0.9879035886019795,0.5693651914260828,0.24047266215572977]]
[[0.2515092222008464,-0.2408869442942625,0.024124823159109122],[0.5380802384569273,-2.22765121661724,1.252895255988776],[-0.7895894606577737,2.4685381609115025,-1.2770200791478852]]
[[0.28723487691813776,-0.29521760024194743,0.04361703136668697],[-1.2950059509658072,-0.00943300932395999,0.8610255436311763],[1.0077710740476693,0.3046506095659074,-0.9046425749978633]]
[[0.35126687764186704,-0.41326248967439394,0.09694348841540262],[-0.6169703357162459,0.28750560376720513,0.19187322309284796],[0.26570345807437884,0.12575688590718878,-0.2888167115082506]]
[[0.4487467360657532,-0.6913006215009608,0.2639630192447931],[-0.4057828917632317,0.276219136600402,0.05844802088275887],[-0.04296384430252151,0.41508148490055885,-0.322411040127552]]
[[0.3334198894236008,-1.4422545737715944,1.0032561993086402],[-0.33896560261951464,0.2765590846779461,0.012380584564552714],[0.005545713195913862,1.1656954890936482,-1.0156367838731928]]
[[-2.0736061794130434,-0.6745835037335838,2.160512065451007],[-0.3399966132343803,0.3076579830491707,-0.01130722400417381],[2.4136027926474237,0.3669255206844131,-2.149204841446833]]
[[-0.8173854442304057,0.6476400318449131,0.055933482576053364],[-0.3961873618204419,0.362843701308643,-0.013553442619411304],[1.2135728060508475,-1.0104837331535563,-0.042380039956642065]]
[[0.12258577522112968,0.07491144809774075,-0.16467545240907222],[-0.5016899064618529,0.442807561328882,0.002647779391455986],[0.3791041312407232,-0.5177190094266227,0.16202767301761622]]
[[0.5445564156986704,-0.2918987721748332,-0.1786615141757492],[-0.7147840522280622,0.5868997070618202,0.05195201560569503],[0.1702276365293918,-0.295000934886987,0.12670949857005415]]
[[1.1756593883042463,-0.7240787091835159,-0.32367042468785345],[-1.2725264674045456,0.9180788379322559,0.22924369393496122],[0.09686707910029922,-0.19400012874873995,0.0944267307528922]]
[[4.0614544978007165,-1.9500343148898083,-1.7753609234702592],[-4.124856848086224,2.091272519878238,1.7015384439118046],[0.06340235028550673,-0.1412382049884293,0.07382247955845461]]
[[-6.96025623679504,8.518069063946216,-2.5814729951157274],[6.916354232425729,-8.406979604788354,2.5191006300645826],[0.04390200436931036,-0.11108945915786045,0.0623723650511447]]
[[-7.206997398091222,1.1659644006869603,5.6958083553431695],[7.176051130778035,-1.077807330501965,-5.748258555518722],[0.030946267313186844,-0.08815707018499526,0.052450200175551985]]
[[6.915755488060452,-8.393450359344987,2.5073064722014653],[-6.938351676605202,8.466180232180935,-2.5527619974389575],[0.02259618854474985,-0.07272987283594821,0.045455525237491926]]
[[4.762098760190578,4.0446627375962105,-9.017253908662989],[-4.779198938975418,-3.984099867082836,8.978139482333798],[0.017100178784839826,-0.06056287051337449,0.03911442632919021]]
[[-8.333595543545758,5.2240802004575055,2.344507220778378],[8.320699960918601,-5.172841826320655,-2.378815556441785],[0.01289558262715693,-0.051238374136850964,0.034308335663407394]]
[[-2.6744891212246475,-6.868160532458834,10.101482520834113],[2.6643109732171104,6.912307793076663,-10.131715073831172],[0.010178148007537038,-0.04414726061782943,0.030232552997058834]]
[[3.1443868976958504,0.18932893886245714,-3.2405452637728938],[-3.1524375347039246,-0.1511252942886842,3.213811890414243],[0.008050637008074082,-0.038203644573772934,0.026733373358650763]]
[[0.7923337939020012,0.3078069286579924,-1.098157054042764],[-0.7990074400445757,-0.27420902067114883,1.0744033269561406],[0.006673646142574503,-0.03359790798684362,0.023753727086623346]]
[[0.3896687383533113,0.22537309267958425,-0.6194628388445],[-0.3953098656319228,-0.19547713462296834,0.5981696107469505],[0.005641127278611498,-0.0298959580566159,0.021293228097549577]]
[[0.24337068637603135,0.17526393975323834,-0.4237163574561408],[-0.24819316365080527,-0.14842482968470877,0.4044778264903055],[0.004822477274773895,-0.026839110068529584,0.019238530965835256]]
[[0.17173314128618147,0.14359573295847983,-0.3201950031468211],[-0.17588573861278683,-0.11933008682653945,0.30269462143834824],[0.004152597326605363,-0.024265646131940384,0.0175003817084728]]
[[0.1304827305460696,0.1220946807563921,-0.25709329028306793],[-0.13407599863452438,-0.10002796866321302,0.24108104754369497],[0.00359326808845478,-0.022066712093179078,0.016012242739372982]]
[[0.10417510179922557,0.10665553169385145,-0.2150133031450964],[-0.10729488423354656,-0.08649011011187199,0.20028889671202524],[0.0031197824343209934,-0.020165421581979447,0.014724406433071161]]
[[0.08617495423100799,0.09509437128478472,-0.18516563440254433],[-0.08888999585349967,-0.07658886891673117,0.17156633376510186],[0.0027150416224916924,-0.018505502368053553,0.013599300637442465]]
[[0.07321034975542312,0.08615809179378377,-0.16302580039959647],[-0.07557693589031897,-0.0691135018020244,0.15041766806860482],[0.0023665861348958453,-0.01704458999175937,0.012608132330991641]]
[[0.06350082397818,0.07908051271327683,-0.14604103262742235],[-0.06556579216616011,-0.0633304757097887,0.13431250465176042],[0.002064968187980124,-0.015750037003488128,0.011728527975661943]]
[[0.056002940356718385,0.07336833268952529,-0.1326677963170417],[-0.057805739636600476,-0.058772150547771414,0.12172492807618704],[0.0018027992798820937,-0.014596182141753879,0.010942868240854664]]
[[0.05006872206623698,0.06869029075879034,-0.12192091890568735],[-0.05164288377696033,-0.05512778030251754,0.11168381789846707],[0.0015741617107233516,-0.0135625104562728,0.010237101007220268]]
[[0.04527659725455513,0.06481612190038372,-0.11314374010467292],[-0.04665082466868097,-0.052183743198229805,0.10354385490397659],[0.0013742274141258456,-0.012632378702153915,0.009599885200696316]]
[[0.04134160004291461,0.06158113331668793,-0.1058827823467876],[-0.04254060051949748,-0.049789022404033725,0.09686081670531073],[0.0011990004765828682,-0.0117921109126542,0.009021965641476866]]
[[0.03806484597108863,0.058864717720951386,-0.09981555956868404],[-0.03910998252285897,-0.04783437476184964,0.09131984853946837],[0.001045136551770345,-0.011030342959101748,0.00849571102921568]]
[[0.03530371277190758,0.05657681985019586,-0.09470705500770867],[-0.03621352468225929,-0.046239281335492856,0.08669228652859626],[0.0009098119103517037,-0.010337538514703006,0.008014768479112415]]
[[0.03295351584747694,0.05464913346147007,-0.09038245473402873],[-0.03374414151406815,-0.044943507996649125,0.08280865244424104],[0.0007906256665912098,-0.009705625464820952,0.007573802289787693]]
[[0.030935851005443053,0.05302921559688709,-0.08670949663330824],[-0.031621375918031006,-0.0439014970603089,0.07954120236519094],[0.0006855249125879542,-0.009127718536578195,0.0071682942681173005]]
[[0.02919095284324216,0.05167645840808072,-0.08358671863947673],[-0.029783698995337442,-0.04307855371219845,0.07679232911464635],[0.0005927461520952845,-0.00859790469588226,0.006794389524830372]]
[[0.027672552209123413,0.05055927833741744,-0.08093544400615386],[-0.02818332086415752,-0.042448203385631975,0.07448666780082623],[0.0005107686550341098,-0.008111074951785466,0.006448776205327642]]
[[0.026344334221189553,0.049653124595998195,-0.07869420240112808],[-0.026782610969464805,-0.041990333629419924,0.07256561160361913],[0.00043827674827525055,-0.007662790966578277,0.006128590797508962]]
[[0.025177447713439043,0.04893905326597108,-0.07681478042599431],[-0.025551576666851053,-0.04168987514695667,0.07098343752567167],[0.00037412895341201177,-0.007249178119014411,0.005831342900322642]]
[[0.024148721113918366,0.04840270207048113,-0.07525938895799596],[-0.024466053585323166,-0.04153586314845216,0.06970453402329273],[0.0003173324714048011,-0.006866838922028969,0.005554854934703223]]
[[0.02323936257039491,0.04803355695120035,-0.0739986143893804],[-0.023506384481703925,-0.04152077466807381,0.06870140096081034],[0.00026702191130901674,-0.006512782283126545,0.005297213428570056]]
[[0.022433997969721033,0.04782443812101943,-0.07300993381310741],[-0.022656439404412736,-0.041640072892882796,0.06795320447025398],[0.00022244143469170216,-0.006184365228136631,0.005056729342853431]]
[[0.021719948411885428,0.04777115784500589,-0.07227664720213929],[-0.02190287809313019,-0.04189191331725947,0.06744474168454498],[0.00018292968124476372,-0.0058792445277464234,0.004831905517594303]]
[[0.021086679590100885,0.047872319456061255,-0.07178712819610215],[-0.021234586571276408,-0.04227698319079215,0.06716571842662059],[0.00014790698117552072,-0.005595336265269105,0.004621409769481575]]
[[0.020525375776779896,0.04812923993598318,-0.07153432856942445],[-0.02064224024004852,-0.04279845810851943,0.06711027606025347],[0.00011686446326862143,-0.005330781827463745,0.004424052509170981]]
[[0.020028604542818795,0.04854598872684514,-0.07151549560780877],[-0.02011795928801898,-0.04346206959491286,0.06727672760805617],[0.00008935474520018609,-0.005083919131932273,0.004238767999752603]]
[[0.019590047266418057,0.049129544702027905,-0.07173208024892065],[-0.01965503121856038,-0.044276286546658127,0.06766748167976253],[0.00006498395214232212,-0.004853258155369773,0.004064598569158133]]
[[0.01920427633301917,0.04989008261667341,-0.07218982960905296],[-0.019247681188949192,-0.04525262259830563,0.06828914837386835],[0.000043404855930020375,-0.00463746001836778,0.0039006812351846092]]
[[0.018866563529538475,0.05084141107469251,-0.07289907252623273],[-0.01889087449306265,-0.04640609204471244,0.06915283621244706],[0.000024310963524176016,-0.004435319029980076,0.0037462363137856815]]
[[0.018572705936766246,0.05200159752664369,-0.073875222970533],[-0.01858013734938409,-0.047755850316690246,0.07027466530270764],[7.431412617843312e-6,-0.004245747209953446,0.0036005576678253743]]
[[0.018318855749044224,0.053393833998691236,-0.07513954581777743],[-0.018311382304775664,-0.04932607310221926,0.07167654149694304],[-7.473444268561421e-6,-0.004067760896471975,0.0034630043208343925]]
[[0.01810133870807583,0.055047623032177306,-0.07672025546192773],[-0.01808072284136498,-0.051147153913789066,0.07338726224886176],[-0.00002061586671084838,-0.0039004691183882395,0.0033329932130659766]]
[[0.017916441630920557,0.057000401189600945,-0.07865405430508729],[-0.017884257582820078,-0.05325733772198837,0.07544406138633361],[-0.00003218404810048112,-0.003743063467612584,0.003209992918753679]]
[[0.01776014162329819,0.059299774751754734,-0.08098827195400554],[-0.017717796620382763,-0.05570496549886095,0.07789475377749903],[-0.00004234500291542542,-0.0035948092528937815,0.00309351817650651]]
[[0.017627735719587874,0.06200663107475891,-0.08378384781754665],[-0.01757648864014521,-0.05855159332161433,0.08080072270635678],[-0.00005124707944266576,-0.0034550377531445786,0.00298312511118986]]
[[0.017513305666615565,0.06519953042506005,-0.08711952808646277],[-0.017454283517878,-0.06187639100640034,0.08424112103953757],[-0.00005902214873756475,-0.003323139418659711,0.0028784070469252037]]
[[0.017408910465095306,0.06898101399706852,-0.09109785480004587],[-0.017343122952207125,-0.06578245610352458,0.08831886397189219],[-0.00006578751288818182,-0.00319855789354393,0.0027789908281536757]]
[[0.017303323876525334,0.07348685187205078,-0.0958538675508745],[-0.017231676307476348,-0.07040606711842023,0.09316933397090989],[-0.00007164756904898653,-0.0030807847536305447,0.0026845335799645983]]
[[0.01717999506886986,0.07889992781029401,-0.10156802493700326],[-0.01710329980890148,-0.07593057293812307,0.09897330508615673],[-0.00007669525996838194,-0.0029693548721709427,0.0025947198508465335]]
[[0.017013645060720197,0.08547166759518064,-0.10848589160446197],[-0.016932631724100415,-0.08260782525357853,0.1059766325131115],[-0.00008101333661978274,-0.00286384234160211,0.0025092590913504695]]
[[0.016764383269941723,0.09355618163893827,-0.11694904931852504],[-0.01667970781614262,-0.09079232474409452,0.11452116588697525],[-0.00008467545379910238,-0.002763856894843748,0.0024278834315497907]]
[[0.01636712537475329,0.10366673063034007,-0.12744537292507285],[-0.016279378259906337,-0.1009976898450475,0.12509502719558602],[-0.00008774711484695454,-0.0026690407852925715,0.002350345729486837]]
[[0.01571165714705001,0.11657330648371014,-0.14069427923322658],[-0.015621370670540435,-0.11399424038041744,0.13841786135992615],[-0.00009028647650957707,-0.002579066103292703,0.0022764178733004382]]
[[0.014602934522211685,0.13348037826614145,-0.15779865175642901],[-0.01451058950366021,-0.13098674573347333,0.15559276242264886],[-0.00009234501855147565,-0.0024936325326681366,0.0022058893337801506]]
[[0.012676476225817121,0.1563721080834543,-0.1805324661257742],[-0.012582508152276406,-0.15395964249063102,0.1783939001391783],[-0.0000939680735407162,-0.0024124655928232817,0.0021385659865959116]]
[[0.009202023490614622,0.188738678053973,-0.21192777105649419],[-0.009106828293489787,-0.1864033625636004,0.20985350179061438],[-0.00009519519712483388,-0.0023353154903726064,0.0020742692658797957]]
[[0.002574803141981838,0.23727006490846148,-0.25759305528353527],[-0.0024787428106399657,-0.23500810803734443,0.2555802194803155],[-0.00009606033134187211,-0.002261956871117039,0.0020128358032197352]]
[[-0.011214333052323649,0.31638965059940877,-0.32907525911660584],[0.011310924710136257,-0.31419746043206165,0.32712114117855284],[-0.00009659165781260897,-0.0021921901673471636,0.0019541179380530163]]
[[-0.04427745568902963,0.4630168315163945,-0.4540963443187143],[0.0443742666102402,-0.46089098513864135,0.45219835814528564],[-0.00009681092121056995,-0.00212584637775313,0.0018979861734286715]]
[[-0.14666971910885007,0.8018875432974858,-0.7172598307466174],[0.14676645090846277,-0.799824742200472,0.7154154935341344],[-0.00009673179961271092,-0.0020628010970138787,0.0018443372124830283]]
[[-0.7099376988370757,2.05906340584226,-1.5116649313901425],[0.7100340563560219,-2.0570603830916414,1.5098718065647558],[-0.00009635751894618519,-0.002003022750618584,0.0017931248253865812]]
[[-24.140980161217062,16.03538321236473,6.684377271010246],[24.141075876630236,-16.03343636600005,-6.686121845681022],[-0.00009571541317451816,-0.001946846364683825,0.001744574670776178]]
[[0.16502677678601566,-0.14658122251851025,-0.0056010248879147465],[-0.16492509231070815,0.14847025451973628,0.003901337239820942],[-0.0001016844753075084,-0.001889032001226049,0.0016996876480938037]]
[[0.03861144937470753,-0.032789614700474534,-0.0026897572264159997],[-0.03849166529045821,0.03461305549499546,0.0010319115591496569],[-0.00011978408424931746,-0.0018234407945209297,0.001657845667266343]]
[[0.016936608713547754,-0.013505912407101977,-0.0019434354670921179],[-0.016789406418365824,0.015258945934716864,0.00032409854680740083],[-0.00014720229518192833,-0.001753033527614886,0.001619336920284717]]
[[0.009574578351687135,-0.006977082131824217,-0.0016657598294131663],[-0.009393281246571388,0.008656944455927938,0.00008195302731516489],[-0.0001812971051157467,-0.0016798623241037203,0.0015838068020980014]]
[[0.006236825520716018,-0.004021632533062426,-0.0015345165060883124],[-0.006017090982655072,0.005626955622103715,-0.00001606823611747084],[-0.00021973453806094592,-0.0016053230890412892,0.0015505847422057832]]
[[0.004458459215575906,-0.0024505823964772813,-0.0014610011209128298],[-0.0041979112519516665,0.003980939190717373,-0.00005790304090480289],[-0.0002605479636242389,-0.001530356794240091,0.0015189041618176328]]
[[0.003408118073397463,-0.001527524752125015,-0.0014132358228165062],[-0.003105982999468697,0.002983132518447691,-0.00007479987081030986],[-0.0003021350739287659,-0.001455607766322676,0.001488035693626816]]
[[0.0027418738462614265,-0.0009482067472267549,-0.0013775385262891561],[-0.0023986489589498624,0.002329743720795257,-0.00007981932407790179],[-0.0003432248873115643,-0.001381536973568502,0.001457357850367058]]
[[0.00229645817143192,-0.0005682070491564747,-0.0013473647549418829],[-0.001913623647713289,0.0018767037420711983,-0.00007902165917925662],[-0.00038283452371863094,-0.0013084966929147236,0.0014263864141211395]]
[[0.001986254805139652,-0.0003116820262999742,-0.0013193623071231682],[-0.0015660290807210176,0.0015484578939462914,-0.00007541620054040965],[-0.0004202257244186341,-0.0012367758676463173,0.0013947785076635778]]
[[0.0017628553146236872,-0.00013559469252329137,-0.0012917612325204634],[-0.0013079900521336938,0.0013022197579764857,-0.00007056106974047959],[-0.0004548652624899934,-0.0011666250654531942,0.001362322302260943]]
[[0.0015972342436980905,-0.000013973839319661864,-0.0012636397103459101],[-0.0011108438644141145,0.0011122421080204648,-0.00006527975758766717],[-0.00048639037928397604,-0.0010982682687008028,0.0013289194679335773]]
[[0.0014711585671717139,0.00006965906137894773,-0.0012345576276713362],[-0.0009565795168292992,0.000962247785538843,-0.00006000716552828605],[-0.0005145790503424146,-0.0010319068469177906,0.0012945647931996223]]
[[0.0013727401659330337,0.00012620229760499702,-0.0012043591549797024],[-0.0008334157263555236,0.0008415171174334753,-0.00005496647915786352],[-0.0005393244395775102,-0.0009677194150384724,0.0012593256341375657]]
[[0.001293993371253604,0.00016311681934040568,-0.0011730591777070693],[-0.0007333805052154498,0.0007427431714777,-0.000050263541532506476],[-0.0005606128660381543,-0.0009058599908181057,0.0012233227192395759]]
[[0.0012294253427125178,0.00018565906264492356,-0.0011407742696592023],[-0.000650920617813688,0.0006607968545350054,-0.00004593884860543929],[-0.0005785047248988298,-0.000846455917179929,0.0011867131182646416]]
[[0.0011751871433183193,0.00019762084060122667,-0.0011076788646002533],[-0.0005820691953499326,0.0005919855108710264,-0.000041996864905391714],[-0.0005931179479683867,-0.0007896063514722531,0.001149675729505645]]
[[0.0011285432279455716,0.00020179022199566613,-0.0010739765514754856],[-0.0005239295202980949,0.00053359145705222,-0.0000384228025127038],[-0.0006046137076474767,-0.0007353816790478861,0.0011123993539881895]]
[[0.0010875290138338096,0.00020024834585666426,-0.001039880954269742],[-0.0004743448655044156,0.0004835755804462675,-0.000035192293204502816],[-0.000613184148329394,-0.0006838239263029318,0.0010750732474742448]]
[[0.0010507234974729213,0.00019456646359267284,-0.001005602981023049],[-0.0004316815231531965,0.0004403816187982074,-0.000032276954199580475],[-0.0006190419743197249,-0.0006349480823908802,0.0010378799352226296]]
[[0.0010170944865660501,0.000185940440584385,-0.000971342468596016],[-0.0003946827435431684,0.0004028037131044327,-0.000029647548825735193],[-0.0006224117430228818,-0.0005887441536888177,0.001000990017421751]]
[[0.000985890985781573,0.00017528494825889415,-0.000937282942993591],[-0.0003623682692885328,0.0003698947955956559,-0.00002727572708583086],[-0.0006235227164930403,-0.00054517974385455,0.0009645586700794219]]
[[0.0009565670014665633,0.0001633009888024787,-0.0009035886206666336],[-0.0003339638797380419,0.0003409019662760981,-0.000025134925811105913],[-0.0006226031217285214,-0.0005042029550785768,0.0009287235464777396]]
[[0.0009287267734828424,0.00015052533563507327,-0.0008704030265479789],[-0.0003088511074153043,0.00031522009288793064,-0.000023200773818380285],[-0.000619875666067538,-0.0004657454285230039,0.0008936038003663592]]
[[0.0009020849265806217,0.0001373674171381402,-0.0008378487683529448],[-0.00028653077442932173,0.00029235795674453617,-0.000021451209641879792],[-0.0006155541521513,-0.00042972537388267633,0.0008592999779948246]]
[[0.0008764372015896636,0.00012413728345634365,-0.0008060281202488949],[-0.000266596162844883,0.000271913189300383,-0.000019866437118237862],[-0.0006098410387447806,-0.0003960504727567267,0.0008258945573671327]]
[[0.0008516388080067112,0.00011106710570336862,-0.0007750241519420806],[-0.0002487130084594005,0.0002535534681390592,-0.000018428794410480714],[-0.0006029257995473107,-0.0003646205738424278,0.0007934529463525612]]
[[0.000827588339898433,0.00009832789137194424,-0.0007449022022707649],[-0.0002326043983973482,0.0002370022360822216,-0.00001712258179355355],[-0.0005949839415010849,-0.0003353301274541658,0.0007620247840643185]]
[[0.0008042157968175402,0.00008604259814744901,-0.0007157115455807012],[-0.00021803924067793006,0.00022202773326984965,-0.00001593387499256494],[-0.0005861765561396102,-0.0003080703314172987,0.0007316454205732662]]
[[0.0007814736594069953,0.00007429649347233158,-0.0006874871380621139],[-0.0002048233681894231,0.0002084344862696712,-0.000014850339493317009],[-0.0005766502912175722,-0.0002827309797420028,0.0007023374775554309]]
[[0.0007593302524221686,0.00006314537941400314,-0.0006602513621020197],[-0.0001927926081292194,0.00019605664052044824,-0.000013861054279256764],[-0.0005665376442929491,-0.0002592020199344514,0.0006741124163812765]]
[[0.0007377648279407602,0.00005262214441020187,-0.000634015711105565],[-0.00018180733363436544,0.00018475269052624962,-0.000012956349211572324],[-0.0005559574943063948,-0.0002373748349364515,0.0006469720603171374]]
[[0.0007167639453033183,0.0000427419917367366,-0.0006087823763321431],[-0.0001717481443794684,0.0001744012804759885,-0.000012127657726768168],[-0.00054501580092385,-0.0002171432722127251,0.0006209100340589112]]
[[0.0006963188292215827,0.00003350661395279225,-0.0005845457120154603],[-0.00016251241515695926,0.00016489783220493176,-0.000011367385037619845],[-0.0005338064140646235,-0.00019840444615772403,0.0005959130970530801]]
[[0.000676423465022468,0.00002490752331605814,-0.0005612935661794788],[-0.0001540115176393518,0.0001561518181360643,-0.000010668791188568928],[-0.0005224119473831163,-0.00018105934145212245,0.0005719623573680477]]
[[0.0006570732479308449,0.00001692870376898921,-0.0005390084727978266],[-0.00014616856853377349,0.00014808454108986816,-0.000010025887884234635],[-0.0005109046793970714,-0.00016501324485885738,0.0005490343606820613]]
[[0.0006382640469744372,9.548716274616304e-6,-0.0005176687068498868],[-0.0001389165925242573,0.0001406273154321536,-9.433347821898083e-6],[-0.0004993474544501799,-0.00015017603170676988,0.0005271020546717849]]
[[0.0006199915772576864,2.7423631134677423e-6,-0.0004972492078931177],[-0.00013219701443244615,0.0001337199682509503,-8.886425216306413e-6],[-0.0004877945628252403,-0.00013646233136441804,0.0005061356331094242]]
[[0.0006022509996623574,-3.5180037596465815e-6,-0.00047772238041047724],[-0.00012595841446733344,0.00012730959742394282,-8.380886245753187e-6],[-0.00047629258519502396,-0.0001237915936642962,0.00048610326665623045]]
[[0.0005850366864208656,-9.261461459525165e-6,-0.00045905878074548566],[-0.00012015549507475354,0.00012134953718580062,-7.912948233424186e-6],[-0.0004648811913461121,-0.00011208807572627547,0.00046697172897890984]]
[[0.0005683421058929201,-0.00001451772617965601,-0.000441227701183546],[-0.0001147482190121028,0.00011579849229034352,-7.479226483675715e-6],[-0.0004535938868808173,-0.00010128076611068751,0.0004487069276672217]]
[[0.0005521597913144375,-0.000019316549105043393,-0.0004241976618996048],[-0.00010970108677687481,0.00011061980992076214,-7.076687804923642e-6],[-0.00044245870453756263,-0.00009130326081571874,0.0004312743497045284]]
[[0.0005364813670765001,-0.00002368726134894805,-0.00040793682124480953],[-0.00010498252806999022,0.0001057808647385148,-6.702609860838077e-6],[-0.0004314988390065099,-0.00008209360338956673,0.0004146394311056476]]
[[0.0005212976128372228,-0.000027658437928768015,-0.0003924133143245686],[-0.00010056438705893427,0.00010125253732233512,-6.354545594989383e-6],[-0.0004207332257782885,-0.0000735940993935671,0.000398767859919558]]
[[0.0005065985509349265,-0.00003125765641669227,-0.0003775955291308053],[-0.00009642148517627588,0.00009700877006124837,-6.030292068737606e-6],[-0.0004101770657586506,-0.0000657511136445561,0.0003836258211995429]]
[[0.0004923735465145278,-0.00003451133048995186,-0.00036345232870917593],[-0.00009253124830941014,0.00009302618757399042,-5.7278631371797915e-6],[-0.0003998422982051177,-0.00005851485708403857,0.00036918019184635574]]
[[0.0004786114127772344,-0.00003744460235604731,-0.0003499532270235558],[-0.00008887338770396792,0.00008928377111508203,-5.445465463386774e-6],[-0.00038973802507326653,-0.00005183916875903473,0.00035539869248694256]]
[[0.0004653005160310766,-0.000040081281094276176,-0.00033706852536458934],[-0.0000854296258642277,0.00008576257833354037,-5.18147743746395e-6],[-0.00037987089016684885,-0.0000456812972392642,0.0003422500028020533]]
[[0.00045242887692334844,-0.00004244381646050727,-0.0003247694153633066],[-0.00008218346030112427,0.0000824455012791503,-4.9344306248886145e-6],[-0.0003702454166222242,-0.00004000168481864302,0.0003297038459881952]]
[[0.0004399842655054138,-0.00004455329974841652,-0.0003130280539318225],[-0.00007911995923754257,0.00007931705678401895,-4.702993418940529e-6],[-0.0003608643062678712,-0.000034763757035602424,0.0003177310473507631]]
[[0.0004279542887164888,-0.00004642948496975923,-0.0003018176147709277],[-0.00007622558439707869,0.00007636320434591034,-4.485956615695466e-6],[-0.00035172870431941013,-0.00002993371937615111,0.00030630357138662314]]
[[0.0004163264695543896,-0.000048090824976261365,-0.00029111232046371497],[-0.00007348803682694808,0.00007357118745272811,-4.282220667803257e-6],[-0.00034283843272744154,-0.00002548036247646675,0.00029539454113151827]]
[[0.00040508831768873156,-0.000049554518251855405,-0.00028088745861636484],[-0.000070896122377497,0.00007092939495197387,-4.090784405871681e-6],[-0.00033419219531123455,-0.000021374876700118473,0.0002849782430222365]]
[[0.0003942273916128732,-0.000050836563001913765,-0.0002711193850103974],[-0.00006843963401047833,0.00006842723961442447,-3.910735044403065e-6],[-0.00032578775760239484,-0.0000175906766125107,0.0002750301200548004]]
[[0.00038373135266149414,-0.00005195181589342558,-0.0002617855162920412],[-0.00006610924855992914,0.00006605505149076611,-3.7412393134851047e-6],[-0.000317622104101565,-0.000014103235597340528,0.0002655267556055263]]
[[0.0003735880113691941,-0.000052914053387657985,-0.00025286431433980294],[-0.00006389643594208961,0.00006380398403178637,-3.581535578352144e-6],[-0.00030969157542710447,-0.000010889930644128377,0.00025644584991815506]]
[[0.0003637853667334818,-0.000053736034080220845,-0.0002443352641162559],[-0.00006179337911934549,0.0000616659312514995,-3.4309268269715834e-6],[-0.0003019919876141363,-7.929897171278654e-6,0.0002477661909432275]]
[[0.0003543116389895165,-0.00005442956084357045,-0.00023617884651975487],[-0.00005979290337960989,0.00005963345446987798,-3.288774421374375e-6],[-0.00029451873560990666,-5.2038936263075354e-6,0.00023946762094112923]]
[[0.0003451552965165208,-0.00005500554187107945,-0.0002283765075014728],[-0.00005788841370643501,0.0000576997173869925,-3.1544925218866465e-6],[-0.0002872668828100858,-2.694175515913047e-6,0.00023153100002335945]]
[[0.0003363050774864133,-0.00005547404996402574,-0.00022091062449832382],[-0.000056073839194129765,0.00005585842842082743,-3.027543105029941e-6],[-0.00028023123829228356,-3.843784568016928e-7,0.00022393816760335375]]
[[0.0003277500068410445,-0.000055844379594825356,-0.0002137644710487163],[-0.00005434358361243432,0.000054103789392897397,-2.9074315058988923e-6],[-0.00027340642322861016,1.7405902019279528e-6,0.0002166719025546152]]
[[0.0003194794091507861,-0.00005612510143108476,-0.0002069221803017812],[-0.000052692481351871736,0.00005243044977396969,-2.7937024245164507e-6],[-0.0002667869277989144,3.694651657115075e-6,0.00020971588272629762]]
[[0.0003114829178680192,-0.000056324114123363156,-0.0002003687079981632],[-0.00005111575808782101,0.000050833465810702855,-2.6859363431988073e-6],[-0.0002603671597801982,5.490648312660304e-6,0.00020305464434136202]]
[[0.00030375048144715074,-0.00005644869325129436,-0.00019408979538848638],[-0.000049608995591949706,0.000049308263946124366,-2.5837463084957703e-6],[-0.00025414148585520106,7.140429305169999e-6,0.00019667354169698216]]
[[0.00029627236676017517,-0.00005650553739312208,-0.00018807193246134996],[-0.000048168100196620034,0.00004785060802528013,-2.486775036946954e-6],[-0.0002481042665635551,8.65492936784195e-6,0.00019055870749829691]]
[[0.0002890391601949148,-0.00005650081133699182,-0.00018230232177369438],[-0.00004678927448346217,0.00004645656984430838,-2.394692308828365e-6],[-0.00024224988571145263,0.000010044241492683429,0.00018469701408252274]]
[[0.00028204176678286216,-0.0000564401864919703,-0.00017676884311038654],[-0.00004546899182333144,0.00004512250265845115,-2.3071926183596458e-6],[-0.0002365727749595307,0.000011317683833519148,0.00017907603572874618]]
[[0.0002752714076656168,-0.00005632887858553029,-0.0001714600191450059],[-0.00004420397344284321,0.00004384501731363204,-2.2239930525866965e-6],[-0.00023106743422277363,0.000012483861271898251,0.0001736840121975926]]
[[0.000268719616173625,-0.0000561716827544217,-0.0001663649822283965],[-0.00004299116773386992,0.0000426209607084583,-2.144831374422257e-6],[-0.00022572844843975505,0.000013550722045963398,0.00016850981360281875]]
[[0.0002623782327584449,-0.00005597300614928377,-0.0001614734423941533],[-0.00004182773155783207,0.000041447396329898436,-2.0694642881829433e-6],[-0.00022055050120061285,0.000014525609819385328,0.00016354290668233625]]
[[0.0002562393989901303,-0.0000557368981815247,-0.00015677565663958985],[-0.0000407110133271913,0.00004032158663731925,-1.997665868459711e-6],[-0.000215528385662939,0.000015415311544205453,0.00015877332250804956]]
[[0.0002502955508044907,-0.00005546707854509982,-0.00015226239951582823],[-0.000039638537672986946,0.000039240977096774595,-1.9292261353478393e-6],[-0.00021065701313150378,0.000016226101448325228,0.00015419162565117608]]
[[0.00024453941116083693,-0.00005516696314681367,-0.00014792493504054867],[-0.000038607991530158913,0.000038203181691038455,-1.863949760982615e-6],[-0.00020593141963067804,0.00001696378145577521,0.0001497888848015313]]
[[0.0002389639822492038,-0.00005483968807742478,-0.00014375498993085735],[-0.00003761721149228375,0.00003720596975138843,-1.8016548940132934e-6],[-0.00020134677075692005,0.000017633718326036347,0.00014555664482487066]]
[[0.00023356253736678907,-0.000054488131752755025,-0.00013974472814101818],[-0.000036664172304648393,0.00003624725397500958,-1.7421720901309259e-6],[-0.00019689836506214068,0.000018240877777745436,0.00014148690023114911]]
[[0.00022832861256626141,-0.000054114935349681975,-0.00013588672667987726],[-0.00003574697637966697,0.000035325079507478575,-1.6853433380713325e-6],[-0.00019258163618659444,0.0000187898558422034,0.00013757207001794858]]
[[0.00022325599816349896,-0.00005372252165670645,-0.00013217395267521974],[-0.00003486384423181513,0.00003443761398341395,-1.6310211716655648e-6],[-0.00018839215393168381,0.000019284907673292498,0.0001338049738468853]]
[[0.00021833873017902767,-0.000053313112453037736,-0.00012859974164662784],[-0.000034013105740782695,0.00003358313843031481,-1.5790678595261725e-6],[-0.00018432562443824498,0.00001972997402272292,0.000130178809506154]]
[[0.00021357108177576118,-0.00005288874452405835,-0.0001251577769443173],[-0.00003319319216164752,0.000032760038951080417,-1.5293546648553544e-6],[-0.00018037788961411364,0.000020128705572977934,0.00012668713160917264]]
[[0.00020894755474543987,-0.0000524512844147984,-0.0001218420703086313],[-0.000032402628809746554,0.00003196679910990616,-1.4817611686554397e-6],[-0.00017654492593569332,0.000020484485304892233,0.00012332383147728673]]
[[0.0002044628710872651,-0.000052002442016804365,-0.0001186469435031269],[-0.0000316400283557252,0.000031201992954353006,-1.4361746503256878e-6],[-0.0001728228427315399,0.00002080044906245136,0.0001200831181534526]]
[[0.00020011196471448234,-0.00005154378307762892,-0.00011556701097329115],[-0.00003090408467312408,0.000030464278613530225,-1.3924895202534542e-6],[-0.00016920788004135825,0.000021079504464098698,0.0001169595004935446]]
[[0.00019588997331795814,-0.000051076740716173175,-0.00011259716348271213],[-0.000030193567186932655,0.000029752392418641014,-1.3506067995617163e-6],[-0.0001656964061310255,0.00002132434829753216,0.00011394777028227385]]
[[0.00019179223040999662,-0.00005060262602133532,-0.00010973255267885746],[-0.00002950731567690624,0.000029065143497720238,-1.3104336426673934e-6],[-0.0001622849147330904,0.000021537482523615086,0.00011104298632152486]]
[[0.0001878142575666429,-0.00005012263780589391,-0.00010696857654136165],[-0.000028844235494193994,0.00002840140880133746,-1.2718828987431124e-6],[-0.0001589700220724489,0.000021721229004556452,0.00010824045944010476]]
[[0.00018395175688243445,-0.000049637871582305026,-0.00010430086566680389],[-0.000028203293154039395,0.00002776012852042391,-1.2348727085654105e-6],[-0.00015574846372839508,0.000021877743061881117,0.00010553573837536931]]
[[0.00018020060364789167,-0.000049149327822133676,-0.0001017252703452812],[-0.000027583512271056178,0.000027140301861278575,-1.1993261335805076e-6],[-0.0001526170913768355,0.0000220090259608551,0.0001029245964788617]]
[[0.00017655683925691415,-0.000048657919556174714,-0.00009923784838558827],[-0.000026983969806910402,0.000026540983146275254,-1.1651708143295853e-6],[-0.00014957286945000374,0.00002211693640989946,0.00010040301919991787]]
[[0.00017301666434859606,-0.00004816447936794598,-0.00009683485364744597],[-0.000026403792603202724,0.000025961278211880624,-1.1323386556532776e-6],[-0.00014661287174539333,0.000022203201156065354,0.00009796719230309925]]
[[0.0001695764321857418,-0.00004766976582915479,-0.00009451272524093918],[-0.000025842154174987773,0.000025400341078348877,-1.100765536343593e-6],[-0.000143734278010754,0.000022269424750805915,0.00009561349077728277]]
[[0.00016623264227048193,-0.00004717446942193372,-0.00009226807735508477],[-0.000025298271742727523,0.00002485737086791924,-1.0703910411340476e-6],[-0.0001409343705277544,0.000022317098554014477,0.00009333846839621882]]
[[0.00016298193419582617,-0.000046679217989107015,-0.00009009768967923397],[-0.00002477140348258541,0.00002433160895054388,-1.0411582131183076e-6],[-0.00013821053071324076,0.000022347609038563134,0.00009113884789235227]]
[[0.0001598210817306984,-0.00004618458175047056,-0.00008799849838279199],[-0.00002426084597685752,0.000023822336298145124,-1.0130133248666912e-6],[-0.00013556023575384088,0.000022362245452325434,0.00008901151170765867]]
[[0.00015674698713493592,-0.00004569107792003204,-0.00008596758762049309],[-0.00002376593184803011,0.00002332887103016786,-9.859056666707143e-7],[-0.0001329810552869058,0.00002236220688986418,0.00008695349328716381]]
[[0.00015375667569987903,-0.000045199174956351394,-0.00008400218153219162],[-0.000023286027561472815,0.000022850566134779596,-9.597873504904623e-7],[-0.00013047064813840622,0.0000223486088215718,0.00008496196888268208]]
[[0.00015084729050949316,-0.00004470929647553107,-0.00008209963670780433],[-0.00002282053138314264,0.00002238680735149665,-9.346131283097307e-7],[-0.0001280267591263505,0.00002232248912403442,0.00008303424983611407]]
[[0.00014801608741642618,-0.00004422182485401359,-0.00008025743508965974],[-0.000022368871479901874,0.000021937011202297333,-9.103402237211234e-7],[-0.0001256472159365243,0.00002228481365171626,0.00008116777531338087]]
[[0.0001452604302269998,-0.00004373710454614358,-0.0000784731772860731],[-0.000021930504151159894,0.00002150062315943863,-8.869281756689726e-7],[-0.0001233299260758399,0.000022236481386704948,0.00007936010546174207]]
[[0.00014257778608882895,-0.00004325544513942192,-0.00007674457627146262],[-0.000021504912181546355,0.000021077115939234956,-8.643386933734179e-7],[-0.00012107287390728261,0.000022178329200186964,0.00007760891496483604]]
[[0.00013996572107455833,-0.00004277712416851556,-0.00007506945144975739],[-0.000021091603305223316,0.000020665987911997745,-8.425355215450984e-7],[-0.000118874117769335,0.000022111136256517813,0.00007591198697130248]]
[[0.00013742189595507143,-0.000042302389707369506,-0.00007344572305921064],[-0.00002069010877325783,0.00002026676161918465,-8.214843150778597e-7],[-0.0001167317871818136,0.000022035628088184857,0.0000742672073742885]]
[[0.00013494406215546541,-0.00004183146275719237,-0.00007187140689803511],[-0.000020299982016212088,0.000019878982389575892,-8.011525224773877e-7],[-0.00011464408013925332,0.000021952480367616476,0.0000726725594205125]]
[[0.00013253005788707136,-0.000041364539446637146,-0.00007034460935150666],[-0.000019920797394774615,0.00001950221704699113,-7.815092773475063e-7],[-0.00011260926049229674,0.00002186232239964602,0.00007112611862885417]]
[[0.00013017780444883687,-0.00004090179305916982,-0.00006886352270235303],[-0.000019552149031859822,0.000019136052702691394,-7.625252973137975e-7],[-0.00011062565541697704,0.000021765740356478427,0.00006962604799966684]]
[[0.0001278853026914596,-0.000040443375901396584,-0.00006742642070734747],[-0.000019193649720151087,0.000018780095626182682,-7.441727898166689e-7],[-0.0001086916529713085,0.0000216632802752139,0.00006817059349716414]]
[[0.00012565062963776233,-0.0000399894210249996,-0.00006603165442407082],[-0.000018844929899559872,0.000018433970188657546,-7.264253642536954e-7],[-0.00010680569973820246,0.00002155545083634205,0.00006675807978832451]]
[[0.00012347193525293033,-0.00003954004381390319,-0.0000646776482727892],[-0.000018505636699525852,0.00001809731787378367,-7.092579499943577e-7],[-0.00010496629855340446,0.000021442725940119516,0.00006538690622278356]]
[[0.00012134743935837656,-0.000039095343447347416,-0.00006336289631932065],[-0.000018175433041494056,0.000017769796350977666,-6.926467198297263e-7],[-0.0001031720063168825,0.000021325547096369754,0.00006405554303915039]]
[[0.00011927542868316449,-0.0000386554042486808,-0.00006208595876563646],[-0.000017853996797279778,0.000017451078606694036,-6.765690184554374e-7],[-0.0001014214318858847,0.000021204325641986767,0.0000627625277840919]]
[[0.00011725425404709208,-0.000038220296928889025,-0.000060845458635763486],[-0.00001754101999937364,0.000017140852129615783,-6.610032956190241e-7],[-0.00009971323404771843,0.000021079444799273242,0.00006150646193138251]]
[[0.00011528232766972402,-0.00003779007973314739,-0.00005964007864532393],[-0.000017236208099550157,0.00001683881814595809,-6.459290435923758e-7],[-0.00009804611957017386,0.000020951261587189304,0.0000602860076889163]]
[[0.00011335812059984589,-0.000037364799498016066,-0.0000584685582437724],[-0.00001693927927242794,0.000016544690901393926,-6.313267386572742e-7],[-0.00009641884132741794,0.00002082010859662214,0.000059099884982429676]]
[[0.00011148016026000847,-0.00003694449262628349,-0.00005732969081907083],[-0.000016649963760889233,0.00001625819698638134,-6.171777863167291e-7],[-0.00009483019649911923,0.00002068629563990215,0.00005794686860538756]]
[[0.00010964702810102254,-0.000036529185985900294,-0.00005622232105517732],[-0.00001636800326050414,0.00001597907470192041,-6.034644699674814e-7],[-0.00009327902484051841,0.000020550111283979883,0.0000568257855251448]]
[[0.00010785735736145841,-0.00003611889773892901,-0.00005514534243332343],[-0.000016093150340322345,0.00001570707346299491,-5.901699027897231e-7],[-0.00009176420702113607,0.0000204118242759341,0.00005573551233611315]]
[[0.00010610983092739831,-0.00003571363810596137,-0.00005409769486861495],[-0.000015825167897594375,0.000015441953237161514,-5.77277982629035e-7],[-0.00009028466302980394,0.000020271684868799855,0.000054674972851243986]]
[[0.00010440317928787832,-0.000035313410071018875,-0.000053078362474015134],[-0.000015563828644166837,0.000015183484015939961,-5.647733496628481e-7],[-0.00008883935064371149,0.000020129926055078917,0.00005364313582367798]]
[[0.00010273617858164536,-0.00003491821003155359,-0.0000520863714442621],[-0.000015308914622463872,0.000014931445316832539,-5.526413466596473e-7],[-0.0000874272639591815,0.000019986764714721052,0.00005263901279092174]]
[[0.00010110764873103709,-0.00003452802839779859,-0.00005112078805273244],[-0.000015060216749120474,0.00001468562571396134,-5.408679816536421e-7],[-0.00008604743198191661,0.00001984240268383725,0.000051661656034386075]]
[[0.00009951645165897151,-0.00003414285014538118,-0.000050180716754694534],[-0.00001481753438447488,0.00001444582239545951,-5.29439892871029e-7],[-0.00008469891727449663,0.000019697027749921672,0.000050710156647565566]]
[[0.00009796148958520837,-0.00003376265532480246,-0.00004926529839079961],[-0.000014580674926257016,0.000014211840745887916,-5.183443157561834e-7],[-0.00008338081465895136,0.000019550814578914542,0.000049783642706555796]]
[[0.0000964417033982111,-0.00003338741953110221,-0.00004837370848503595],[-0.00001434945342592939,0.000013983493952073322,-5.075690519573961e-7],[-0.00008209224997228171,0.000019403925579028884,0.00004888127753699335]]
[[0.00009495607109910436,-0.00003301711433676792,-0.00004750515563172765],[-0.000014123692226247065,0.000013760602630879,-4.971024401421091e-7],[-0.0000808323788728573,0.000019256511705888918,0.00004800225807186976]]
[[0.00009350360631437765,-0.00003265170769070574,-0.00004665887996648909],[-0.000013903220618704453,0.000013542994477524191,-4.869333285211105e-7],[-0.00007960038569567319,0.000019108713213181548,0.000047145813295010206]]
[[0.00009208335687413966,-0.00003229116428587144,-0.000045834151716358466],[-0.000013687874519630397,0.000013330503933166425,-4.770510489699134e-7],[-0.00007839548235450926,0.00001896066035270501,0.00004631120276532838]]
[[0.00009069440345287382,-0.0000319354458979562,-0.00004503026982462372],[-0.00001347749616377894,0.000013122971870550345,-4.674453926435946e-7],[-0.00007721690728909489,0.00001881247402740585,0.000045497715217267316]]
[[0.00008933585826978636,-0.000031584511697335885,-0.00004424656064612686],[-0.000013271933814343104,0.000012920245296609835,-4.581065869888025e-7],[-0.00007606392445544326,0.000018664266400726046,0.00004470466723311566]]
[[0.00008800686384597436,-0.00003123831853632079,-0.00004348237670908748],[-0.000013071041488392106,0.000012722177070986576,-4.4902527406348533e-7],[-0.00007493582235758226,0.00001851614146533421,0.000043931401983150966]]
[[0.00008670659181577059,-0.0000308968212135853,-0.00004273709553972552],[-0.000012874678696800956,0.000012528625639499247,-4.4019249008120754e-7],[-0.00007383191311896963,0.000018368195574086054,0.00004317728802980672]]
[[0.0000854342417897457,-0.00003055997271751135,-0.000042010118546186125],[-0.00001268271019780362,0.000012339454781662665,-4.315996461027444e-7],[-0.00007275153159194208,0.000018220517935848688,0.000042441718192288866]]
[[0.0000841890402669686,-0.00003022772445004637,-0.000041300869958480126],[-0.000012495005763359641,0.000012154533371417055,-4.232385098030481e-7],[-0.00007169403450360895,0.000018073191078629313,0.00004172410846828317]]
[[0.00008297023959423874,-0.000029900026432553153,-0.00004060879582134883],[-0.000012311439957577657,0.000011973735150283492,-4.1510118824662e-7],[-0.00007065879963666109,0.00001792629128226966,0.00004102389700959545]]
[[0.00008177711697011327,-0.000029576827495015993,-0.00003993336303714674],[-0.000012131891926489315,0.000011796938512213593,-4.07180111608953e-7],[-0.00006964522504362396,0.000017779888982802404,0.00004034054314875569]]
[[0.00008060897349165553,-0.000029258075449862683,-0.000039274058456006946],[-0.000011956245198513363,0.000011624026299449647,-3.994680177859385e-7],[-0.00006865272829314216,0.000017634049150413036,0.00003967352647379288]]
[[0.00007946513324193056,-0.000028943717251566426,-0.00003863038801071674],[-0.000011784387494992485,0.000011454885608756,-3.919579378370839e-7],[-0.00006768074574693807,0.000017488831642810426,0.00003902234594855382]]
[[0.00007834494241636852,-0.000028633699143102812,-0.00003800187589388129],[-0.000011616210550225621,0.00001128940760742405,-3.8464318221202355e-7],[-0.0000667287318661429,0.000017344291535678762,0.000038386519076093314]]
[[0.00007724776848620576,-0.000028327966790255174,-0.000037388063775095775],[-0.000011451609940455084,0.000011127487358491492,-3.775173277131879e-7],[-0.00006579615854575067,0.000017200479431763683,0.00003776558110280896]]
[[0.00007617299939730065,-0.000028026465404686973,-0.0000367885100559793],[-0.000011290484921302637,0.000010969023654652431,-3.705742051506184e-7],[-0.00006488251447599801,0.00001705744175003454,0.000037159084261129915]]
[[0.00007512004280270184,-0.00002772913985662976,-0.000036202789161048524],[-0.000011132738273180238,0.000010813918860367957,-3.6380788764783704e-7],[-0.00006398730452952159,0.000016915220996261804,0.00003656659704869636]]
[[0.00007408832532742556,-0.000027435934777971707,-0.00003563049086252638],[-0.00001097827615423132,0.000010662078761717879,-3.5721267956035135e-7],[-0.00006311004917319424,0.000016773856016253825,0.00003598770354208673]]
[[0.00007307729186397235,-0.00002714679465647247,-0.0000350712196372909],[-0.000010827007960385745,0.000010513412423562918,-3.5078310597089427e-7],[-0.0000622502839035866,0.000016633382232909554,0.000035422002743261795]]
[[0.00007208640489718388,-0.000026861663921775598,-0.00003452459405427207],[-0.000010678846192137741,0.0000103678320536135,-3.445139027278142e-7],[-0.00006140755870504614,0.0000164938318681621,0.00003486910795699989]]
[[0.00007111514385710854,-0.000026580487023839443,-0.00003399024619070198],[-0.000010533706327679788,0.000010225252873026156,-3.3840000699519233e-7],[-0.00006058143752942876,0.000016355234150813283,0.00003432864619769717]]
[[0.00007016300449860795,-0.00002630320850436105,-0.000033467821075713635],[-0.000010391506702048139,0.000010085592993171876,-3.3243654828526725e-7],[-0.00005977149779655981,0.000016217615511189174,0.000033800257623998904]]
[[0.00006922949830649699,-0.000026029773061724665,-0.00003295697615986987],[-0.000010252168391956213,9.948773298242233e-6,-3.266188399456241e-7],[-0.00005897732991454077,0.000016080999763482432,0.00003328359499981549]]
[[0.00006831415192506869,-0.00002576012560996669,-0.00003245738080928314],[-0.000010115615106011907,9.814717333379526e-6,-3.2094237107533255e-7],[-0.000058198536819056784,0.000015945408276587164,0.000032778323180358475]]
[[0.00006741650661090974,-0.000025494211332212523,-0.00003196871582306306],[-9.981773080032765e-6,9.68335119803585e-6,-3.1540279884584225e-7],[-0.00005743473353087697,0.000015810860134176675,0.000032284118621908904]]
[[0.00006653611770796428,-0.00002523197572900673,-0.00003149067297289856],[-9.850570977190117e-6,9.554603444283699e-6,-3.0999594120394964e-7],[-0.00005668554673077416,0.000015677372284723034,0.00003180066891410251]]
[[0.00006567255414385478,-0.00002497336466192691,-0.00003102295456364864],[-9.721939792729102e-6,9.428404979817173e-6,-3.047177699355595e-7],[-0.000055950614351125674,0.000015544959682109736,0.000031327672333584206]]
[[0.0000648253979465141,-0.00002471832439284231,-0.00003056527301387764],[-9.595812763026325e-6,9.304688975398158e-6,-2.9956440407025736e-7],[-0.000055229585183487776,0.00001541363541744415,0.0000308648374179479]]
[[0.00006399424378022989,-0.000024466801619152147,-0.000030117350455330344],[-9.472125278760773e-6,9.183390776516269e-6,-2.9453210360796e-7],[-0.00005452211850146912,0.000015283410842635878,0.000030411882558938302]]
[[0.00006317869850024317,-0.000024218743505313117,-0.000029678918350396775],[-9.350814801986597e-6,9.064447819044749e-6,-2.896172635500191e-7],[-0.00005382788369825657,0.00001515429568626837,0.000029968535613946792]]
[[0.00006237838072508523,-0.000023974097710943413,-0.00002924971712666945],[-9.231820786908567e-6,8.947799548687192e-6,-2.848164082182393e-7],[-0.00005314655993817666,0.00001502629816225622,0.00002953453353488769]]
[[0.00006159292042587457,-0.000023732812415768796,-0.000028829495827743888],[-9.115084604172243e-6,8.833387344021556e-6,-2.801261858462553e-7],[-0.00005247783582170233,0.000014899425071747241,0.000029109622013590146]]
[[0.000060821958531832573,-0.00002349483634165722,-0.000028418011779459943],[-9.000549468491828e-6,8.721154442959183e-6,-2.755433634286459e-7],[-0.00005182140906334075,0.000014773681898698037,0.00002869355514288859]]
[[0.00006006514655131164,-0.000023260118771969853,-0.000028015030270824593],[-8.888160369448304e-6,8.611045872446674e-6,-2.710648218140246e-7],[-0.00005117698618186334,0.00001464907289952318,0.000028286095092638618]]
[[0.000059322146207662465,-0.000023028609568440097,-0.000027620324248897656],[-8.777864005300196e-6,8.50300838124831e-6,-2.666875510291693e-7],[-0.00005054428220236227,0.000014525601187191787,0.000027887011799926825]]
[[0.00005859262908929883,-0.00002280025918577612,-0.00002723367402696054],[-8.66960871965781e-6,8.396990375655723e-6,-2.624086458219969e-7],[-0.00004992302036964102,0.000014403268810120397,0.000027496082672782535]]
[[0.00005787627631334794,-0.000022575018684168497,-0.00002685486700532419],[-8.563344440880234e-6,8.292941857980047e-6,-2.5822530141191356e-7],[-0.000049312931872467705,0.000014282076826188448,0.000027113092306736107]]
[[0.00005717277820230351,-0.000022352839739870907,-0.00002648369740416688],[-8.459022624061934e-6,8.190814367689804e-6,-2.541348094367308e-7],[-0.000048713755578241574,0.000014162025372181103,0.00002673783221360361]]
[[0.00005648183397312468,-0.000022133674654009592,-0.00002611996600782411],[-8.356596195483362e-6,8.090560925065313e-6,-2.501345540859544e-7],[-0.00004812523777764132,0.00001404311372894428,0.000026370100561910063]]
[[0.000055803151438251236,-0.000021917476359765903,-0.000025763479919984108],[-8.256019499406442e-6,7.992135977247373e-6,-2.462220084108538e-7],[-0.000047547131938844796,0.000013925340382518529,0.00002600970192839496]]
[[0.000055136446718028564,-0.000021704198428065494,-0.000025414052329270218],[-8.157248247102525e-6,7.895495346564757e-6,-2.4239473080224285e-7],[-0.00004697919847092604,0.000013808703081500736,0.00002565644706007246]]
[[0.00005448144396405995,-0.00002149379507189804,-0.000025071502284719003],[-8.060239468006365e-6,7.800596181031138e-6,-2.3865036162743894e-7],[-0.00004642120449605358,0.000013693198890866903,0.000025310152646346443]]
[[0.000053837875093025915,-0.000021286221149382206,-0.0000247356544806883],[-7.964951462895215e-6,7.707396906908003e-6,-2.349866200183366e-7],[-0.0000458729236301307,0.000013578824242474203,0.000024970641100706634]]
[[0.00005320547953053091,-0.000021081432165682,-0.000024406339050753263],[-7.871343758997707e-6,7.615857183235668e-6,-2.3140130080297905e-7],[-0.0000453341357715332,0.000013465574982446335,0.000024637740351556243]]
[[0.00005258400396455819,-0.000020879384273873072,-0.00002408339137017157],[-7.77937706694206e-6,7.525937858239583e-6,-2.2789227157345236e-7],[-0.000044804626897616134,0.000013353446415633486,0.000024311283641745025]]
[[0.00005197320210813271,-0.00002068003427484999,-0.000023766651866520075],[-7.68901323945791e-6,7.437600927524118e-6,-2.2445746988330175e-7],[-0.0000442841888686748,0.000013242433347325871,0.000023991109336403376]]
[[0.000051372834470809694,-0.00002048333961635901,-0.000023455965838125577],[-7.6002152317506495e-6,7.35080949397055e-6,-2.2109490056806642e-7],[-0.000043772619239059044,0.000013132530122388457,0.000023677060738693643]]
[[0.000050782668138624304,-0.000020289258391234402,-0.000023151183279931646],[-7.512947063471179e-6,7.265527729260346e-6,-2.1780263318286263e-7],[-0.00004326972107515313,0.000013023730661974057,0.00002336898591311451]]
[[0.000050202476562153724,-0.00002009774933491075,-0.000022852158716461165],[-7.427173782208107e-6,7.181720836948916e-6,-2.1457879955128434e-7],[-0.000042775302779945616,0.000012916028497961833,0.000023066737516012446]]
[[0.00004963203935235907,-0.000019908771822278117,-0.000022558751041551846],[-7.342861428433085e-6,7.099355017018824e-6,-2.1142159142020206e-7],[-0.00004228917792392598,0.000012809416805259293,0.00002277017263297205]]
[[0.00004907114208388939,-0.00001972228586394225,-0.000022270823364557776],[-7.2599770018335125e-6,7.018397431845163e-6,-2.0832925821532514e-7],[-0.00004181116508205588,0.000012703888432097088,0.0000224791526227731]]
[[0.00004851957610554356,-0.00001953825210194683,-0.000021988242862725305],[-7.178488428970205e-6,6.938816173509133e-6,-2.0530010489267688e-7],[-0.000041341087676573354,0.000012599435928437698,0.000022193542967617982]]
[[0.00004797713835760063,-0.00001935663180501125,-0.000021710880639466566],[-7.098364532200721e-6,6.860580232399178e-6,-2.0233248988138309e-7],[-0.00004087877382539991,0.000012496051572612075,0.00002191321312934795]]
[[0.000047443631195740585,-0.000019177386863332577,-0.000021438611588266796],[-7.019574999812038e-6,6.783659467042034e-6,-1.9942482311342517e-7],[-0.000040424056195928544,0.000012393727396290544,0.000021638036411380223]]
[[0.00004691886222129081,-0.000019000479782997285,-0.000021171314261975307],[-6.942090357309068e-6,6.7080245751089436e-6,-1.965755641362301e-7],[-0.00003997677186398174,0.000012292455207888341,0.000021367889826111537]]
[[0.00004640264411754475,-0.000018825873680044557,-0.000020908870747241712],[-6.865881939808154e-6,6.633647065545048e-6,-1.9378322030419678e-7],[-0.000039536762177736596,0.000012192226614499509,0.00002110265396754591]]
[[0.00004589479449191062,-0.000018653532274220064,-0.000020651166543871087],[-6.790921865487178e-6,6.5604992317724995e-6,-1.9104634504544947e-7],[-0.00003910387262642344,0.000012093033042447563,0.000020842212888916536]]
[[0.00004539513572365794,-0.00001848341988245561,-0.000020398090448882047],[-6.717183010046332e-6,6.488554125920275e-6,-1.8836353620031346e-7],[-0.00003867795271361161,0.000011994865756535336,0.000020586453985082358]]
[[0.000044903494817040864,-0.00001831550141210804,-0.00002014953444506297],[-6.644638982135737e-6,6.417785534036017e-6,-1.8573343442818164e-7],[-0.00003825885583490513,0.000011897715878072026,0.00002033526787949115]]
[[0.00004441970325958589,-0.00001814974235398765,-0.00001990539359383078],[-6.573264099708366e-6,6.3481679522373525e-6,-1.8315472167961325e-7],[-0.00003784643915987753,0.0000118015744017503,0.00002008854831551039]]
[[0.00004394359688534123,-0.00001798610877520419,-0.00001966556593220635],[-6.503033367258587e-6,6.279676563762249e-6,-1.8062611973066822e-7],[-0.00003744056351808265,0.00001170643221144194,0.00001984619205193702]]
[[0.000043475015742893825,-0.00001782456731185647,-0.000019429952373729555],[-6.433922453908627e-6,6.212287216879851e-6,-1.781463887766356e-7],[-0.00003704109328898519,0.000011612280094976618,0.00001960809876250619]]
[[0.00004301380396796782,-0.000017665085161589174,-0.00001919845661314496],[-6.365907672307044e-6,6.145976403625163e-6,-1.7571432608245138e-7],[-0.000036647896295660775,0.000011519108757964009,0.00001937417093922741]]
[[0.00004255980966042731,-0.000017507630076039114,-0.00001897098503469776],[-6.2989659583049815e-6,6.0807212393226625e-6,-1.7332876468724515e-7],[-0.000036260843702122335,0.00001142690883671645,0.000019144313799385004]]
[[0.00004211288476551247,-0.000017352170353190846,-0.000018747446623886436],[-6.233074851377579e-6,6.01649944286553e-6,-1.7098857216057657e-7],[-0.00003587980991413489,0.000011335670910325318,0.000018918435196047013]]
[[0.00004167288495914647,-0.00001719867482966041,-0.000018527752882526394],[-6.16821247575952e-6,5.953289317718867e-6,-1.6869264940805e-7],[-0.00003550467248338695,0.000011245385511941543,0.000018696445531934444]]
[[0.00004123966953715682,-0.000017047112872924004,-0.000018311817746985145],[-6.104357522265011e-6,5.89106973361662e-6,-1.6643992952410418e-7],[-0.00003513531201489181,0.000011156043139307386,0.000018478257676509248]]
[[0.00004081310130826164,-0.000016897454373507445,-0.000018099557509456366],[-6.041489230764038e-6,5.829820108923496e-6,-1.6422937668988911e-7],[-0.0000347716120774976,0.000011067634264583947,0.000018263786886146253]]
[[0.000040393046490677835,-0.00001674966973715061,-0.000017890890742146326],[-5.97958737328789e-6,5.76952039363433e-6,-1.6205998511423834e-7],[-0.000034413459117389943,0.000010980149343516283,0.000018052950727260565]]
[[0.00003997937461221329,-0.000016603729876959923,-0.000017685738224251593],[-5.918632237738256e-6,5.710151052984761e-6,-1.599307780158467e-7],[-0.000034060742374475033,0.000010893578823975162,0.00001784566900226744]]
[[0.00003957195841371242,-0.000016459606205561016,-0.000017484022871613082],[-5.858604612175415e-6,5.65169305164823e-6,-1.5784080664485402e-7],[-0.000033713353801537005,0.000010807913153912786,0.000017641863678257936]]
[[0.0000391706737557282,-0.0000163172706272624,-0.000017285669668936235],[-5.799485769662027e-6,5.5941278384954125e-6,-1.5578914934212273e-7],[-0.00003337118798606618,0.000010723142788766986,0.000017441458818278358]]
[[0.00003877539952830025,-0.000016176695530240118,-0.000017090605604472312],[-5.741257453640256e-6,5.537437331893397e-6,-1.5377491063457668e-7],[-0.00003303414207465999,0.000010639258198346722,0.00001724438051510689]]
[[0.00003838601756372294,-0.000016037853778752526,-0.000016898759607060635],[-5.683901863820818e-6,5.481603905522803e-6,-1.517972203650518e-7],[-0.00003270211569990212,0.000010556249873229723,0.00001705055682742569]]
[[0.00003800241255219265,-0.00001590071870539342,-0.000016710062485435985],[-5.627401642563594e-6,5.426610374692162e-6,-1.4985523285518057e-7],[-0.000032375010909629056,0.000010474108330701257,0.000016859917718291164]]
[[0.00003762447196022718,-0.00001576526410339094,-0.000016524446869709584],[-5.571739861730327e-6,5.37243998312968e-6,-1.4794812609990015e-7],[-0.000032052732098496847,0.000010392824120261259,0.000016672394995809487]]
[[0.00003725208595175547,-0.00001563146421895909,-0.000016341847154936473],[-5.51690000999078e-6,5.3190763902335055e-6,-1.460751009922454e-7],[-0.000031735185941764685,0.000010312387828725585,0.000016487922255928717]]
[[0.000036885147311779525,-0.000015499293743707955,-0.000016162199446685603],[-5.462865980564572e-6,5.2665036587623456e-6,-1.442353805771456e-7],[-0.00003142228133121495,0.000010232790084945611,0.000016306434827262748]]
[[0.00003652355137251422,-0.000015368727807118032,-0.000015985441508532943],[-5.4096220593816565e-6,5.214706242949193e-6,-1.424282093330084e-7],[-0.000031113929313132556,0.00001015402156416884,0.000016127869717865953]]
[[0.00003616719594191502,-0.000015239741969083752,-0.000015811512711401294],[-5.357152913645223e-6,5.163668977021597e-6,-1.4065285247992943e-7],[-0.000030810043028269795,0.000010076072992062156,0.000015952165563881224]]
[[0.00003581598123450665,-0.000015112312212530411,-0.000015640353984673797],[-5.30544358078142e-6,5.113377064112672e-6,-1.3890859531341665e-7],[-0.00003051053765372523,9.998935148417739e-6,0.000015779262579987216]]
[[0.00003546980980442978,-0.000014986414936108595,-0.00001547190776901153],[-5.254479457761012e-6,5.063816065547725e-6,-1.3719474256257572e-7],[-0.000030215330346668766,9.92259887056087e-6,0.0000156091025115741]]
[[0.0000351285864806257,-0.000014862026946969449,-0.000015306117970808275],[-5.204246290778771e-6,5.014971890492036e-6,-1.3551061777174544e-7],[-0.00002992434018984693,9.847055056477412e-6,0.000015441628588580018]]
[[0.00003479221830408226,-0.000014739125453623868,-0.000015142929918218787],[-5.154730165276923e-6,4.9668307859459365e-6,-1.3385556270462318e-7],[-0.000029637488138805335,9.77229466767793e-6,0.00001527678548092341]]
[[0.00003446061446706767,-0.000014617688058888327,-0.000014982290318699441],[-5.10591749629961e-6,4.919379327073945e-6,-1.3222893676995953e-7],[-0.000029354696970768057,9.698308731814383e-6,0.0000151145192554694]]
[[0.000034133686254280995,-0.000014497692752919596,-0.000014824147218002699],[-5.0577950191658905e-6,4.872604407855276e-6,-1.3063011646794533e-7],[-0.000029075891235115105,9.62508834506432e-6,0.000014954777334470644]]
[[0.00003381134698585181,-0.00001437911790634036,-0.000014668449960569593],[-5.0103497804492975e-6,4.826493232043576e-6,-1.2905849485645673e-7],[-0.00002880099720540251,9.552624674296784e-6,0.00001479750845542605]]
[[0.00003349351196212346,-0.000014261942263457494,-0.000014515149151266634],[-4.963569129252467e-6,4.781033304424247e-6,-1.2751348103635292e-7],[-0.00002852994283287099,9.480908959033247e-6,0.000014642662632302986]]
[[0.00003318009841015712,-0.000014146144935574227,-0.00001436419661841564],[-4.91744070876591e-6,4.7362124223582424e-6,-1.2599449965506727e-7],[-0.000028262657701391214,9.409932513215984e-6,0.000014490191118070707]]
[[0.00003287102543189664,-0.000014031705394397575,-0.0000142155453780677],[-4.8719524481003205e-6,4.692018667601603e-6,-1.2450099042775879e-7],[-0.000027999072983796314,9.339686726795971e-6,0.00001434004636849546]]
[[0.00003256621395393583,-0.000013918603465541807,-0.000014069149599473899],[-4.827092554382415e-6,4.64844039839059e-6,-1.2303240767532627e-7],[-0.000027739121399553418,9.270163067151215e-6,0.000014192182007149224]]
[[0.00003226558667883274,-0.00001380681932212867,-0.000013924964571707838],[-4.7828495051045735e-6,4.6054662417825365e-6,-1.2158821987861964e-7],[-0.000027482737173728167,9.201353080346133e-6,0.000014046552791586458]]
[[0.000031969068037917136,-0.000013696333478484954,-0.000013782946671396812],[-4.739212040719022e-6,4.563085086243045e-6,-1.2016790924820793e-7],[-0.000027229855997198115,9.133248392241909e-6,0.000013903114580645021]]
[[0.000031676584145539854,-0.000013587126783937658,-0.000013643053331520083],[-4.696169157467673e-6,4.521286074470534e-6,-1.1877097130909617e-7],[-0.00002698041498807218,9.065840709467124e-6,0.00001376182430282918]]
[[0.00003138806275471416,-0.000013479180416706886,-0.000013505243011234603],[-4.653710100439078e-6,4.480058596449467e-6,-1.1739691449980596e-7],[-0.000026734352654275077,8.999121820257418e-6,0.000013622639925734408]]
[[0.00003110343321410171,-0.00001337247587789657,-0.000013369475166690175],[-4.611824356844299e-6,4.439392282723975e-6,-1.1604525978526295e-7],[-0.000026491608857257408,8.933083595172596e-6,0.000013485520426475437]]
[[0.000030822626426297164,-0.00001326699498558283,-0.000013235710222797485],[-4.570501649503885e-6,4.3992769978839575e-6,-1.1471554028295385e-7],[-0.00002625212477679328,8.867717987698872e-6,0.000013350425763080439]]
[[0.00003054557480736717,-0.000013162719868999685,-0.000013103909545914025],[-4.529731930538335e-6,4.35970283425594e-6,-1.1340730090184774e-7],[-0.000026015842876828836,8.803017034743745e-6,0.000013217316846815873]]
[[0.000030272212247601385,-0.0000130596329628218,-0.000012974035417414271],[-4.489505375254901e-6,4.320660105791494e-6,-1.121200979935845e-7],[-0.000025782706872346486,8.738972857030305e-6,0.000013086155515407855]]
[[0.000030002474073434628,-0.000012957717001543744,-0.000012846051008111989],[-4.449812376223706e-6,4.282139342146053e-6,-1.1085349901546733e-7],[-0.000025552661697210922,8.67557765939769e-6,0.000012956904507127456]]
[[0.00002973629701050068,-0.000012856955013955153,-0.00001271992035350362],[-4.410643537536543e-6,4.244131282941458e-6,-1.096070822048085e-7],[-0.000025325653472964138,8.612823731013695e-6,0.000012829527435708429]]
[[0.00002947361914778015,-0.000012757330317711284,-0.000012595608329803239],[-4.371989669241932e-6,4.206626872205729e-6,-1.0838043626419949e-7],[-0.00002510162947853822,8.550703445505555e-6,0.000012703988766067439]]
