[[0.10638464926638364,0.1354590856283774,0.0021308072483373266],[0.05104017082547212,0.05435164916255503,0.021069911752620362],[-0.15742482009185577,-0.18981073479093244,-0.023200719000957687]]
[[0.10027412336082649,0.10467292771672121,-0.01631701372387316],[0.048520683000036924,0.0495701278346436,0.021667263969133287],[-0.1487948063608634,-0.1542430555513648,-0.005350250245260127]]
[[0.09140178015499775,0.08004552529436429,-0.028051116806431374],[0.04594409806214248,0.04515224076401357,0.021948516045044775],[-0.13734587821714023,-0.12519776605837787,0.0061026007613865976]]
[[0.08180655937797111,0.0609014047668604,-0.035085970953585656],[0.04340726182634343,0.04111358172408708,0.021962565892851105],[-0.12521382120431454,-0.10201498649094748,0.01312340506073455]]
[[0.07254647536920177,0.046229185004793144,-0.038961664940403345],[0.040971108198079864,0.037451512736247146,0.021765992374685916],[-0.11351758356728163,-0.0836806977410403,0.017195672565717426]]
[[0.06409252561866075,0.035045955788683775,-0.040767654102940074],[0.03866970909066859,0.034149695131645785,0.021412531331988904],[-0.10276223470932933,-0.06919565092032956,0.019355122770951166]]
[[0.0565968244894277,0.02652516019694133,-0.041244324245488705],[0.03651861377198684,0.031183284748798314,0.020948301327063452],[-0.09311543826141454,-0.057708444945739644,0.020296022918425253]]
[[0.05005251169202664,0.0200161654338617,-0.04088438628158962],[0.03452140386787566,0.028523244400037794,0.020410516622711063],[-0.08457391555990229,-0.0485394098338995,0.020473869658878555]]
[[0.04438200563287724,0.015023266743741139,-0.04001212161828033],[0.03267440016503197,0.026139400603393412,0.019827980890011837],[-0.0770564057979092,-0.04116266734713455,0.020184140728268494]]
[[0.03948294650015805,0.011174650597728942,-0.03883960278516673],[0.030969847206732043,0.024002379456374463,0.01922230836774127],[-0.07045279370689009,-0.03517703005410341,0.019617294417425463]]
[[0.0352506901578142,0.008193139301424701,-0.03750482199394753],[0.029397973927803474,0.022084701905692616,0.018609306941560527],[-0.06464866408561767,-0.030277841207117316,0.018895515052387006]]
[[0.03158835374394901,0.0058722313101438675,-0.03609700748339616],[0.02794827541017198,0.020361308155754904,0.018000259738955037],[-0.059536629154120994,-0.02623353946589877,0.018096747744441116]]
[[0.028410503937576336,0.004057668470608159,-0.03467328582647297],[0.02661027685545416,0.018809721702414867,0.01740300800464831],[-0.0550207807930305,-0.022867390173023024,0.017270277821824664]]
[[0.02564375113828017,0.002633685308838018,-0.033269626330575314],[0.025373963698124738,0.017410001117756913,0.01682282028500475],[-0.05101771483640491,-0.02004368642659493,0.01644680604557056]]
[[0.023225952406104616,0.0015129037380853198,-0.03190804161127163],[0.024230001964295228,0.016144577285146892,0.01626306853088126],[-0.047455954370399844,-0.01765748102323221,0.015644973080390364]]
[[0.021104886688839922,0.0006289529526949666,-0.030601341607236772],[0.023169830270230354,0.014998037420767371,0.01572574342217513],[-0.04427471695907027,-0.015626990373462338,0.014875598185061642]]
[[0.019236822701206042,-0.00006891456298798587,-0.029356285457769634],[0.022185675745936877,0.013956892646327082,0.01521184176841068],[-0.04142249844714292,-0.013887978083339097,0.014144443689358953]]
[[0.017585170000977507,-0.0006197588645933359,-0.028175679710651897],[0.021270526894897626,0.01300934998180268,0.01472165489618072],[-0.03885569689587513,-0.012389591117209345,0.013454024814471176]]
[[0.016119287371173362,-0.0010538412221245408,-0.027059779833158368],[0.020418083881652685,0.01214509968995162,0.014254981732363585],[-0.03653737125282605,-0.011091258467827079,0.012804798100794781]]
[[0.014813465753211415,-0.001394755228558306,-0.02600722840326096],[0.01962269871987333,0.0113551228892372,0.013811285267475106],[-0.03443616447308474,-0.009960367660678893,0.012195943135785856]]
[[0.013646076983940665,-0.0016610082751972628,-0.025015683439881614],[0.018879312755659475,0.01063152084201796,0.013389806772080399],[-0.03252538973960014,-0.008970512566820698,0.011625876667801214]]
[[0.012598869272330197,-0.0018672025157941158,-0.024082238428635033],[0.01818339566057963,0.009967365377136767,0.012989648655435221],[-0.03078226493290983,-0.008100162861342651,0.011092589773199811]]
[[0.011656387725089826,-0.002024922439988092,-0.02320370169453396],[0.017530888182003067,0.009356568910150534,0.012609834136144948],[-0.029187275907092892,-0.007331646470162441,0.01059386755838901]]
[[0.010805499148126427,-0.0021434062704761576,-0.022376780477977816],[0.01691814970121492,0.008793772093726459,0.012249349816279505],[-0.027723648849341347,-0.0066503658232503005,0.010127430661698312]]
[[0.010035002699493296,-0.0022300570975725726,-0.02159820030740209],[0.01634191093787858,0.00827424702442627,0.011907175682912139],[-0.02637691363737188,-0.006044189926853698,0.009691024624489952]]
[[0.00933531070727223,-0.002290834455847628,-0.020864780418112135],[0.015799231730747217,0.007793814002753252,0.01158230588874663],[-0.025134542438019446,-0.005502979546905623,0.009282474529365505]]
[[0.008698186608657713,-0.0023305561463329454,-0.020173479358199912],[0.015287463603509938,0.007348770002313404,0.011273762791276355],[-0.023985650212167652,-0.005018213855980459,0.008899716566923557]]
[[0.008116529316044674,-0.0023531322570832522,-0.01952142045694106],[0.014804216718104632,0.006935827199224736,0.010980606082948234],[-0.022920746034149304,-0.004582694942141485,0.008540814373992825]]
[[0.0075841953154328024,-0.0023617476509782114,-0.018905903795415256],[0.014347330779643237,0.00655206011500022,0.010701938365693503],[-0.021931526095076037,-0.004190312464022008,0.008203965429721752]]
[[0.007095851461480167,-0.002359005051185391,-0.018324409244049232],[0.013914849458427763,0.006194860119194725,0.010436908168622102],[-0.021010700919907928,-0.0038358550680093347,0.00788750107542713]]
[[0.006646852789105213,-0.002347037823846843,-0.017774593706409908],[0.013504997917495858,0.005861896214454277,0.010184711145297495],[-0.02015185070660107,-0.0035148583906074345,0.00758988256111241]]
[[0.006233140758879918,-0.002327599324696905,-0.017254284725351707],[0.013116163067771608,0.0055510811832863,0.009944589992788914],[-0.019349303826651527,-0.003223481858589395,0.007309694732562794]]
[[0.005851158236910965,-0.002302134021600565,-0.01676147192707809],[0.01274687621063923,0.005260542312590236,0.009715833490865992],[-0.018598034447550198,-0.0029584082909896708,0.007045638436212099]]
[[0.0054977782190797995,-0.0022718343715193608,-0.016294297306452158],[0.01239579776578046,0.004988596029860407,0.009497774953136157],[-0.017893575984860258,-0.002716761658341047,0.006796522353316001]]
[[0.005170243878119399,-0.002237686505611596,-0.01585104502873704],[0.01206170381830665,0.004733725885767718,0.009289790302947399],[-0.01723194769642605,-0.002496039380156122,0.006561254725789642]]
[[0.004866117967932666,-0.002200507078877207,-0.015430131194854506],[0.011743474252510358,0.004494563403543843,0.00909129592834502],[-0.016609592220443024,-0.0022940563246666365,0.006338835266509485]]
[[0.004583239985476823,-0.0021609731120892494,-0.015030093858906324],[0.011440082269528043,0.0042698713882218225,0.008901746427004633],[-0.016023322255004867,-0.0021088982761325726,0.00612834743190169]]
[[0.004319689784677997,-0.0021196462507762233,-0.014649583477118405],[0.011150585112786136,0.004058529350189187,0.00872063231996463],[-0.015470274897464133,-0.0019388830994129635,0.005928951157153774]]
[[0.004073756573759743,-0.002076992557242769,-0.014287353891941686],[0.010874115848444327,0.003859520749354349,0.00854747778926067],[-0.014947872422204071,-0.00178252819211158,0.005739876102681017]]
[[0.003843912418647383,-0.0020333987138203237,-0.013942253903575995],[0.010609876068405747,0.0036719218099800542,0.008381838477080121],[-0.014453788487053129,-0.0016385230961597308,0.005560415426495875]]
[[0.0036287895299383184,-0.0019891853315077545,-0.013613219446521553],[0.010357129401131057,0.003494891693164911,0.008223299371214092],[-0.013985918931069374,-0.0015057063616571564,0.005389920075307462]]
[[0.0034271607365967396,-0.001944617915062059,-0.013299266365877353],[0.01011519573077856,0.0033276638451364806,0.008071472792204276],[-0.0135423564673753,-0.0013830459300744218,0.005227793573673076]]
[[0.0032379226518219383,-0.00189991592381581,-0.012999483773448235],[0.009883446038389091,0.0031695383658734296,0.007925996490778074],[-0.013121368690211029,-0.0012696224420576197,0.005073487282670161]]
[[0.0030600811200450677,-0.0018552602797899014,-0.012713027954789164],[0.009661297790214497,0.003019875264872395,0.007786531859280098],[-0.012721378910259564,-0.0011646149850824935,0.004926496095509067]]
[[0.0028927386023807258,-0.0018107996055568203,-0.012439116793332585],[0.009448210808096734,0.0028780884897665338,0.0076527622573478995],[-0.01234094941047746,-0.0010672888842097135,0.004786354535984686]]
[[0.00273508321400669,-0.0017666554196233272,-0.012177024675461732],[0.009243683565257638,0.0027436406295313093,0.0075243914496769],[-0.011978766779264328,-0.0009769852099079824,0.004652633225784832]]
[[0.002586379173189584,-0.0017229264736572658,-0.011926077839923235],[0.009047249858147241,0.0026160382076342724,0.007401142152097702],[-0.011633629031336825,-0.0008931117339770066,0.004524935687825533]]
[[0.002445958459875208,-0.0016796923812369606,-0.011685650135693757],[0.00885847581128568,0.002494827492080402,0.0072827546811423055],[-0.011304434271160888,-0.0008151351108434411,0.0044028954545514525]]
[[0.0023132135134106002,-0.0016370166600684086,-0.011455159153889262],[0.008676957177462542,0.002379590759191525,0.007168985701649048],[-0.010990170690873142,-0.0007425740991231166,0.004286173452240214]]
[[0.002187590825260326,-0.00159494928733609,-0.011234062701227291],[0.008502316900350162,0.002269942956404064,0.0070596070666340905],[-0.010689907725610487,-0.0006749936690679738,0.0041744556345932006]]
[[0.002068585304489003,-0.001553528849892851,-0.011021855584710784],[0.008334202910648628,0.0021655287165969076,0.0069544047435533135],[-0.010402788215137633,-0.0006119998667040566,0.004067450841157469]]
[[0.0019557353120884325,-0.0015127843564671879,-0.010818066679453068],[0.008172286130399609,0.0020660196826577017,0.006853177821128239],[-0.010128021442488042,-0.0005532353261905137,0.003964888858324828]]
[[0.0018486182755649786,-0.0014727367672779383,-0.01062225625381097],[0.008016258663160391,0.0019711121063179515,0.0067557375910649075],[-0.00986487693872537,-0.0004983753390400134,0.003866518662746064]]
[[0.0017468468080873729,-0.0014334002868506552,-0.010434013528174383],[0.007865832150383806,0.001880524689866937,0.006661906699220349],[-0.00961267895847118,-0.00044712440301628167,0.0037721068289540342]]
[[0.001650065267347076,-0.0013947834579954045,-0.010252954445836742],[0.007720736276660124,0.0017939966433022608,0.006571518361041045],[-0.0093708015440072,-0.0003992131853068562,0.003681436084795697]]
[[0.0015579466984475664,-0.0013568900884903666,-0.010078719636319594],[0.007580717408490894,0.0017112859328841546,0.006484415636392312],[-0.00913866410693846,-0.000354395844393788,0.003594303999927282]]
[[0.0014701901128964115,-0.001319720036747762,-0.00991097255333491],[0.007445537353023359,0.0016321677000103276,0.0064004507592037435],[-0.00891572746591977,-0.00031244766326256546,0.003510521794131166]]
[[0.0013865180623578123,-0.001283269878401055,-0.00974939777123757],[0.007314972224711662,0.001556432831884519,0.0063194845176628685],[-0.008701490287069475,-0.0002731629534834638,0.003429913253574702]]
[[0.0013066744714234513,-0.0012475334721715858,-0.009593699425349824],[0.007188811409217994,0.0014838866676714134,0.0062413856809911536],[-0.008495485880641446,-0.00023635319549982758,0.0033523137443586697]]
[[0.0012304226984349992,-0.001212502440409145,-0.009443599782934601],[0.007066856615048368,0.0014143478257608861,0.006166030469127883],[-0.008297279313483367,-0.0002018453853517412,0.0032775693138067186]]
[[0.001157543797472461,-0.0011781665772421894,-0.009298837932862845],[0.00694892100445578,0.0013476471394461866,0.0060933020619258985],[-0.00810646480192824,-0.00016948056220399726,0.0032055358709369465]]
[[0.0010878349581180994,-0.0011445141952285828,-0.009159168583169721],[0.006834828396057094,0.00128362668978817,0.006023090144726394],[-0.007922663354175193,-0.00013911249455958718,0.0031360784384433277]]
[[0.001021108102606212,-0.0011115324196933518,-0.009024360956734909],[0.006724412532415116,0.0012221389257203816,0.005955290487427188],[-0.007745520635021328,-0.00011060650602702962,0.00306907046930772]]
[[0.0009571886225499837,-0.001079207438516151,-0.008894197776261714],[0.0066175164065480074,0.0011630458625727805,0.005889804554389813],[-0.007574705029097991,-0.00008383842405662955,0.0030043932218719017]]
[[0.0008959142396616818,-0.0010475247139392456,-0.008768474330577635],[0.0065139916419564665,0.0011062183511766407,0.005826539142745319],[-0.007409905881618148,-0.00005869363723739515,0.0029419351878323154]]
[[0.000837133976804147,-0.0010164691619669994,-0.008646997615043284],[0.0064136979213153325,0.001051535410577985,0.005765406046857609],[-0.00725083189811948,-0.00003506624861098567,0.002881591568185675]]
[[0.0007807072273747651,-0.0009860253040874824,-0.008529585539545217],[0.0063165024594694615,0.0009988836181476276,0.005706321746886681],[-0.007097209686844227,-0.000012858314060145218,0.002823263792658535]]
[[0.0007265029124653962,-0.000956177395339169,-0.008416066198168457],[0.006222279516811531,0.0009481565515460131,0.005649207119563469],[-0.006948782429276927,8.020843793155865e-6,0.002766859078604987]]
[[0.0006743987164946601,-0.0009269095321486356,-0.008306277195203096],[0.006130909949508899,0.0008992542775922074,0.005593987169443609],[-0.006805308666003559,0.000027655254556428256,0.002712290025759486]]
[[0.0006242803930996384,-0.0008982057428605853,-0.008200065022642282],[0.00604228079339319,0.0008520828836086825,0.00554059077905043],[-0.006666561186492828,0.00004612285925190283,0.0026594742435918513]]
[[0.0005760411340248362,-0.0008700500634543802,-0.008097284484782027],[0.005956284878635514,0.0008065540472756487,0.005488950476448728],[-0.006532326012660351,0.00006349601617873158,0.002608334008333299]]
[[0.0005295809945770088,-0.0008424266005789922,-0.007997798165941278],[0.005872820472606061,0.0007625846414380363,0.005439002218910996],[-0.00640240146718307,0.00007984195914095588,0.0025587959470302823]]
[[0.00048480636994108076,-0.0008153195837306518,-0.007901475937688536],[0.005791790948563615,0.0007200963706714456,0.005390685191448027],[-0.006276597318504695,0.00009522321305920616,0.0025107907462405083]]
[[0.00044162951728941077,-0.0007887134081357799,-0.007808194502292744],[0.00571310447804135,0.0006790154367360021,0.005343941619076537],[-0.00615473399533076,0.00010969797139977777,0.002464252883216207]]
[[0.000399968119175836,-0.0007625926696788769,-0.007717836969415281],[0.00563667374499317,0.0006392722303340396,0.005298716591788766],[-0.006036641864169006,0.00012332043934483737,0.0024191203776265163]]
[[0.00035974488419755627,-0.0007369421930248814,-0.007630292463329566],[0.005562415679942489,0.000600801046843123,0.005254957901273398],[-0.0059221605641400455,0.00013614114618175843,0.002375334562056168]]
[[0.0003208871813409676,-0.0007117470539231096,-0.0075454557581985104],[0.005490251212534973,0.000563539823923859,0.005212615888514404],[-0.005811138393875941,0.00014820722999925052,0.002332839869684106]]
[[0.0002833267048094291,-0.0006869925965409521,-0.007463226939159993],[0.00542010504104022,0.000527429899105421,0.005171643301464964],[-0.0057034317458496495,0.00015956269743553112,0.0022915836376950285]]
[[0.00024699916646833643,-0.0006626644465565943,-0.007383511087169545],[0.005351905417476754,0.0004924157856336617,0.005131995162058354],[-0.00559890458394509,0.00017024866092293272,0.0022515159251111916]]
[[0.00021184401334122275,-0.0006387485206380232,-0.0073062179857293075],[0.005285583947151209,0.00045844496502945995,0.005093628641876741],[-0.005497427960492431,0.00018030355560856324,0.0022125893438525663]]
[[0.00017780416785510757,-0.000615231032848093,-0.007231261847795182],[0.005221075401507758,0.00042546769495084157,0.005056502945852946],[-0.005398879569362865,0.00018976333789725146,0.0021747589019422363]]
[[0.0001448257887677138,-0.0005920984984402398,-0.007158561061301676],[0.0051583175432790476,0.00039343683108326573,0.005020579203429794],[-0.005303143332046761,0.00019866166735697406,0.002137981857871883]]
[[0.00011285805091760387,-0.0005693377354447709,-0.00708803795187756],[0.0050972509630157654,0.0003623076618999718,0.004985820366647001],[-0.005210109013933369,0.00020703007354479902,0.002102217585230558]]
[[0.00008185294212359516,-0.0005469358643900156,-0.00701961856144674],[0.005037818926149922,0.00033203775523991784,0.004952191114667053],[-0.005119671868273517,0.00021489810915009775,0.0020674274467796863]]
[[0.000051765075724848324,-0.000524880306454673,-0.006953232441518934],[0.0049799672298175505,0.00030258681574591654,0.004919657764289663],[-0.005031732305542399,0.0002222934907087565,0.002033574677229271]]
[[0.000022551517400303152,-0.0005031587803063689,-0.006888812460074574],[0.004923644068730578,0.0002739165522912174,0.004888188186039206],[-0.00494619558613088,0.00022924222801515152,0.002000624274035369]]
[[-5.828374962465847e-6,-0.00048175929784574645,-0.006826294621039346],[0.004868799909445751,0.0002459905546000154,0.0048577517254415475],[-0.004862971534483285,0.00023576874324573104,0.0019685428955977984]]
[[-0.00003341309946133016,-0.0004606701590446475,-0.006765617895426472],[0.004815387372431564,0.00021877417833709713,0.004828319129136059],[-0.004781974272970234,0.00024189598070755035,0.001937298766290414]]
[[-0.00006023914744380642,-0.00043987994604030665,-0.006706724063300041],[0.0047633611213821325,0.00019223443800482805,0.004799862475495476],[-0.004703121973938326,0.0002476455080354786,0.0019068615878045654]]
[[-0.00008634113075422015,-0.0004193775166244944,-0.006649557565781297],[0.004712677759270919,0.00016633990704266466,0.0047723551094510505],[-0.004626336628516699,0.00025303760958182974,0.0018772024563302472]]
[[-0.00011175189979216937,-0.00039915199724665736,-0.0065940653663824084],[0.0046632957306772145,0.00014106062457597634,0.004745771581243191],[-0.004551543830885045,0.000258091372670681,0.0018482937851392175]]
[[-0.00013650265313455267,-0.00037919277563286846,-0.006540196821009085],[0.004615175229954735,0.00011636800830768563,0.004720087588838579],[-0.004478672576820181,0.0002628247673251828,0.0018201092321705058]]
[[-0.00016062303940514444,-0.000359489493107516,-0.006487903556025657],[0.004568278114845064,0.00009223477308864567,0.004695279923774041],[-0.00440765507543992,0.0002672547200188703,0.0017926236322516162]]
[[-0.0001841412520142017,-0.00034003203669175444,-0.006437139353823793],[0.004522567825169203,0.0000686348547411583,0.004671326420205152],[-0.004338426573155001,0.00027139718195059613,0.0017658129336186406]]
[[-0.00020708411733510318,-0.0003208105310415531,-0.006387860045379455],[0.004478009306258282,0.00004554333874499293,0.0046482059069537385],[-0.004270925188923179,0.00027526719229656023,0.0017396541384257166]]
[[-0.0002294771768350675,-0.00030181533027851275,-0.006340023409322594],[0.004434568936810125,0.000022936393427076452,0.004625898162363489],[-0.004205091759975058,0.0002788789368514363,0.0017141252469591054]]
[[-0.0002513447636318354,-0.00028303700975821917,-0.006293589077080532],[0.00439221446088175,7.912073249471404e-7,0.004604383871786746],[-0.004140869697249914,0.000282245802433272,0.0016892052052937857]]
[[-0.00027271007390735095,-0.0002644663578136393,-0.006248518443689355],[0.004350914923749328,-0.000020914069579575266,0.004583644587538218],[-0.0040782048498419765,0.0002853804273932146,0.001664873856151137]]
[[-0.0002935952335725812,-0.00024609436750477025,-0.006204774583898315],[0.004310640611386896,-0.0000422003810360256,0.004563662691163156],[-0.004017045377814315,0.00028829474854079584,0.0016411118927351586]]
[[-0.0003140213605441421,-0.00022791222840028586,-0.006162322173220336],[0.004271362993333189,-0.0000630878163678528,0.004544421357878411],[-0.003957341632789047,0.00029100004476813866,0.0016179008153419257]]
[[-0.00033400862296310146,-0.00020991131841221515,-0.006121127413607583],[0.0042330546687326664,-0.00008359565921950578,0.004525904523054818],[-0.003899046045769565,0.00029350697763172093,0.0015952228905527649]]
[[-0.00035357629365877176,-0.0001920831957005688,-0.00608115796345468],[0.0041956893153520525,-0.00010374243342738847,0.004508096850618591],[-0.003842113021693281,0.0002958256291279573,0.0015730611128360892]]
[[-0.00037274280113536,-0.00017441959066131127,-0.006042382871654136],[0.004159241641387939,-0.00012354594621730573,0.004490983703258055],[-0.0037864988402525786,0.000297965536878617,0.0015513991683960818]]
[[-0.0003915257773366241,-0.0001569123980079799,-0.006004772515448513],[0.0041236873398938995,-0.0001430233289157538,0.004474551114329984],[-0.0037321615625572754,0.0002999357269237337,0.0015302214011185286]]
[[-0.0004099421024229776,-0.00013955366895461758,-0.00596829854184237],[0.004089003045667632,-0.00016219107534841374,0.004458785761367094],[-0.003679060943244654,0.0003017447443030313,0.001509512780475275]]
[[-0.0004280079467767154,-0.0001223356035053702,-0.005932933812354161],[0.004055166294449673,-0.00018106507808639572,0.00444367494109518],[-0.0036271583476729574,0.0003034006815917659,0.0014892588712589806]]
[[-0.00044573881043386996,-0.00010525054285412088,-0.005898652350903874],[0.004022155484295499,-0.00019966066268904038,0.004429206545874627],[-0.003576416673861629,0.00030491120554316126,0.0014694458050292468]]
[[-0.00046314956012553617,-0.00008829096189580576,-0.005865429294646768],[0.003989949838992213,-0.0002179926200813179,0.004415369041486925],[-0.0035268002788666764,0.0003062835819771237,0.0014500602531598431]]
[[-0.00048025446409730036,-0.00007144946184957363,-0.005833240847577012],[0.003958529373399856,-0.0002360752371939863,0.004402151446192329],[-0.003478274909302556,0.0003075246990435599,0.0014310894013846828]]
[[-0.000497067224862265,-0.00005471876299265957,-0.00580206423673728],[0.003927874860605343,-0.0002539223259855994,0.00438954331098975],[-0.0034308076357430772,0.000308641088978259,0.0014125209257475303]]
[[-0.0005136010100313363,-0.000038091697502728506,-0.005771877670881996],[0.003897967800784638,-0.00027154725095714213,0.004377534701014833],[-0.003384366790753301,0.00030963894845987064,0.0013943429698671634]]
[[-0.0005298684813534599,-0.000021561202405486705,-0.005742660301452389],[0.003868790391675639,-0.000288962955262402,0.004366116178016479],[-0.003338921910322179,0.0003105241576678887,0.0013765441234359105]]
[[-0.000545881822088562,-5.12031262351283e-6,-0.0057143921857314],[0.003840325500570737,-0.00030618198551017205,0.004355278783856168],[-0.003294443678482175,0.0003113022981336849,0.0013591134018752324]]
[[-0.0005616527628267568,0.000011237845878461555,-0.005687054252055624],[0.0038125566377439552,-0.0003232165153479134,0.004345014024978331],[-0.0032509038749171985,0.00031197866946945185,0.0013420402270772922]]
[[-0.000577192605859004,0.000027520062857224072,-0.005660628266969827],[0.0037854679312331134,-0.000340078367910563,0.004335313857803472],[-0.0032082753253741096,0.0003125583050533389,0.001325314409166356]]
[[-0.0005925122481967495,0.00004373305046966719,-0.005635096804217562],[0.0037590441029027037,-0.0003567790372127083,0.004326170674999194],[-0.0031665318547059542,0.0003130459867430411,0.001308926129218368]]
[[-0.0006076222033309375,0.00005988344987272929,-0.005610443215468566],[0.0037332704457178198,-0.0003733297085573282,0.004317577292587337],[-0.0031256482423868822,0.0003134462586845989,0.001292865922881229]]
[[-0.0006225326218143566,0.00007597783775155999,-0.0055866516026904876],[0.003708132802164069,-0.0003897412780296692,0.00430952693784832],[-0.003085600180349712,0.0003137634402781092,0.0012771246648421676]]
[[-0.0006372533107453135,0.0000920227327831847,-0.005563706792078819],[0.003683617543752494,-0.00040602437114059384,0.004302013237986663],[-0.0030463642330071806,0.00031400163835740915,0.001261693554092157]]
[[-0.0006517937522250872,0.0001080246020432505,-0.005541594309464687],[0.00365971155155239,-0.0004221893606798035,0.0042950302095240206],[-0.003007917799327303,0.000314164758636553,0.001246564099940667]]
[[-0.0006661631208566342,0.00012398986736378924,-0.005520300357125794],[0.0036364021976985463,-0.0004382463838357736,0.004288572248388701],[-0.002970239076841912,0.00031425651647198433,0.0012317281087370923]]
[[-0.0006803703003473549,0.00013992491165020263,-0.005499811791930805],[0.0036136773278228106,-0.0004542053586359204,0.004282634120672759],[-0.0029333070274754555,0.00031428044698571776,0.001217177671258046]]
[[-0.0006944238992744002,0.0001558360851659513,-0.005480116104752329],[0.0035915252443629716,-0.000470075999757497,0.004277210954029964],[-0.0028971013450885715,0.00031423991459154563,0.0012029051507223656]]
[[-0.0007083322660671222,0.00017172971179370408,-0.005461201401088094],[0.0035699346907049514,-0.0004858678337569441,0.004272298229689982],[-0.0028616024246378292,0.00031413812196324,0.001188903171398111]]
[[-0.0007221035032575905,0.0001876120952819368,-0.005443056382834106],[0.0035488948361170024,-0.0005015902137628581,0.004267891775065977],[-0.0028267913328594114,0.0003139781184809213,0.001175164607768129]]
[[-0.0007357454810467633,0.00020348952548624827,-0.005425670331157595],[0.003528395261437216,-0.0005172523336754398,0.004263987756934727],[-0.002792649780390453,0.00031376280818919155,0.0011616825742228683]]
[[-0.0007492658502307966,0.0002193682846148826,-0.005409033090421111],[0.0035084259454780204,-0.0005328632419131233,0.004260582675170005],[-0.0027591600952472243,0.00031349495729824067,0.0011484504152511061]]
[[-0.0007626720545291228,0.0002352546534882402,-0.005393135053112745],[0.00348897725211362,-0.000548431854745192,0.004257673357011674],[-0.002726305197584497,0.00031317720125695174,0.0011354616961010717]]
[[-0.0007759713423533014,0.00025115491782238956,-0.005377967145740634],[0.0034700399180184515,-0.0005639669692473824,0.004255256951854474],[-0.00269406857566515,0.0003128120514249927,0.0011227101938861596]]
[[-0.0007891707780531903,0.00026707537454689933,-0.005363520815653047],[0.0034516050410266967,-0.0005794772759159215,0.004253330926542018],[-0.0026624342629735067,0.0003124019013690222,0.0011101898891110286]]
[[-0.0008022772526747703,0.00028302233816758894,-0.005349788018748251],[0.0034336640690848024,-0.0005949713709739847,0.004251893061152917],[-0.0026313868164100323,0.0003119490328063958,0.001097894957595334]]
[[-0.0008152974942618413,0.0002990021471851033,-0.005336761208041127],[0.0034162087897706577,-0.0006104577684032737,0.004250941445267362],[-0.0026009112955088162,0.0003114556212181705,0.0010858197627737643]]
[[-0.0008282380777319299,0.0003150211705805612,-0.0053244333230561],[0.003399231320354785,-0.0006259449117322768,0.0042504744747038125],[-0.0025709932426228555,0.0003109237411517156,0.0010739588483522871]]
[[-0.0008411054343549374,0.00033108581437986287,-0.0053127977800185066],[0.003382724098380425,-0.0006414411856117343,0.00425049084871674],[-0.0025416186640254876,0.00031035537123187153,0.0010623069313017664]]
[[-0.0008539058608614794,0.0003472025283086458,-0.005301848462818816],[0.003366679872740896,-0.0006569549272069754,0.004250989567647625],[-0.0025127740118794165,0.00030975239889832957,0.0010508588951711909]]
[[-0.0008666455282062796,0.0003633778125502635,-0.005291579714726474],[0.003351091695233963,-0.0006724944374359906,0.004251969931022641],[-0.0024844461670276837,0.00030911662488572705,0.0010396097837038335]]
[[-0.0008793304900106761,0.0003796182246196292,-0.005281986330832215],[0.0033359529125742988,-0.0006880679920814898,0.004253431536091599],[-0.0024566224225636224,0.00030844976746186064,0.0010285547947406152]]
[[-0.000891966690706967,0.00039593038636622164,-0.005273063551199912],[0.003321257158846361,-0.0007036838528046317,0.004255374276804026],[-0.002429290468139394,0.00030775346643841005,0.0010176892743958858]]
[[-0.0009045599734061128,0.00041232099112007136,-0.005264807054710887],[0.0033069983483811436,-0.0007193502780876953,0.004257798343219208],[-0.002402438374975031,0.00030702928696762393,0.0010070087114916776]]
[[-0.000917116087509304,0.0004287968109951214,-0.005257212953585665],[0.0032931706690414505,-0.000735075534132667,0.004260704221348375],[-0.0023760545815321465,0.0003062787231375456,0.00099650873223729]]
[[-0.0009296406960828535,0.0004453647043649217,-0.005250277788570026],[0.003279768575901382,-0.000750867905742468,0.004264092693428207],[-0.0023501278798185284,0.0003055032013775463,0.0009861850951418194]]
[[-0.000942139383014915,0.00046203162352630167,-0.0052439985247739514],[0.0032667867853066754,-0.0007667357072114817,0.004267964838626],[-0.0023246474022917602,0.00030470408368518003,0.0009760336861479512]]
[[-0.000954617659971801,0.00047880462256733936,-0.005238372548153996],[0.0032542202693036457,-0.0007826872932520118,0.004272322034178011],[-0.002299602609331845,0.0003038826706846724,0.0009660505139759848]]
[[-0.0009670809731707833,0.0004956908654567205,-0.00523339766263123],[0.0032420642504252606,-0.000798731069983423,0.004277165956963547],[-0.002274983277254477,0.0003030402045267025,0.0009562317056676839]]
[[-0.0009795347099856265,0.0005126976343723896,-0.005229072087838743],[0.0032303141968238465,-0.0008148755060109189,0.0042824985855186145],[-0.00225077948683822,0.0003021778716385292,0.0009465735023201277]]
[[-0.000991984205400478,0.000529832338288277,-0.0052253944574943215],[0.0032189658177408102,-0.0008311291436212272,0.004288322202494048],[-0.0022269816123403324,0.0003012968053329503,0.0009370722550002736]]
[[-0.001004434748327091,0.0005471025218388323,-0.0052223638183956445],[0.003208015059304458,-0.0008475006101228823,0.0042946393975641884],[-0.0022035803109773664,0.00030039808828405,0.0009277244208314563]]
[[-0.0010168915877999218,0.0005645158744821483,-0.0052199796300370395],[0.003197458100647935,-0.0008639986293593537,0.004301453070793503],[-0.0021805665128480133,0.00029948275487720545,0.0009185265592435362]]
[[-0.0010293599390631084,0.0005820802399835164,-0.005218241764848496],[0.0031872913503399637,-0.0008806320334238738,0.004308766436469656],[-0.0021579314112768555,0.0002985517934403574,0.0009094753283788404]]
[[-0.0010418449895629885,0.000599803626242496,-0.005217150509059379],[0.003177511443121871,-0.0008974097746056249,0.004316583027412893],[-0.0021356664535588828,0.0002976061483631289,0.0009005674816464857]]
[[-0.001054351904859363,0.0006176942154878398,-0.005216706564190913],[0.0031681152369450604,-0.0009143409375978112,0.004324906699772863],[-0.0021137633320856973,0.00029664672210997134,0.0008917998644180506]]
[[-0.001066885834468509,0.0006357603748660227,-0.0052169110491833886],[0.0031590998103038642,-0.000931434751999169,0.0043337416383254345],[-0.002092213975835355,0.0002956743771331462,0.0008831694108579539]]
[[-0.001079451917650564,0.0006540106674505883,-0.005217765503165618],[0.0031504624598593213,-0.0009487006051415929,0.004343092362283381],[-0.002071010542208757,0.00029468993769100465,0.000874673140882237]]
[[-0.0010920552891537484,0.0006724538637011772,-0.0052192718888761595],[0.003142200698350164,-0.0009661480552778735,0.004352963731636373],[-0.0020501454091964156,0.0002936941915766963,0.0008663081572397862]]
[[-0.0011047010849277016,0.0006910989534028271,-0.005221432596747555],[0.003134312252787953,-0.0009837868451649662,0.004363360954037215],[-0.0020296111678602515,0.00029268789176213904,0.0008580716427103401]]
[[-0.0011173944478180156,0.0007099551581179912,-0.005224250449666769],[0.0031267950629339154,-0.0010016269160797843,0.0043742895922528465],[-0.0020094006151159,0.000291671757961793,0.0008499608574139217]]
[[-0.0011301405332540125,0.0007290319441857753,-0.005227728708427012],[0.0031196472800557647,-0.0010196784223062945,0.004385755572200399],[-0.0019895067468017518,0.0002906464781205193,0.0008419731362266133]]
[[-0.001142944514941732,0.0007483390363050729,-0.005231871077888157],[0.003112867265963391,-0.0010379517461346214,0.00439776519159031],[-0.001969922751021659,0.00028961270982954846,0.0008341058862978473]]
[[-0.001155811590574023,0.0007678864317406131,-0.00523668171386502],[0.0031064535923229384,-0.0010564575134149714,0.004410325129200376],[-0.0019506420017489157,0.0002885710816743583,0.0008263565846646438]]
[[-0.0011687469875697634,0.0007876844151935205,-0.005242165230765159],[0.0031004050402495204,-0.0010752066097115534,0.004423442454806713],[-0.0019316580526797568,0.0002875221945180329,0.0008187227759584459]]
[[-0.0011817559688541363,0.0008077435743806809,-0.0052483267099999184],[0.0030947206001793377,-0.001094210197104157,0.004437124639799488],[-0.0019129646313252014,0.00028646662272347595,0.0008112020702004306]]
[[-0.0011948438386921723,0.0008280748163702511,-0.005255171709195188],[0.003089399472022819,-0.0011134797316879068,0.004451379568513813],[-0.0018945556333306468,0.00028540491531765577,0.0008037921406813748]]
[[-0.0012080159485877097,0.000848689384723776,-0.0052627062722305695],[0.0030844410656008497,-0.0011330269818246575,0.004466215550308209],[-0.0018764251170131402,0.00028433759710088155,0.0007964907219223602]]
[[-0.0012212777032602643,0.0008695988774989197,-0.005270936940138647],[0.0030798450013670136,-0.0011528640472028555,0.004481641332425877],[-0.0018585672981067491,0.0002832651697039357,0.0007892956077127695]]
[[-0.001234634566712422,0.0008908152661705218,-0.005279870762898751],[0.0030756111114193818,-0.0011730033787662594,0.00449766611367653],[-0.00184097654470696,0.00028218811259573753,0.000782204649222221]]
[[-0.001248092068400652,0.0009123509155317823,-0.005289515312162664],[0.0030717394408060783,-0.001193457799575835,0.004514299558979427],[-0.0018236473724054262,0.00028110688404405285,0.0007752157531832366]]
[[-0.0012616558095227453,0.0009342186046417583,-0.005299878694952937],[0.0030682302491296114,-0.0012142405266733925,0.004531551814811336],[-0.0018065744396068661,0.00028002192203163413,0.0007683268801416013]]
[[-0.0012753314694354046,0.0009564315488901215,-0.005310969568377937],[0.0030650840124556767,-0.0012353651940201595,0.004549433525606416],[-0.001789752543020272,0.0002789336451300379,0.0007615360427715211]]
[[-0.0012891248122159512,0.0009790034232553123,-0.005322797155411345],[0.003062301425532943,-0.0012568458765885567,0.004567955851158524],[-0.0017731766133169918,0.00027784245333324425,0.0007548413042528203]]
[[-0.001303041693382447,0.0010019483868377811,-0.0053353712617877315],[0.0030598834043310402,-0.0012786971156908686,0.004587130485080172],[-0.0017568417109485933,0.0002767487288530874,0.0007482407767075591]]
[[-0.0013170880667871356,0.0010252811087561329,-0.005348702294070021],[0.0030578310889049,-0.0013009339456345299,0.004606969674376452],[-0.0017407430221177643,0.000275652836878397,0.0007417326196935684]]
[[-0.001331269991698515,0.0010490167955005507,-0.0053628012789490205],[0.0030561458465943286,-0.0013235719218001939,0.004627486240196498],[-0.0017248758548958137,0.00027455512629964316,0.0007353150387525216]]
[[-0.0013455936400880281,0.001073171219845063,-0.0053776798838401],[0.0030548292755686905,-0.0013466271502458518,0.00464869359982982],[-0.0017092356354806624,0.00027345593040078867,0.0007289862840102805]]
[[-0.0013600653041379216,0.0010977607514279853,-0.005393350438847068],[0.003053883208727398,-0.0013701163189479386,0.004670605790019723],[-0.0016938179045894765,0.0002723555675199533,0.0007227446488273457]]
[[-0.0013746914039875543,0.001122802389118384,-0.005409825960168951],[0.0030533097179679418,-0.0013940567307987968,0.004693237491671594],[-0.0016786183139803875,0.0002712543416804128,0.000716588468497357]]
[[-0.0013894784957361437,0.001148313795295577,-0.00542712017503115],[0.0030531111188341334,-0.0014184663384889506,0.004716604056039476],[-0.0016636326230979894,0.00027015254319337354,0.0007105161189916742]]
[[-0.001404433279720784,0.0011743133321787914,-0.00544524754822894],[0.003053289975558342,-0.0014433637814126798,0.004740721532480778],[-0.001648856695837558,0.0002690504492338884,0.000704526015748162]]
[[-0.001419562609089388,0.001200820100355007,-0.005464223310378117],[0.003053849106512554,-0.0014687684247462118,0.004765606697875719],[-0.0016342864974231658,0.0002679483243912047,0.0006986166125023978]]
[[-0.001434873498689177,0.0012278539796649912,-0.00548406348797497],[0.0030547915900842612,-0.001494700400859763,0.004791277087815388],[-0.0016199180913950843,0.00026684642119477177,0.0006927864001595829]]
[[-0.001450373134292323,0.0012554356726205635,-0.005504784935375872],[0.003056120770994402,-0.0015211806532376305,0.004817751029670333],[-0.001605747636702079,0.000265744980617067,0.0006870339057055384]]
[[-0.0014660688821813953,0.0012835867505403683,-0.005526405368815324],[0.003057840267075793,-0.0015482309830947099,0.004845047677660103],[-0.0015917713848943977,0.0002646442325543414,0.0006813576911552204]]
[[-0.0014819682991184884,0.001312329702607043,-0.005548943402590844],[0.0030599539765319385,-0.0015758740988933728,0.004873187050053571],[-0.00157798567741345,0.0002635443962863298,0.0006757563525372728]]
[[-0.0014980791427230092,0.0013416879880656753,-0.005572418587553052],[0.0030624660856973483,-0.0016041336689815893,0.004902190068639854],[-0.0015643869429743389,0.0002624456809159141,0.0006702285189131984]]
[[-0.0015144093822845308,0.00137168609180216,-0.005596851452050559],[0.0030653810773221264,-0.0016330343775918389,0.004932078600620776],[-0.0015509716950375956,0.0002613482857896788,0.0006647728514297838]]
[[-0.0015309672100384186,0.0014023495835604842,-0.0056222635454910444],[0.0030687037394050293,-0.001662601984460736,0.004962875503087556],[-0.001537736529366611,0.00026025240090025157,0.0006593880424034878]]
[[-0.0015477610529334514,0.0014337051810804535,-0.0056486774846930595],[0.003072439174600883,-0.0016928633883517268,0.004994604670257506],[-0.0015246781216674314,0.00025915820727127317,0.0006540728144355528]]
[[-0.0015647995849222298,0.00146578081746198,-0.005676117003217146],[0.0030765928102299374,-0.001723846694787779,0.005027291083660503],[-0.0015117932253077078,0.00025806587732579885,0.0006488259195566433]]
[[-0.001582091739806799,0.0014986057130891772,-0.005704607003880335],[0.0030811704089185607,-0.001755581288328075,0.0050609608654804406],[-0.0014990786691117617,0.00025697557523889775,0.0006436461383998945]]
[[-0.0015996467246737075,0.0015322104524772495,-0.00573417361467479],[0.003086178079902523,-0.001788097909752419,0.0050956413352735265],[-0.0014865313552288161,0.00025588745727516944,0.0006385322794012632]]
[[-0.0016174740339545387,0.0015666270664379937,-0.005764844248329721],[0.0030916222910261555,-0.0018214287385498627,0.005131361070303557],[-0.0014741482570716168,0.0002548016721118691,0.0006334831780261643]]
[[-0.0016355834641499545,0.0016018891199958418,-0.0057966476657755886],[0.0030975098814727034,-0.0018556074811441354,0.005168149969754209],[-0.0014619264173227492,0.0002537183611482936,0.0006284976960213792]]
[[-0.0016539851292572873,0.0016380318065262393,-0.005829614043791449],[0.003103848075263379,-0.001890669465328289,0.00520603932310015],[-0.0014498629460060917,0.0002526376588020496,0.0006235747206912985]]
[[-0.0016726894769439576,0.001675092048632189,-0.0058637750471401615],[0.0031106444955649056,-0.0019266517414249838,0.005245061882942583],[-0.001437955018620948,0.00025155969279279486,0.0006187131641975785]]
[[-0.0016917073055111567,0.00171310860632337,-0.005899163905522136],[0.00311790717984766,-0.001963593190737383,0.0052852519426407965],[-0.0014261998743365033,0.00025048458441401293,0.0006139119628813393]]
[[-0.0017110497816946626,0.0017521221931161212,-0.005935815495706978],[0.003125644595939017,-0.002001534641909477,0.0053266454190999055],[-0.0014145948142443544,0.0002494124487933557,0.0006091700766070724]]
[[-0.0017307284593520626,0.0017921756007321444,-0.005973766429233636],[0.00313386565901901,-0.002040518995874206,0.005369279941106186],[-0.0014031371996669473,0.0002483433951420617,0.0006044864881274489]]
[[-0.0017507552990881827,0.0018333138331398488,-0.006013055146103939],[0.0031425797496080366,-0.0020805913601337797,0.005413194943635674],[-0.0013918244505198537,0.0002472775269939311,0.000599860202468265]]
[[-0.0017711426888731363,0.0018755842507556539,-0.006053722014932252],[0.003151796732599038,-0.0021217991931899724,0.005458431768599468],[-0.0013806540437259016,0.00024621494243431865,0.0005952902463327843]]
[[-0.001791903465710019,0.0019190367257039883,-0.006095809440055233],[0.0031615269773892724,-0.002164192460023569,0.005505033772530462],[-0.0013696235116792532,0.00024515573431958056,0.0005907756675247718]]
[[-0.0018130509384120033,0.0019637238091254725,-0.006139361976151487],[0.0031717813791696057,-0.0022078237996128627,0.0055530464417619455],[-0.0013587304407576023,0.00024409999048739025,0.0005863155343895415]]
[[-0.0018345989115512544,0.002009700911623693,-0.006184426450970924],[0.003182571381431995,-0.0022527487055820123,0.005602517515698558],[-0.0013479724698807405,0.00024304779395831926,0.0005819089352723656]]
[[-0.0018565617106447172,0.002057026498053578,-0.006231052096829093],[0.0031939089997585204,-0.0022990257211826385,0.0056534971188354705],[-0.0013373472891138032,0.00024199922312906038,0.0005775549779936222]]
[[-0.0018789542086444836,0.002105762297980139,-0.006279290691582781],[0.003205806846958073,-0.002346716649937788,0.005706037902242699],[-0.0013268526383135894,0.00024095435195764937,0.0005732527893400823]]
[[-0.0019017918538028484,0.0021559735332768205,-0.006329196709870641],[0.003218278159619239,-0.002395886783417848,0.0057601951952988804],[-0.0013164863058163904,0.00023991325014102765,0.0005690015145717613]]
[[-0.001925090698984438,0.0022077291644900473,-0.0063808274854770825],[0.003231336826150285,-0.0024466051477753173,0.005816027168533303],[-0.001306246127165847,0.00023887598328526974,0.0005648003169437784]]
[[-0.0019488674324998018,0.002261102157772802,-0.006434243385760302],[0.0032449974163791984,-0.002498944770841587,0.005873595008517601],[-0.0012961299838793966,0.000237842613068785,0.0005606483772427008]]
[[-0.0019731394105363576,0.00231616977438793,-0.006489507999176579],[0.003259275212788293,-0.0025529829717867163,0.005932963105839725],[-0.0012861358022519353,0.00023681319739878633,0.000556544893336854]]
[[-0.001997924691263747,0.0023730138850042585,-0.0065466883370344986],[0.0032741862434591154,-0.002608801675565565,0.005994199257294385],[-0.0012762615521953683,0.00023578779056130655,0.0005524890797401138]]
[[-0.0020232420706908652,0.002431721311258731,-0.006605855050725088],[0.0032897473168036415,-0.002666487754623759,0.006057374883536379],[-0.0012665052461127762,0.00023476644336502766,0.0005484801671887083]]
[[-0.0020491111203514026,0.0024923841973398843,-0.006667082665799075],[0.0033059760581573747,-0.0027261334006190613,0.006122565263568503],[-0.0012568649378059719,0.00023374920327917697,0.0005445174022305729]]
[[-0.002075552226892966,0.0025551004146662113,-0.00673044983440154],[0.003322890948308231,-0.0027878365292319414,0.006189849787574713],[-0.0012473387214152654,0.00023273611456573026,0.0005406000468268279]]
[[-0.002102586633641644,0.002619974003092773,-0.006796039607729106],[0.003340511364031945,-0.0028517012214989237,0.006259312229764151],[-0.0012379247303903012,0.00023172721840615065,0.000536727377964955]]
[[-0.002130236484208955,0.0026871156524867846,-0.006863939730347727],[0.00335885762069983,-0.0029178382055096656,0.006331041043064457],[-0.0012286211364908746,0.00023072255302288095,0.0005328986872832705]]
[[-0.0021585248682006544,0.0027566432289747866,-0.006934242958401856],[0.003377951017017323,-0.002986365382770583,0.006405129677695548],[-0.0012194261488166686,0.00022972215379579673,0.0005291132807063084]]
[[-0.0021874758690767528,0.002828682350688642,-0.007007047403961395],[0.003397813881941646,-0.0030574084040624555,0.00648167692587066],[-0.0012103380128648932,0.00022872605337381357,0.000525370478090735]]
[[-0.0022171146141981724,0.00290336701843451,-0.007082456907993887],[0.0034184696238130233,-0.0031311013002163495,0.006560787295112447],[-0.0012013550096148505,0.00022773428178183932,0.0005216696128814401]]
[[-0.002247467327077237,0.0029808403073891348,-0.007160581444719603],[0.003439942781715704,-0.0032075871739123767,0.006642571412942152],[-0.001192475454638467,0.00022674686652324162,0.000518010031777451]]
[[-0.0022785613818252955,0.0030612551267044166,-0.007241537560410052],[0.0034622590790611835,-0.0032870189593824204,0.006727146466002712],[-0.001183697697235888,0.00022576383267800353,0.00051439109440734]]
[[-0.0023104253597601475,0.0031447750547894354,-0.007325448850030574],[0.0034854454793553863,-0.003369560257786156,0.006814636677016777],[-0.0011750201195952388,0.0002247852029967202,0.0005108121730137974]]
[[-0.0023430891080967577,0.003231575259056909,-0.007412446475510058],[0.0035095302440724535,-0.003455386257047497,0.006905173823362997],[-0.0011664411359756958,0.00022381099799058802,0.0005072726521470608]]
[[-0.002376583800595155,0.0033218435100894833,-0.007502669729851193],[0.003534542992508206,-0.00354468474610701,0.0069988978014842934],[-0.001157959191913051,0.00022284123601752675,0.0005037719283668999]]
[[-0.0024109419999769842,0.0034157813015254232,-0.0075962666517796025],[0.0035605147634239246,-0.0036376572348899875,0.00709595724182674],[-0.0011495727634469402,0.00022187593336456442,0.0005003094099528626]]
[[-0.0024461977218436758,0.003513605088512496,-0.0076933946961774335],[0.003587478078212651,-0.003734520192839106,0.007196510179554931],[-0.0011412803563689749,0.00022091510432661017,0.0004968845166225021]]
[[-0.0024823864997312343,0.0036155476593683466,-0.007794221466165062],[0.0036154670052222448,-0.003835506420650076,0.007300724786907745],[-0.0011330805054910104,0.00021995876128172987,0.0004934966792573166]]
[[-0.002519545450814174,0.0037218596571569527,-0.007898925513393685],[0.003644517224746983,-0.003940866571919984,0.007408780173757554],[-0.0011249717739328091,0.0002190069147630315,0.0004901453396361308]]
[[-0.002557713341618806,0.0038328112702937043,-0.008007697213903212],[0.0036746660940471863,-0.004050870843820963,0.007520867263727544],[-0.0011169527524283805,0.0002180595735272585,0.00048682995017566844]]
[[-0.0025969306529163867,0.003948694114085415,-0.008120739727797387],[0.0037059527115666895,-0.004165810858705599,0.007637189754119319],[-0.0011090220586503028,0.00021711674462018376,0.0004835499736780676]]
[[-0.0026372396427309873,0.0040698233283676544,-0.008238270052006667],[0.003738417979282307,-0.004286001761806539,0.007757965168921572],[-0.0011011783365513198,0.00021617843343888437,0.0004803048830850944]]
[[-0.0026786844061039254,0.004196539920205526,-0.00836052017656714],[0.0037721046618264874,-0.004411784563996499,0.007883426015328316],[-0.001093420255722562,0.0002152446437909728,0.0004770941612388236]]
[[-0.00272131092989258,0.004329213385078805,-0.008487738356160315],[0.003807057440660291,-0.004543528763029654,0.008013821055511757],[-0.001085746510767711,0.0002143153779508493,0.0004739173006485575]]
[[-0.002765167140428718,0.004468244645203007,-0.008620190510158426],[0.003843322961121184,-0.004681635281916038,0.00814941670689467],[-0.001078155820692466,0.00021339063671303198,0.0004707738032637581]]
[[-0.0028103029412981854,0.00461406934979567,-0.00875816176612897],[0.0038809498696068473,-0.004826539769238282,0.008290498585876192],[-0.0010706469283086617,0.000212470419442612,0.0004676631802527767]]
[[-0.0028567702378024177,0.004767161589366487,-0.0089019581637024],[0.003919988837454818,-0.004978716313489357,0.008437373211915235],[-0.0010632185996524003,0.00021155472412287015,0.0004645849517871659]]
[[-0.002904622943787422,0.0049280380847153684,-0.0090519085379335],[0.003960492567202983,-0.00513868163211545,0.008590369891102137],[-0.001055869623415561,0.00021064354740008215,0.00046153864683136337]]
[[-0.0029539169654334467,0.005097262921539997,-0.009208366603830873],[0.004002515775823499,-0.0053069998061655264,0.00874984280089333],[-0.0010485988103900521,0.00020973688462552927,0.00045852380293754335]]
[[-0.003004710155231829,0.005275452913722102,-0.009371713266637011],[0.004046115148155994,-0.005484287643616818,0.008916173300591584],[-0.0010414049929241653,0.0002088347298947156,0.0004555399660454278]]
[[-0.0030570622276622646,0.0054632836928976275,-0.009542359185766347],[0.004091349252052652,-0.005671220768981411,0.009089772495479492],[-0.0010342870243903882,0.00020793707608378378,0.000452586690286855]]
[[-0.003111034625931343,0.005661496639337153,-0.00972074762411042],[0.0041382784045953655,-0.005868540554220258,0.009271084086315516],[-0.0010272437786640225,0.00020704391488310462,0.000449663537794904]]
[[-0.0031666903264226396,0.00587090679011247,-0.009907357618764694],[0.004186964476034581,-0.006077062026940469,0.009460587540247324],[-0.0010202741496119418,0.00020615523682800016,0.00044677007851737113]]
[[-0.003224093564086053,0.0060924118858053395,-0.01010270751419464],[0.0042374706146768555,-0.006297682917131882,0.009658801624160246],[-0.001013377050590802,0.0002052710313265426,0.0004439058900343948]]
[[-0.0032833094576600556,0.006327002747630873,-0.010307358904519892],[0.004289860871614052,-0.006531394034315222,0.009866288347139875],[-0.0010065514139539966,0.0002043912866843489,0.0004410705573800179]]
[[-0.0033444035081152466,0.006575775214065889,-0.010521921038038977],[0.00434419969868187,-0.006779291204192162,0.010083657365171493],[-0.0009997961905666235,0.00020351599012627313,0.00043826367286748334]]
[[-0.0034074409366916854,0.006839943911492415,-0.010747055744430674],[0.004400551286019373,-0.007042589039307281,0.010311570908512636],[-0.0009931103493276876,0.00020264512781486643,0.00043548483591803735]]
[[-0.003472485819929305,0.00712085818901944,-0.01098348295333299],[0.004458978696628024,-0.0073226368738848885,0.010550749300439971],[-0.000986492876698719,0.0002017786848654482,0.0004327336528930192]]
[[-0.003539599967571004,0.007420020616125722,-0.011231986882284953],[0.004519542743808951,-0.0076209372614833215,0.01080197714535595],[-0.0009799427762379467,0.00020091664535759938,0.0004300097369290024]]
[[-0.003608841474369465,0.007739108526398131,-0.011493422982359199],[0.004582300542508546,-0.007939167518740974,0.011066110274583464],[-0.0009734590681390808,0.00020005899234284253,0.0004273127077757346]]
[[-0.0036802628576075164,0.008079999195711354,-0.01176872574119872],[0.0046473036463812204,-0.008279204903559588,0.011344083549562105],[-0.0009670407887737041,0.00019920570784823422,0.00042464219163661427]]
[[-0.0037539086671467175,0.008444799374262485,-0.012058917455489612],[0.004714595657382873,-0.008643156147138018,0.011636919634478198],[-0.0009606869902361558,0.00019835677287553387,0.00042199782101141425]]
[[-0.003829812422159283,0.00883588005618221,-0.012365118097892445],[0.004784209162048987,-0.009033392223577763,0.0119457388633515],[-0.0009543967398897046,0.00019751216739555375,0.0004193792345409448]]
[[-0.003907992685805108,0.009255917577489005,-0.0126885564166074],[0.004856161805717764,-0.00945258944782622,0.01227177033975409],[-0.0009481691199126557,0.00019667187033721337,0.00041678607685330854]]
[[-0.0039884480324774985,0.009707942395461876,-0.013030582418164256],[0.004930451259320384,-0.00990377825503261,0.01261636441975289],[-0.0009420032268428855,0.00019583585957073365,0.0004142179984113656]]
[[-0.004071150587023587,0.010195397236709503,-0.013392681394193615],[0.005007048758142695,-0.010390401348593798,0.012981006738832635],[-0.0009358981711191087,0.00019500411188429437,0.00041167465536098]]
[[-0.004156037714846297,0.010722206729531891,-0.013776489658379769],[0.005085890791463247,-0.010916383332485237,0.013367333949000214],[-0.0009298530766169498,0.00019417660295334524,0.0004091557093795547]]
[[-0.004243001306651216,0.011292861188504574,-0.014183812156556359],[0.0051668683868288275,-0.011486214495806175,0.01377715132903207],[-0.0009238670801776107,0.00019335330730160195,0.00040666082752428774]]
[[-0.0043318739186280885,0.011912517936088659,-0.01461664209469559],[0.00524981324975469,-0.01210505213434122,0.014212452412616094],[-0.0009179393311266012,0.00019253419825256146,0.0004041896820794964]]
[[-0.004422410779330256,0.012587124482816703,-0.015077182686444862],[0.005334479770109834,-0.012778843730686834,0.014675440736042634],[-0.0009120689907795789,0.00019171924787012967,0.0004017419504022286]]
[[-0.0045142663316101094,0.013323569120376808,-0.01556787103827793],[0.005420521563541969,-0.013514477547263468,0.015168553723512685],[-0.00090625523193186,0.0001909084268866591,0.00039931731476524447]]
[[-0.004606963502890696,0.014129866116383213,-0.01609140404169337],[0.005507460741218248,-0.01431996782099954,0.015694488579497113],[-0.0009004972383275523,0.00019010170461632555,0.00039691546219625877]]
[[-0.004699853233141047,0.015015384883656861,-0.016650765889454976],[0.0055946474372445525,-0.015204683932508171,0.016256229805142876],[-0.0008947942041035056,0.000189299048851311,0.00039453608431209986]]
[[-0.004792060853547719,0.01599113543924387,-0.01724925641520482],[0.005681206186750082,-0.016179635864981556,0.016857077538058683],[-0.0008891453332023626,0.00018850042573768355,0.0003921788771461364]]
[[-0.004882414575229045,0.017070126466740908,-0.01789051877494341],[0.005765964413976879,-0.017257832266368036,0.017500675233976484],[-0.0008835498387478346,0.0001877057996271287,0.00038984354096692595]]
[[-0.00496934942795793,0.018267817777954203,-0.018578563887510172],[0.005847356370331816,-0.01845473291085396,0.018191034107424644],[-0.0008780069423738857,0.00018691513289975414,0.0003875297800855274]]
[[-0.005050777195576578,0.01960269655880193,-0.01931778727423962],[0.005923293069074271,-0.01978882494455391,0.018932549971591394],[-0.0008725158734976927,0.00018612838575198025,0.0003852373026482288]]
[[-0.005123908781109911,0.021097017393487932,-0.020112971067682322],[0.005990984649633861,-0.021282362909429905,0.01973000524727178],[-0.0008670758685239506,0.0001853455159419733,0.00038296582041054373]]
[[-0.005185009298879946,0.02277776104642241,-0.020969259303524307],[0.006046695468845083,-0.022962327524905447,0.020588544255037214],[-0.0008616861699651376,0.00018456647848303178,0.0003807150484870907]]
[[-0.005229056913952916,0.02467788837724479,-0.021892087006829437],[0.006085402939411487,-0.024861679602517433,0.021513602301759135],[-0.0008563460254585708,0.0001837912252726414,0.0003784847050703038]]
[[-0.005249262216859874,0.02683799665446151,-0.02288703105509637],[0.00610031690351602,-0.027021016359102833,0.02251075654398777],[-0.0008510546866561463,0.0001830197046413214,0.00037627451110860104]]
[[-0.005236382742738496,0.02930853064175673,-0.02395952992370271],[0.006082194150694705,-0.02949078250255728,0.023585445733771318],[-0.0008458114079562087,0.00018225186080054887,0.0003740841899313907]]
[[-0.0051777320975232065,0.03215276746463152,-0.025114384169147467],[0.006018347542561656,-0.03233425509779398,0.0247424707023438],[-0.000840615445038449,0.0001814876331624671,0.0003719134668036659]]
[[-0.005055726445806493,0.035450893816166,-0.026354889073609084],[0.005891192498957836,-0.03563162077166104,0.025985127005222836],[-0.0008354660531513421,0.00018072695549503875,0.0003697620683862464]]
[[-0.004845717834415022,0.03930564438420354,-0.027681345467389422],[0.005676080319501282,-0.03948561413906726,0.027313715745321564],[-0.0008303624850862603,0.00017996975486371845,0.000367629722067859]]
[[-0.004512707181288279,0.04385019945418571,-0.029088507299033374],[0.00533801117003976,-0.04402941540447874,0.028722991143912944],[-0.0008253039887514809,0.00017921595029302248,0.00036551615512043015]]
[[-0.004006260845378487,0.04925939083558753,-0.030561183939292694],[0.004826550649609024,-0.04943785628664373,0.030197762845686437],[-0.0008202898042305372,0.0001784654510561989,0.0003634210936062576]]
[[-0.0032524821413117827,0.05576580370509648,-0.03206658155077548],[0.004067801301481192,-0.0559435218595615,0.03170523728984538],[-0.0008153191601694093,0.00017771815446502746,0.0003613442609300974]]
[[-0.0021410382621566727,0.06368317762015992,-0.03354075810886296],[0.002951429531437831,-0.06386015156313929,0.033181472732990984],[-0.0008103912692811582,0.00017697394297937652,0.00035928537587197394]]
[[-0.0005036723562173217,0.07344069893308577,-0.034864192036968104],[0.0013091776788952784,-0.07361693161346569,0.03450694788712599],[-0.0008055053226779568,0.00017623268037991337,0.0003572441498421159]]
[[0.0019223394579469938,0.08563333307370967,-0.03581666526605184],[-0.0011216789753171598,-0.08580882728034667,0.035461444983112524],[-0.000800660482629834,0.00017549420663698766,0.00035522028293931624]]
[[0.005558058217727061,0.10109472451750742,-0.03599167378860223],[-0.004762202344531501,-0.10126948284845992,0.03563846033048781],[-0.0007958558731955597,0.0001747583309525097,0.0003532134581144198]]
[[0.01109753418160257,0.12099771888434076,-0.034629232315258836],[-0.010306443613638094,-0.12117174370658583,0.034278008983021045],[-0.0007910905679644762,0.00017402482224506362,0.0003512233322377898]]
[[0.019718212252351618,0.14697276275274382,-0.030279521612721908],[-0.018931848678455227,-0.14714605614887133,0.0299302720907817],[-0.0007863635738963905,0.00017329339612750825,0.0003492495219402091]]
[[0.033470105165432106,0.18116805610080056,-0.020109788774631536],[-0.03268843135540599,-0.18134061979818633,0.0197624971942862],[-0.0007816738100261131,0.0001725636973857805,0.00034729158034533484]]
[[0.055972363556750435,0.22592227756135216,0.0015305397540489598],[-0.05519534347683275,-0.22609411283921674,-0.001875888711570248],[-0.0007770200799176823,0.00017183527786456866,0.0003453489575212885]]
[[0.09346580948893311,0.28183341202622864,0.04591988944906874],[-0.09269340845069303,-0.28200451960038253,-0.04626331038077213],[-0.0007724010382400813,0.0001711075741539069,0.0003434209317033887]]
[[0.15525376769455815,0.3403218797464953,0.13410280868822227],[-0.15448595253678035,-0.3404922596526712,-0.13444431517929054],[-0.0007678151577777996,0.00017037990617592799,0.0003415064910682711]]
[[0.2473622513900478,0.36233625560631927,0.2946753211818807],[-0.24659899066877333,-0.36250590717650844,-0.2950149253357414],[-0.0007632607212744961,0.0001696515701891754,0.0003396041538607345]]
[[0.34192211293778335,0.2529837246736642,0.5184763700386343],[-0.3411633770357267,-0.253152646888238,-0.5188140818661864],[-0.0007587359020566314,0.00016892221457381695,0.0003377118275520667]]
[[0.3447797203507666,-0.04384196881319255,0.6563881817019003],[-0.3440254813296194,0.04367377615784109,-0.6567240089312252],[-0.0007542390211472216,0.000168192655351456,0.00033582722932486646]]
[[0.21907393082631477,-0.3300453408065035,0.5517097818807659],[-0.21832416187299947,0.3298778755948191,-0.5520437313947341],[-0.0007497689533153083,0.00016746521168437825,0.00033394951396818946]]
[[0.08066599541393644,-0.415151793725765,0.33368373677132734],[-0.07992066979503774,0.41498505168027533,-0.33401581708498473],[-0.0007453256188987014,0.00016674204548967637,0.0003320803136573908]]
[[0.0005437528289630048,-0.37021601173350216,0.16538519591331516],[0.00019715732578891337,0.3700499879114094,-0.1657154180546852],[-0.0007409101547519182,0.00016602382209272962,0.00033022214137003994]]
[[-0.033808560226187855,-0.29642137749224684,0.06886771174151754],[0.034545084461490315,0.2962560671750371,-0.06919608859283045],[-0.0007365242353024596,0.0001653103172097293,0.00032837685131290674]]
[[-0.045451988773924486,-0.23160942127119508,0.018375316229995678],[0.046184158193652076,0.2314448201239941,-0.018701861723584512],[-0.0007321694197275956,0.00016460114720097234,0.00032654549358883395]]
[[-0.047401975855997924,-0.18192086446778008,-0.007427110372432683],[0.04812982278945122,0.18175696845673137,0.007102381768794445],[-0.0007278469334532992,0.00016389601104870158,0.0003247286036382374]]
[[-0.04553580780906452,-0.1450389235087559,-0.020447743672642973],[0.046259365480967006,0.14487572879634655,0.02012481724105574],[-0.0007235576719024828,0.00016319471240934977,0.00032292643158723114]]
[[-0.042352447304350976,-0.11762848117445124,-0.026799798947487175],[0.043071749566088814,0.11746598404159907,0.026478659876323543],[-0.0007193022617378376,0.00016249713285216948,0.00032113907116363034]]
[[-0.03889027643805872,-0.09699092984141605,-0.029610011555198327],[0.03960535756064978,0.09682912663653892,0.029290645027543312],[-0.0007150811225910558,0.0001618032048771354,0.0003193665276550148]]
[[-0.035564760420904534,-0.08119215023070483,-0.030511145880702688],[0.03627565493742137,0.08103103733794674,0.03019353712651318],[-0.0007108945165168344,0.0001611128927580896,0.0003176087541895049]]
[[-0.0325247836088939,-0.06888921337530533,-0.030378649621647935],[0.0332315261940682,0.06872878719518442,0.030062783949807773],[-0.0007067425851743029,0.00016042618012091634,0.0003158656718401599]]
[[-0.029805666327701246,-0.05915134495101475,-0.02969372842726286],[0.030508291705068566,0.05899160188891425,0.02937959124599812],[-0.0007026253773673221,0.00015974306210049245,0.00031413718126473914]]
[[-0.027395949567342974,-0.051327063123161015,-0.02872626006933453],[0.028094492436851255,0.051167999582746905,0.028413836899589127],[-0.000698542869508281,0.0001590635404141122,0.00031242316974540603]]
