[[-0.34731782175788617,-0.004770656889029001,-0.14405279197972562],[0.22055272507527562,-0.2720623976678528,0.156664536050065],[0.12676509668261052,0.2768330545568818,-0.012611744070339381]]
[[-0.4267815025693931,0.0019174345096914513,-0.18667479889228566],[0.2777219753208483,-0.3357708983487381,0.2105019599688393],[0.14905952724854482,0.3338534638390466,-0.023827161076553624]]
[[-0.5450308471340441,0.022028921365689874,-0.25899057426051386],[0.36739317945073685,-0.4378420028455291,0.3018970672309087],[0.17763766768330735,0.4158130814798392,-0.042906492970394845]]
[[-0.7355394931376905,0.0861578361289232,-0.403139003488886],[0.5226014658727441,-0.6263448943763288,0.48119210042285143],[0.21293802726494637,0.5401870582474056,-0.07805309693396548]]
[[-1.0780370879874352,0.3338697507765758,-0.7838125923603922],[0.8292387092739726,-1.0736588043407278,0.9333691870476992],[0.24879837871346264,0.739789053564152,-0.14955659468730692]]
[[-1.6328962206547157,1.8036756342544245,-2.546397134663159],[1.3839632843407925,-2.868018212008484,2.8562998025513475],[0.24893293631392321,1.0643425777540592,-0.30990266788818865]]
[[17.01765021169218,4.891545233417718,-6.51655677610144],[-17.153195047283106,-6.3767809511661255,7.171759690674999],[0.13554483559092284,1.4852357177484081,-0.6552029145735588]]
[[-0.6201385915691765,-1.9383967645760123,1.9693796531154955],[1.3654180764412547,-1.5545172728734127,-0.2283875072651258],[-0.7452794848720782,3.492914037449425,-1.7409921458503697]]
[[-0.2259644736298654,-0.7326539554895128,0.8570402002725965],[4.444071724184435,1.9782972584139382,-1.15547703229164],[-4.21810725055457,-1.2456433029244254,0.2984368320190435]]
[[-0.18778007319120846,-0.4109225982885761,0.6713121439830897],[0.6253243059195864,0.9242795545578824,-0.5152954683134503],[-0.43754423272837795,-0.5133569562693063,-0.15601667566963945]]
[[-0.17638948104226265,-0.22968578208890136,0.5400533535561594],[0.20084097581020569,0.4190884108685191,-0.24605051261868724],[-0.024451494767943033,-0.18940262877961772,-0.2940028409374721]]
[[-0.16131286796597283,-0.12282401145391397,0.4328593240320468],[0.09687862624884067,0.23729421268425183,-0.14544065190941619],[0.06443424171713216,-0.11447020123033785,-0.2874186721226306]]
[[-0.14390030352524766,-0.059885720911102544,0.3481189169053997],[0.05732571258288496,0.15311521990780358,-0.09703759622276338],[0.0865745909423627,-0.09322949899670105,-0.25108132068263633]]
[[-0.12684628094971986,-0.022720681045735068,0.28257811851299336],[0.03818106332350829,0.10731531120408928,-0.06981901013028671],[0.08866521762621156,-0.08459463015835421,-0.21275910838270667]]
[[-0.1114458444062425,-0.0006845425160803935,0.23212462510671464],[0.027430410787447096,0.07959393544547688,-0.05287840502013575],[0.0840154336187954,-0.0789093929293965,-0.1792462200865789]]
[[-0.09805811211302644,0.012376492187006892,0.19308337619062102],[0.020760684840834764,0.06150724025085876,-0.04156176074425663],[0.07729742727219167,-0.07388373243786565,-0.1515216154463644]]
[[-0.0866130872603801,0.02003290562797694,0.162571208274883],[0.016318481430620008,0.049032222829489755,-0.03359810345660045],[0.07029460582976009,-0.0690651284574667,-0.12897310481828256]]
[[-0.07688543164409076,0.024385072890692753,0.13844043932135783],[0.013199399770910912,0.04005171958687974,-0.02776588403106599],[0.06368603187317984,-0.06443679247757249,-0.11067455529029185]]
[[-0.0686179290349378,0.026690967184742884,0.11912027234110215],[0.010918369499099244,0.033363754179972775,-0.023357673766294426],[0.05769955953583855,-0.06005472136471566,-0.09576259857480772]]
[[-0.061570488926251776,0.02771829912476506,0.10346477331261342],[0.009195540939832863,0.028243925490030575,-0.01993936923442853],[0.05237494798641891,-0.055962224614795636,-0.08352540407818489]]
[[-0.055535766730509396,0.02794398441110696,0.09063362783048279],[0.00785983871425291,0.024234063420089345,-0.01723188375718887],[0.04767592801625649,-0.05217804783119631,-0.07340174407329392]]
[[-0.05034090026992424,0.027669014217088693,0.08000510329550073],[0.006801649986850359,0.02103260915483711,-0.015048782375640545],[0.04353925028307388,-0.0487016233719258,-0.06495632091986019]]
[[-0.045844096938776155,0.027085894244150394,0.07111426619023037],[0.005947959391976182,0.018434335426039217,-0.013261463247474386],[0.03989613754679997,-0.04552022967018961,-0.05785280294275598]]
[[-0.0419298092438998,0.026319031944369187,0.06360949813455274],[0.005248516134297526,0.016295541982745895,-0.01177876660293314],[0.036681293109602275,-0.04261457392711508,-0.05183073153161961]]
[[-0.03850399496004478,0.02544939603890843,0.05722185952682659],[0.004667762352566527,0.014513111933114262,-0.010534540559937933],[0.03383623260747825,-0.03996250797202269,-0.04668731896688866]]
[[-0.03548998001724462,0.024529850901052423,0.051743375855133764],[0.004179928117560866,0.013011453513214664,-0.009479791810377173],[0.031310051899683757,-0.03754130441426709,-0.042263584044756594]]
[[-0.032825032403377155,0.023594855008445183,0.04701151638694013],[0.0037659447688108087,0.011734103549384855,-0.008577579671097142],[0.029059087634566348,-0.03532895855783004,-0.03843393671584299]]
[[-0.03045759711446554,0.022666690447273312,0.0428979903361145],[0.003411442612849716,0.010638180583457802,-0.007799606318765627],[0.027046154501615825,-0.03330487103073111,-0.03509838401734887]]
[[-0.028345092580281346,0.021759520437320812,0.03930057591397505],[0.0031054169780174302,0.009690631976235655,-0.00712388635326512],[0.025239675602263915,-0.03145015241355647,-0.03217668956070993]]
[[-0.026452164042380787,0.020882065193596307,0.036137099114152624],[0.0028393183618178088,0.00886564021719578,-0.006533120871986962],[0.023612845680562978,-0.029747705410792087,-0.029603978242165662]]
[[-0.02474930083409568,0.020039385941877902,0.033340951095997884],[0.0026064187015624337,0.008142795901140958,-0.00601354195106202],[0.022142882132533244,-0.028182181843018864,-0.027327409144935866]]
[[-0.02321174032938673,0.019234085522053156,0.030857717772017852],[0.00240136160960252,0.007505788461311417,-0.005554077677829459],[0.020810378719784212,-0.026739873983364575,-0.025303640094188392]]
[[-0.02181859665312673,0.018467122689126196,0.028642621380531134],[0.0022198377308872887,0.006941453220711536,-0.0051457396652774025],[0.01959875892223944,-0.02540857590983773,-0.023496881715253732]]
[[-0.020552165427216273,0.01773836781555144,0.026658560649349242],[0.002058346803173358,0.006439067895816665,-0.004781167575088985],[0.018493818624042917,-0.024177435711368107,-0.021877393074260256]]
[[-0.01939736655667115,0.017046983784579493,0.024874596413106496],[0.001914020821961299,0.005989826485916292,-0.0044542861376574575],[0.017483345734709853,-0.023036810270495783,-0.02042031027544904]]
[[-0.01834129554699727,0.01639168769444796,0.023264771744069577],[0.0017844909384353604,0.00558644111764529,-0.004160043903141987],[0.01655680460856191,-0.02197812881209325,-0.01910472784092759]]
[[-0.017372860455184692,0.015770930689541898,0.02180718547949221],[0.0016677861017038343,0.0052228374092549035,-0.0038942121335989463],[0.01570507435348086,-0.020993768098796804,-0.01791297334589326]]
[[-0.016482486685641912,0.015183021198782603,0.02048325930072343],[0.0015622550433334152,0.004893919019696028,-0.003653228472679809],[0.014920231642308495,-0.02007694021847863,-0.01683003082804362]]
[[-0.015661875777029363,0.014626208858976718,0.019277153829817352],[0.0014665056319167992,0.004595383956772876,-0.0034340743185445896],[0.014195370145112563,-0.019221592815749595,-0.015843079511272763]]
[[-0.014903807354237956,0.01409874102518806,0.018175300326604346],[0.0013793572967223952,0.004323580012540277,-0.003234177821674302],[0.013524450057515562,-0.018422321037728336,-0.014941122504930043]]
[[-0.014201975753224138,0.013598900124732156,0.017166022710797313],[0.0012998033854223147,0.004075390064541565,-0.003051336549200612],[0.012902172367801824,-0.01767429018927372,-0.014114686161596699]]
[[-0.013550854628753339,0.013125027617606429,0.016239230645529536],[0.0012269811449913065,0.003848140380356379,-0.0028836553754820627],[0.012323873483762033,-0.016973167997962807,-0.013355575270047472]]
[[-0.0129455842516229,0.012675538606538458,0.015386168893270852],[0.0011601476044630682,0.003639526789946819,-0.002729496258004804],[0.01178543664715983,-0.01631506539648528,-0.012656672635266049]]
[[-0.012381877287999886,0.012248929945377258,0.014599211510940397],[0.0010986600648519636,0.0034475548469835604,-0.002587437362134999],[0.011283217223147922,-0.01569648479236082,-0.012011774148805398]]
[[-0.011855939701533326,0.011843783859410184,0.013871691986399304],[0.0010419602135254553,0.0032704910239866837,-0.002456239592685568],[0.01081397948800787,-0.015114274883396868,-0.011415452393713738]]
[[-0.011364404083852305,0.011458768503832612,0.013197762347471395],[0.0009895611107215256,0.0031068226713977572,-0.0023348190335540555],[0.01037484297313078,-0.01456559117523037,-0.01086294331391734]]
[[-0.010904273242724187,0.011092636471372708,0.012572275752150983],[0.0009410364676588918,0.002955224983640237,-0.0022222241301321985],[0.009963236775065295,-0.014047861455012946,-0.010350051622018784]]
[[-0.010472872291345418,0.01074422196522811,0.011990688207692429],[0.0008960117648391551,0.002814533602375958,-0.002117616702047297],[0.009576860526506263,-0.013558755567604067,-0.009873071505645132]]
[[-0.010067807811287709,0.010412437143335873,0.01144897594982134],[0.0008541568570570545,0.0026837217816793055,-0.0020202560670206575],[0.009213650954230653,-0.01309615892501518,-0.009428719882800682]]
[[-0.009686932924162062,0.01009626798980437,0.010943565702741303],[0.0008151797864486324,0.0025618812655638134,-0.0019294857053566987],[0.008871753137713429,-0.012658149255368184,-0.009014079997384603]]
[[-0.009328317317431991,0.009794769961774795,0.010471275581643227],[0.0007788215824883569,0.0024482062025016293,-0.001844722009842393],[0.008549495734943634,-0.012242976164276425,-0.008626553571800834]]
[[-0.008990221439080683,0.009507063582874918,0.01002926482631988],[0.0007448518724722603,0.0023419795569280598,-0.0017654447557519256],[0.008245369566608422,-0.011849043139802978,-0.008263820070567954]]
[[-0.008671074212602594,0.009232330099164281,0.0096149908930903],[0.0007130651608374328,0.002242561583554981,-0.001691188996225687],[0.007958009051765162,-0.011474891682719262,-0.007923801896864613]]
[[-0.008369453734734487,0.008969807273921855,0.0092261727021604],[0.0006832776629960945,0.0021493800135662833,-0.001621538144012342],[0.007686176071738392,-0.01111918728748814,-0.007604634558148058]]
[[-0.008084070508691565,0.008718785369415914,0.008860759053758],[0.0006553246009417485,0.002061921667630665,-0.0015561180448008948],[0.007428745907749817,-0.010780707037046578,-0.007304641008957106]]
[[-0.007813752839534026,0.008478603343778169,0.008516901400374158],[0.0006290578850210809,0.0019797252630587856,-0.0014945918826798235],[0.0071846949545129445,-0.010458328606836955,-0.007022309517694334]]
[[-0.007557434078891685,0.008248645277015038,0.008192930303086748],[0.0006043441199463266,0.0019023752243259302,-0.001436655786587949],[0.006953089958945358,-0.010151020501340969,-0.006756274516498799]]
[[-0.007314141456177918,0.008028337030390112,0.007887335014117442],[0.0005810628841014339,0.0018294963398483566,-0.001382035029458092],[0.006733078572076484,-0.00985783337023847,-0.00650529998465935]]
[[-0.007082986274661533,0.00781714313671544,0.0075987457208435295],[0.0005591052400485008,0.0017607491350862606,-0.0013304807302499683],[0.0065238810346130325,-0.0095778922718017,-0.006268264990593561]]
[[-0.006863155284956704,0.007614563914631046,0.007325918062655098],[0.0005383724413135352,0.001695825854097047,-0.0012817669841150435],[0.0063247828436431685,-0.009310389768728092,-0.006044151078540054]]
[[-0.006653903076934254,0.007420132797103473,0.007067719594623736],[0.0005187748063676311,0.001634446959627185,-0.001235688358228659],[0.006135128270566623,-0.009054579756730657,-0.005832031236395077]]
[[-0.006454545354794272,0.007233413862675591,0.006823117923547503],[0.0005002307354902338,0.001576358076528004,-0.0011920577009088117],[0.005954314619304038,-0.008809771939203594,-0.005631060222638692]]
[[-0.006264452979910489,0.007053999557117374,0.006591170284635471],[0.000482665850116117,0.0015213273153529597,-0.0011507042199456526],[0.0057817871297943715,-0.008575326872470333,-0.005440466064689818]]
[[-0.006083046682740953,0.006881508592816131,0.006371014362550637],[0.000466012237493212,0.0014691429229484344,-0.001111471792931048],[0.005617034445247741,-0.008350651515764565,-0.005259542569619588]]
[[-0.005909792359148964,0.006715584013327296,0.006161860190068744],[0.000450207786145913,0.001419611215088898,-0.0010742174780733079],[0.00545958457300305,-0.008135195228416194,-0.005087642711995436]]
[[-0.005744196878342737,0.006555891410854065,0.0059629829822990974],[0.0004351955998525822,0.0013725547530504436,-0.0010388101987243293],[0.005309001278490155,-0.007928446163904508,-0.0049241727835747685]]
[[-0.005585804339689162,0.006402117284942396,0.005773716785112007],[0.0004209234796901215,0.0013278107317202126,-0.0010051295788077155],[0.005164880859999041,-0.007729928016662608,-0.004768587206304291]]
[[-0.005434192724187336,0.0062539675312998765,0.005593448833823205],[0.000407343465239702,0.0012852295516086608,-0.0009730649096563052],[0.005026849258947634,-0.007539197082908538,-0.0046203839241669]]
[[-0.005288970893649299,0.006111166050325032,0.005421614532864639],[0.0003944114273399635,0.001244673551132691,-0.0009425142315584879],[0.0048945594663093355,-0.007355839601457723,-0.004479100301306151]]
[[-0.005149775896832383,0.005973453465633376,0.005257692979585282],[0.0003820867058608357,0.0012060158789045086,-0.0009133835156660303],[0.004767689190971548,-0.007179469344537884,-0.004344309463919252]]
[[-0.0050162705470693,0.005840585943565016,0.0051012029658533894],[0.00037033178688800306,0.0011691394886026484,-0.0008855859339063094],[0.004645938760181297,-0.007009725432167664,-0.004215617031947081]]
[[-0.004888141240488303,0.005712334105339642,0.004951699400082658],[0.0003591120144837514,0.001133936241406788,-0.0008590412062295797],[0.004529029226004552,-0.00684627034674643,-0.0040926581938530784]]
[[-0.004765095987823375,0.005588482024178004,0.004808770099935165],[0.0003483953328480961,0.0011003061030193848,-0.0008336750159570908],[0.004416700654975279,-0.006688788127197389,-0.003975095083978074]]
[[-0.004646862636180487,0.00546882630032796,0.004672032912474221],[0.00033815205526400847,0.0010681564240345482,-0.0008094184852194539],[0.004308710580916478,-0.006536982724362508,-0.0038626144272547666]]
[[-0.004533187260032039,0.005353175207514555,0.004541133124125685],[0.00032835465668816955,0.001037401293896976,-0.000786207703520555],[0.004204832603343868,-0.0063905765014115315,-0.00375492542060513]]
[[-0.004423832703225807,0.005241347904875633,0.004415741127601848],[0.0003189775872571001,0.001007960959961867,-0.0007639833033584667],[0.004104855115968707,-0.0062493088648375005,-0.003651757824243382]]
[[-0.0043185772559743586,0.005133173708947093,0.004295550317068741],[0.0003099971043286474,0.000979761304254111,-0.000742690077604542],[0.004008580151645711,-0.006112935013201205,-0.0035528602394641986]]
[[-0.004217213452684311,0.0050284914207261505,0.004180275186396812],[0.000301391120979673,0.00095273337145967,-0.0007222766340045123],[0.003915822331704639,-0.005981224792185821,-0.0034579985523922993]]
[[-0.004119546978132905,0.004927148703268004,0.004069649608410966],[0.00029313906913991877,0.0009268129424872485,-0.0007026950827371627],[0.0038264079089929863,-0.005853961645755252,-0.003366954525673804]]
[[-0.004025395670936487,0.004829001505663527,0.003963425275720063],[0.00028522177576571425,0.0009019401486335351,-0.0006839007534605315],[0.003740173895170773,-0.0057309416542970625,-0.0032795245222595314]]
[[-0.003934588614511078,0.004733913529604429,0.003861370286017846],[0.0002776213506507036,0.0008780591219868315,-0.0006658519387039886],[0.0036569672638603738,-0.005611972651591261,-0.0031955183473138574]]
[[-0.003846965306824214,0.004641755735070862,0.0037632678567577457],[0.00027032108463852743,0.0008551176782254546,-0.0006485096608365218],[0.0035766442221856864,-0.005496873413296317,-0.0031147581959212237]]
[[-0.003762374901200768,0.0045524058819760614,0.0036689151558552385],[0.0002633053571481259,0.0008330670284204582,-0.0006318374601651827],[0.003499069544052642,-0.005385472910396519,-0.003037077695690056]]
[[-0.0036806755112918105,0.0044657481048762425,0.0035781222366002264],[0.0002565595520491809,0.0008118615168467411,-0.0006158012019997765],[0.0034241159592426295,-0.005277609621722984,-0.00296232103460045]]
[[-0.003601733574060055,0.004381672518103191,0.003490711066298467],[0.0002500699810358386,0.0007914583821506978,-0.0006003689007662542],[0.0033516635930242165,-0.0051731309002538885,-0.0028903421655322127]]
[[-0.0035254232652915914,0.004300074848904153,0.0034065146393319544],[0.00024382381374351224,0.0007718175395232758,-0.0005855105594668512],[0.003281599451548079,-0.005071892388427428,-0.002821004079865103]]
[[-0.0034516259627226805,0.004220856096380558,0.0033253761663555237],[0.00023780901393817701,0.0007529013817905482,-0.0005711980229739764],[0.0032138169487845036,-0.0049737574781711065,-0.002754178143381547]]
[[-0.0033802297523822934,0.00414392221420548,0.0032471483322499147],[0.00023201428118176033,0.0007346745975647783,-0.0005574048438107681],[0.0031482154712005332,-0.0048785968117702585,-0.0026897434884391464]]
[[-0.003311128974204299,0.004069183815271185,0.0031716926162464625],[0.00022642899744240648,0.0007171040048017741,-0.0005441061592171587],[0.003084699976761892,-0.004786287820072959,-0.002627586457029304]]
[[-0.0032442238033650378,0.003996555896574482,0.003098878668339588],[0.00022104317817573955,0.0007001583982888097,-0.000531278578428848],[0.003023180625189298,-0.004696714294863292,-0.0025676000899107396]]
[[-0.003179419864158834,0.003925957582789636,0.003028583736722261],[0.0002158474274537914,0.0006838084097447056,-0.0005189000792100174],[0.0029635724367050426,-0.004609765992534341,-0.002509683657512244]]
[[-0.0031166278735412487,0.0038573118871082566,0.0029606921415271915],[0.0002108328967628765,0.000668026379352542,-0.0005069499127808713],[0.0029057949767783723,-0.004525338266460799,-0.00245374222874632]]
[[-0.003055763311752423,0.003790545488043586,0.002895094790641491],[0.00020599124713114122,0.0006527862376682804,-0.0004954085163698231],[0.0028497720646212814,-0.0044433317257118665,-0.002399686274271668]]
[[-0.0029967461176846795,0.0037255885210041107,0.0028316887337928],[0.0002013146142814454,0.0006380633969573105,-0.0004842574326987999],[0.002795431503403234,-0.004363651917961421,-0.002347431301094]]
[[-0.0029395004068835163,0.0036623743835395572,0.002770376751487075],[0.0001967955765362071,0.0006238346511073841,-0.00047347923577996365],[0.002742704830347309,-0.004286209034646942,-0.002296897515707111]]
[[-0.002883954210272072,0.0036008395532516673,0.0027110669757182035],[0.00019242712522834777,0.0006100780833520359,-0.0004630574624642148],[0.002691527085043724,-0.0042109176366037036,-0.002248009513253989]]
[[-0.0028300392318691796,0.003540923417443816,0.002653672539672501],[0.00018820263739694084,0.000596772981114784,-0.0004529765492371075],[0.0026418365944722386,-0.0041376963985586,-0.0022006959904353933]]
[[-0.002777690623932315,0.003482568113657973,0.002598111253921231],[0.00018411585056794753,0.0005838997573522249,-0.0004432217738070522],[0.0025935747733643673,-0.004066467871010198,-0.002154889480114179]]
[[-0.002726846778101485,0.003425718380315529,0.0025443053068355554],[0.00018016083943985713,0.0005714398778346559,-0.0004337792010746564],[0.002546685938661628,-0.003997158258150185,-0.002110526105760899]]
[[-0.002677449131250072,0.003370321416740669,0.002492180987174035],[0.00017633199431138784,0.0005593757938568685,-0.00042463563311133503],[0.002501117136938684,-0.003929697210597537,-0.0020675453540627]]
[[-0.0026294419848655786,0.003316326751901796,0.0024416684269859628],[0.0001726240011039209,0.0005476908799200708,-0.00041577856281049407],[0.0024568179837616577,-0.003864017631821867,-0.002025889864175469]]
[[-0.002582772336888451,0.003263686121258463,0.002392701363146931],[0.00016903182284522012,0.0005363693759691348,-0.00040719613090608867],[0.0024137405140432304,-0.0038000554972275977,-0.0019855052322408427]]
[[-0.0025373897250320623,0.0032123533511488308,0.0023452169159983967],[0.00016555068249343263,0.0005253963338081222,-0.0003988770860816154],[0.00237183904253863,-0.003737749684956953,-0.0019463398299167812]]
[[-0.002493246080692569,0.003162284250196273,0.002299155383702673],[0.00016217604699153592,0.000514757567351835,-0.00039081074791798287],[0.002331070033701033,-0.003677041817548108,-0.0019083446357846905]]
[[-0.002450295592634653,0.003113436507253556,0.0022544600510502923],[0.00015890361245242654,0.000504439606402376,-0.00038298697245152207],[0.002291391980182227,-0.003617876113655932,-0.00187147307859877]]
[[-0.0024084945797091806,0.0030657695954397312,0.0022110770115698185],[0.00015572929038386863,0.0004944296536678226,-0.00037539612013393704],[0.002252765289325312,-0.0035601992491075536,-0.0018356808914358814]]
[[-0.0023678013719220306,0.0030192446818583145,0.0021689550018921173],[0.00015264919487064822,0.0004847155447654257,-0.0003680290260045134],[0.0022151521770513824,-0.0035039602266237406,-0.001800925975887604]]
[[-0.002328176199230792,0.0029738245426162205,0.002128045247413096],[0.0001496596306386012,0.0004752857109745664,-0.00036087697190159235],[0.002178516568592191,-0.003449110253590787,-0.0017671682755115038]]
[[-0.0022895810874979995,0.002929473482791115,0.00208830131838203],[0.00014675708193179478,0.0004661291445252925,-0.0003539316605554076],[0.0021428240055662044,-0.0033956026273164073,-0.001734369657826622]]
[[-0.0022519797610768724,0.0028861572610209526,0.0020496789956177828],[0.00014393820214011175,0.00045723536622686476,-0.0003471851914180065],[0.0021080415589367603,-0.0033433926272478176,-0.0017024938041997765]]
[[-0.002215337551548403,0.002843843018413237,0.0020121361451232362],[0.00014119980411988765,0.0004485943952575621,-0.00034063003809831923],[0.002074137747428515,-0.0032924374136707995,-0.0016715061070249168]]
[[-0.0021796213121677123,0.002802499211493624,0.001975632600929905],[0.00013853885115513857,0.0004401967209522286,-0.00033425902728161257],[0.002041082461012574,-0.0032426959324458526,-0.0016413735736482927]]
[[-0.0021447993376131434,0.0027620955489336715,0.0019401300555606455],[0.00013595244851134623,0.00043203327643784165,-0.00032806531902269644],[0.002008846889101797,-0.0031941288253715134,-0.001612064736537949]]
[[-0.0021108412886639252,0.0027226029318161956,0.0019055919575490844],[0.00013343783553778455,0.00042409541397990026,-0.0003220423883114491],[0.0019774034531261407,-0.0031466983457960956,-0.0015835495692376354]]
[[-0.002077718121461832,0.002683993397213865,0.0018719834155005893],[0.00013099237827801828,0.0004163748819137962,-0.00031618400781757954],[0.001946725743183814,-0.003100368279127661,-0.0015557994076830098]]
[[-0.002045402021039174,0.002646240064872511,0.0018392711082214775],[0.00012861356255151952,0.00040886380304565675,-0.00031048423172914215],[0.0019167884584876543,-0.003055103867918168,-0.0015287868764923354]]
[[-0.0020138663388201395,0.0026093170868052296,0.0018074232004814178],[0.0001262989874723608,0.00040155465441654215,-0.0003049373806062318],[0.001887567351347779,-0.0030108717412217715,-0.001502485819875186]]
[[-0.001983085533825007,0.0025731995996168635,0.0017764092640087381],[0.00012404635937368876,0.00039444024833243136,-0.00029953802717758377],[0.0018590391744513182,-0.0029676398479492948,-0.0014768712368311546]]
[[-0.0019530351173273578,0.0025378636793908908,0.0017462002033500831],[0.00012185348610918284,0.0003875137145702226,-0.0002942809830135463],[0.001831181631218175,-0.0029253773939611136,-0.0014519192203365369]]
[[-0.001923691600733317,0.002503286298982276,0.001716768186254848],[0.00011971827170498178,0.0003807684836770799,-0.0002891612860141281],[0.0018039733290283351,-0.0028840547826593558,-0.00142760690024072]]
[[-0.0018950324464691332,0.0024694452875704946,0.0016880865782712465],[0.00011763871133764501,0.000374198271286945,-0.0002841741886556106],[0.0017773937351314882,-0.0028436435588574394,-0.001403912389615636]]
[[-0.0018670360216792945,0.0024363192923367843,0.0016601298812650666],[0.0001156128866156143,0.00036779706338395564,-0.0002793151469435861],[0.0017514231350636803,-0.00280411635572074,-0.0013808147343214805]]
[[-0.0018396815545519052,0.00240388774213879,0.0016328736755942645],[0.00011363896114338088,0.00036155910244793274,-0.0002745798100242809],[0.0017260425934085243,-0.0027654468445867226,-0.0013582938655699835]]
[[-0.0018129490931015067,0.0023721308130642553,0.0016062945656928594],[0.00011171517634915262,0.0003554788744220518,-0.0002699640104096864],[0.001701233916752354,-0.0027276096874863072,-0.001336330555283173]]
[[-0.0017868194662517397,0.0023410293957532,0.0015803701288360928],[0.00010983984755827331,0.00034955109644735507,-0.0002654637547753738],[0.0016769796186934664,-0.002690580492200555,-0.001314906374060719]]
[[-0.0017612742470716157,0.0023105650643853,0.0015550788668758694],[0.00010801136029597896,0.00034377070531291904,-0.0002610752152929445],[0.0016532628867756368,-0.002654335769698219,-0.001294003651582925]]
[[-0.0017362957180295892,0.002280720047235953,0.0015304001607511321],[0.00010622816680430104,0.00033813284657430805,-0.0002567947214618884],[0.001630067551225288,-0.002618852893810261,-0.0012736054392892438]]
[[-0.0017118668381391699,0.0022514771987106994,0.001506314227592127],[0.00010448878275904993,0.0003326328642964429,-0.00025261875240821676],[0.0016073780553801198,-0.002584110063007142,-0.0012536954751839102]]
[[-0.001687971211878721,0.002222819972773544,0.0014828020802507412],[0.00010279178417384267,0.00032726629138023634,-0.0002485439296196139],[0.0015851794277048784,-0.00255008626415378,-0.0012342581506311274]]
[[-0.001664593059776212,0.00219473239769007,0.0014598454891012003],[0.00010113580447908805,0.0003220288404352922,-0.0002445670100890437],[0.0015634572552971238,-0.0025167612381253625,-0.0012152784790121567]]
[[-0.0016417171905572549,0.002167199052011291,0.0014374269459665795],[0.00009951953176471403,0.00031691639516369526,-0.00024068487984076005],[0.0015421976587925408,-0.0024841154471749866,-0.0011967420661258194]]
[[-0.0016193289747616834,0.002140205041728807,0.0014155296300368489],[0.00009794170617622515,0.0003119250022224125,-0.00023689454781452673],[0.0015213872685854583,-0.0024521300439512197,-0.0011786350822223222]]
[[-0.0015974143197403986,0.0021137359785362206,0.0013941373756536663],[0.00009640111745441726,0.0003070508635341372,-0.00023319314008556232],[0.0015010132022859814,-0.002420786842070358,-0.001160944235568104]]
[[-0.0015759596459501424,0.002087777959135787,0.001373234641845851],[0.00009489660260975774,0.00030229032901852817,-0.00022957789439929834],[0.0014810630433403846,-0.002390068288154315,-0.0011436567474465528]]
[[-0.0015549518644693556,0.0020623175455330286,0.0013528064835075335],[0.00009342704372306908,0.0002976398897177582,-0.00022604615500149914],[0.0014615248207462865,-0.002359957435250787,-0.0011267603285060343]]
[[-0.0015343783556633873,0.002037341746265572,0.0013328385241184165],[0.00009199136586473205,0.0002930961712920933,-0.00022259536774562894],[0.0014423869897986553,-0.0023304379175576656,-0.0011102431563727875]]
[[-0.001514226948932059,0.002012837998515745,0.0013133169299124857],[0.00009058853512516202,0.00028865592786289407,-0.00021922307546059608],[0.001423638413806897,-0.002301493926378639,-0.0010940938544518894]]
[[-0.0014944859034769322,0.001988794151059478,0.0012942283854078202],[0.0000892175567498061,0.0002843160361819749,-0.00021592691356314944],[0.001405268346727126,-0.0022731101872414533,-0.0010783014718446708]]
[[-0.0014751438900297395,0.0019651984480069744,0.001275560070216085],[0.00008787747337236656,0.0002800734901076836,-0.0002127046059002638],[0.001387266416657373,-0.002245271938114658,-0.0010628554643158212]]
[[-0.0014561899734871582,0.0019420395132931977,0.0012572996370556898],[0.00008656736334037924,0.0002759253953693821,-0.00020955396080783086],[0.0013696226101467788,-0.0022179649086625794,-0.001047745676247859]]
[[-0.0014376135964006547,0.0019193063358787718,0.001239435190897679],[0.00008528633912766861,0.0002718689646032362,-0.00020647286737288508],[0.001352327257272986,-0.002191175300482008,-0.0010329623235247939]]
[[-0.0014194045632733656,0.0018969882556241777,0.001221955269178065],[0.00008403354582856319,0.0002679015126433495,-0.0002034592918874333],[0.0013353710174448025,-0.0021648897682675274,-0.0010184959772906318]]
[[-0.0014015530256189855,0.0018750749498023,0.0012048488230146594],[0.0000828081597290919,0.00026402045205332946,-0.0002005112744827395],[0.0013187448658898936,-0.0021390954018556296,-0.0010043375485319199]]
[[-0.0013840494677404942,0.0018535564202164356,0.0011881051993704842],[0.00008160938695069509,0.00026022328888434593,-0.00019762692593364167],[0.001302440080789799,-0.0021137797091007817,-0.0009904782734368423]]
[[-0.0013668846931891362,0.0018324229808927446,0.0011717141241095773],[0.00008043646216227168,0.0002565076186466463,-0.0001948044246231489],[0.0012864482310268645,-0.002088930599539391,-0.0009769096994864284]]
[[-0.001350049811866517,0.0018116652463179214,0.0011556656858944575],[0.00007928864735665468,0.0002528711224823284,-0.0001920420136581928],[0.0012707611645098624,-0.00206453636880025,-0.0009636236722362647]]
[[-0.0013335362277349747,0.0017912741201945267,0.001139950320877765],[0.0000781652306878561,0.0002493115635279548,-0.00018933799812798796],[0.0012553709970471185,-0.0020405856837224816,-0.000950612322749777]]
[[-0.00131733562710347,0.0017712407846879879,0.0011245587981435696],[0.00007706552536565469,0.00024582678345631197,-0.00018669074249699636],[0.0012402701017378154,-0.0020170675681443,-0.0009378680556465731]]
[[-0.0013014399674582413,0.0017515566901407126,0.001109482205856625],[0.00007598886860431596,0.0002424146991872948,-0.00018409866812499145],[0.0012254510988539253,-0.0019939713893280075,-0.0009253835377316335]]
[[-0.0012858414668093117,0.001732213545230185,0.0010947119380804687],[0.00007493462062243475,0.00023907329975852228,-0.00018156025090718673],[0.001210906846186877,-0.0019712868449887075,-0.000913151687173282]]
[[-0.001270532593525647,0.0017132033075491395,0.0010802396822276478],[0.0000739021636910777,0.00023580064334687294,-0.00017907401902782867],[0.0011966304298345692,-0.0019490039508960125,-0.0009011656631998191]]
[[-0.0012555060566333835,0.0016945181745871667,0.001066057407107631],[0.00007289090122757716,0.00023259485443267303,-0.00017663855082105826],[0.0011826151554058064,-0.0019271130290198397,-0.0008894188562865728]]
[[-0.0012407547965530385,0.0016761505750942094,0.001052157351540054],[0.00007190025693249038,0.0002294541210987761,-0.00017425247273322522],[0.001168854539620548,-0.0019056046961929856,-0.0008779048788068288]]
[[-0.0012262719762530332,0.0016580931608074889,0.0010385320135029054],[0.00007092967396738911,0.00022637669245724582,-0.00017191445738119014],[0.0011553423022856442,-0.0018844698532647346,-0.0008666175561217152]]
[[-0.0012120509727981629,0.0016403387985243945,0.001025174139787092],[0.00006997861417128622,0.00022336087619679213,-0.00016962322170147948],[0.0011420723586268767,-0.0018636996747211866,-0.0008555509180856126]]
[[-0.001198085369272881,0.0016228805625048174,0.0010120767161305195],[0.00006904655731363704,0.0002204050362445245,-0.00016737752518546548],[0.001129038811959244,-0.0018432855987493418,-0.000844699190945054]]
[[-0.001184368947060422,0.0016057117271872888,0.00099923295780643],[0.00006813300038197721,0.00021750759053596827,-0.00016517616819602986],[0.0011162359466784448,-0.001823219317723257,-0.0008340567896104]]
[[-0.0011708956784598574,0.0015888257602041178,0.000986636300642211],[0.00006723745690237221,0.0002146670088876482,-0.0001630179903614374],[0.0011036582215574852,-0.001803492769091766,-0.0008236183102807737]]
[[-0.0011576597196241952,0.0015722163156815093,0.0009742803924463027],[0.00006635945629096297,0.00021188181096687997,-0.000160901869042398],[0.001091300263333232,-0.0017840981266483895,-0.0008133785234039047]]
[[-0.0011446554038035874,0.0015558772278113822,0.0009621590848221128],[0.00006549854323499055,0.00020915056435372216,-0.00015882671786852768],[0.0010791568605685968,-0.0017650277921651043,-0.0008033323669535852]]
[[-0.0011318772348785809,0.0015398025046822958,0.0009502664253490805],[0.00006465427710177814,0.00020647188269033517,-0.0001567914853406403],[0.0010672229577768028,-0.0017462743873726309,-0.0007934749400084402]]
[[-0.0011193198811692018,0.0015239863223575512,0.0009385966501121625],[0.00006382623137423597,0.00020384442391326753,-0.0001547951534955059],[0.0010554936497949657,-0.0017278307462708189,-0.0007838014966166566]]
[[-0.001106978169506429,0.0015084230191891547,0.0009271441765620911],[0.0000630139931115369,0.00020126688856444662,-0.000152836736629904],[0.0010439641763948923,-0.0017096899077536014,-0.0007743074399321872]]
[[-0.001094847079553361,0.0014931070903569043,0.0009159035966897465],[0.00006221716243368794,0.00019873801817689234,-0.00015091528008098082],[0.0010326299171196731,-0.0016918451085337965,-0.0007649883166087658]]
[[-0.0010829217383640588,0.0014780331826224188,0.0009048696704989297],[0.00006143535202879458,0.0001962565937313952,-0.00014902985906008683],[0.0010214863863352642,-0.001674289776353814,-0.0007558398114388428]]
[[-0.0010711974151687053,0.0014631960892884318,0.0008940373197626994],[0.00006066818668188337,0.00019382143418061572,-0.0001471795775374314],[0.001010529228486822,-0.0016570175234690476,-0.000746857742225268]]
[[-0.0010596695163743314,0.0014485907453541834,0.0008834016220492664],[0.000059915302824210625,0.0001914313950372554,-0.00014536356717503716],[0.0009997542135501208,-0.0016400221403914388,-0.0007380380548742293]]
[[-0.0010483335807709218,0.0014342122228581762,0.0008729578050042023],[0.000059176348102045775,0.00018908536702313923,-0.00014358098630561862],[0.000989157232668876,-0.0016232975898813153,-0.0007293768186985838]]
[[-0.0010371852749332662,0.001420055726400019,0.0008627012408764598],[0.00005845098096397288,0.00018678227477622247,-0.00014183101895513865],[0.0009787342939692933,-0.0016068380011762416,-0.0007208702219213211]]
[[-0.0010262203888094284,0.00140611658883349,0.0008526274412763812],[0.000057738870265806937,0.00018452107561269876,-0.00014011287390691972],[0.0009684815185436214,-0.0015906376644461886,-0.0007125145673694614]]
[[-0.0010154348314871707,0.0013923902671233229,0.0008427320521545032],[0.0000570396948922707,0.00018230075834153961,-0.00013842578380530263],[0.0009583951365949,-0.0015746910254648624,-0.0007043062683492005]]
[[-0.0010048246271301454,0.0013788723383586176,0.0008330108489905913],[0.00005635314339462386,0.00018012034212894223,-0.00013676900429695333],[0.0009484714837355215,-0.0015589926804875597,-0.000696241844693638]]
[[-0.0009943859110760583,0.0013655584959160853,0.0008234597321828764],[0.00005567891364348058,0.00017797887541029611,-0.00013514181320802113],[0.0009387069974325778,-0.0015435373713263815,-0.0006883179189748552]]
[[-0.000984114926089446,0.0013524445457667078,0.000814074722628029],[0.00005501671249609171,0.00017587543484740839,-0.00013354350975544694],[0.0009290982135933541,-0.0015283199806141162,-0.000680531212872582]]
[[-0.0009740080187620485,0.0013395264029196672,0.0008048519574828839],[0.000054366255477406944,0.00017380912432884721,-0.00013197341379081072],[0.0009196417632846416,-0.0015133355272485146,-0.0006728785436920732]]
[[-0.0009640616360541515,0.0013268000879977208,0.0007957876860994192],[0.00005372726647426829,0.0001717790740113771,-0.00013043086507519253],[0.0009103343695798832,-0.001498579162009098,-0.0006653568210242267]]
[[-0.0009542723219705759,0.0013142617239384573,0.0007868782661249287],[0.00005309947744212052,0.00016978443940056484,-0.00012891522258360116],[0.0009011728445284553,-0.0014840461633390221,-0.0006579630435413276]]
[[-0.0009446367143653309,0.0013019075328161499,0.0007781201597597489],[0.00005248262812365608,0.00016782440046873685,-0.00012742586383760016],[0.0008921540862416748,-0.0014697319332848868,-0.0006506942959221487]]
[[-0.0009351515418692396,0.0012897338327791576,0.0007695099301653004],[0.000051876465778842934,0.00016589816080856234,-0.00012596218426483218],[0.0008832750760903967,-0.00145563199358772,-0.0006435477459004682]]
[[-0.0009258136209351235,0.0012777370350980696,0.0007610442380155673],[0.00005128074492581159,0.0001640049468206264,-0.0001245235965842087],[0.0008745328760093119,-0.001441741981918696,-0.0006365206414313587]]
[[-0.0009166198529954129,0.0012659136413200188,0.0007527198381855074],[0.000050695227092104766,0.00016214400693344066,-0.00012310953021559676],[0.0008659246259033081,-0.0014280576482534595,-0.0006296103079699107]]
[[-0.0009075672217272859,0.0012542602405247903,0.0007445335765701934],[0.00005011968057581917,0.00016031461085441956,-0.00012171943071289271],[0.0008574475411514667,-0.0014145748513792098,-0.0006228141458573007]]
[[-0.0008986527904206927,0.001242773506678558,0.0007364823870288202],[0.00004955388021619146,0.0001585160488504233,-0.00012035275921942938],[0.0008490989102045012,-0.0014012895555289813,-0.0006161296278093908]]
[[-0.0008898736994448407,0.0012314501960812864,0.0007285632884479977],[0.0000489976071732047,0.00015674763105654144,-0.00011900899194471767],[0.000840876092271636,-0.0013881978271378277,-0.00060955429650328]]
[[-0.000881227163808922,0.0012202871449039823,0.0007207733819190254],[0.00004845064871581163,0.0001550086868118556,-0.00011768761966157078],[0.0008327765150931104,-0.0013752958317158378,-0.0006030857622574547]]
[[-0.0008727104708130914,0.0012092812668122103,0.0007131098480241231],[0.000047912798018391756,0.00015329856402098436,-0.00011638814722270957],[0.0008247976727946996,-0.0013625798308331946,-0.0005967217008014136]]
[[-0.0008643209777858627,0.0011984295506723805,0.0007055699442268207],[0.00004738385396507894,0.00015161662854027243,-0.00011511009309599101],[0.0008169371238207838,-0.001350046179212653,-0.0005904598511308297]]
[[-0.0008560561099042999,0.0011877290583375375,0.0006981510023619631],[0.00004686362096161255,0.0001499622635875413,-0.000113852988917443],[0.0008091924889426873,-0.0013376913219250788,-0.00058429801344452]]
[[-0.0008479133580935312,0.0011771769225094807,0.0006908504262209994],[0.0000463519087543842,0.00014833486917437366,-0.00011261637906133106],[0.0008015614493391471,-0.0013255117916838545,-0.0005782340471596684]]
[[-0.0008398902770022953,0.0011667703446742114,0.0006836656892284388],[0.000045848532256366706,0.00014673386155995334,-0.0001113998202265185],[0.0007940417447459286,-0.0013135042062341648,-0.0005722658690019203]]
[[-0.0008319844830513639,0.0011565065931078264,0.0006765943322055564],[0.00004535331137962782,0.000145158672725529,-0.00011020288103841749],[0.0007866311716717361,-0.0013016652658333554,-0.000566391451167139]]
[[-0.0008241936525518496,0.0011463830009501128,0.0006696339612176169],[0.00004486607087414546,0.00014360874986861632,-0.00010902514166586367],[0.0007793275816777042,-0.0012899917508187291,-0.0005606088195517532]]
[[-0.0008165155198905308,0.0011363969643432,0.0006627822455010652],[0.00004438664017265502,0.0001420835549160958,-0.0001078661934522776],[0.0007721288797178758,-0.0012784805192592957,-0.0005549160520487877]]
[[-0.0008089478757794714,0.0011265459406327738,0.0006560369154673079],[0.000043914853241271934,0.0001405825640554027,-0.00010672563856050695],[0.0007650330225381994,-0.0012671285046881766,-0.000549311276906801]]
[[-0.0008014885655673261,0.0011168274466294306,0.0006493957607798552],[0.00004345054843564513,0.00013910526728304437,-0.00010560308963077325],[0.000758038017131681,-0.0012559327139124751,-0.000543792671149082]]
[[-0.0007941354876098472,0.001107239056927872,0.0006428566285017584],[0.00004299356836240858,0.00013765116796971737,-0.00010449816945117235],[0.0007511419192474387,-0.0012448902248975895,-0.000538358459050586]]
[[-0.0007868865916972196,0.0010977784022817478,0.0006364174213104163],[0.00004254375974570884,0.00013621978244132883,-0.00010341051064020522],[0.0007443428319515108,-0.0012339981847230767,-0.0005330069106702109]]
[[-0.0007797398775359583,0.0010884431680320238,0.0006300760957769616],[0.00004210097329859743,0.00013481063957526159,-0.00010233975534083969],[0.0007376389042373609,-0.0012232538076072854,-0.0005277363404361219]]
[[-0.0007726933932832031,0.0010792310925868702,0.0006238306607075655],[0.00004166506359908603,0.0001334232804112511,-0.0001012855549256259],[0.000731028329684117,-0.0012126543729981212,-0.0005225451057819397]]
[[-0.0007657452341313438,0.0010701399659511267,0.0006176791755441236],[0.00004123588897067267,0.0001320572577762739,-0.00010024756971241271],[0.0007245093451606712,-0.0012021972237274004,-0.0005174316058317109]]
[[-0.0007588935409409978,0.0010611676283034997,0.0006116197488219044],[0.00004081331136715515,0.00013071213592287192,-0.00009922546869023011],[0.0007180802295738426,-0.0011918797642263717,-0.0005123942801316744]]
[[-0.0007521364989204527,0.0010523119686197168,0.000605650536681848],[0.0000403971962615569,0.00012938749018036663,-0.00009821892925492515],[0.0007117393026588959,-0.0011816994588000835,-0.0005074316074269228]]
[[-0.0007454723363497648,0.001043570923339932,0.000599769741435307],[0.00003998741253899832,0.00012808290661844,-0.00009722763695415641],[0.0007054849238107665,-0.001171653829958372,-0.0005025421044811506]]
[[-0.0007388993233477933,0.0010349424750787702,0.0005939756101791342],[0.00003958383239335404,0.0001267979817225823,-0.00009625128524136991],[0.0006993154909544393,-0.0011617404568013525,-0.0004977243249377643]]
[[-0.0007324157706805083,0.0010264246513764282,0.0005882664334590919],[0.000039186331227544254,0.00012553232208093257,-0.00009528957523839702],[0.000693229439452964,-0.0011519569734573607,-0.0004929768582206949]]
[[-0.0007260200286090014,0.0010180155234893527,0.000582640543979675],[0.000038794787557314395,0.00012428554408205474,-0.00009434221550633072],[0.000687225241051687,-0.0011423010675714075,-0.0004882983284733443]]
[[-0.00071971048577568,0.001009713205219049,0.0005770963153585039],[0.00003840908291836462,0.0001230572736232162,-0.00009340892182435116],[0.0006813014028573154,-0.0011327704788422653,-0.00048368739353415275]]
[[-0.0007134855681272003,0.0010015158517776494,0.0005716321609235375],[0.00003802910177669643,0.00012184714582875287,-0.00009248941697618772],[0.0006754564663505038,-0.0011233629976064024,-0.00047914274394734974]]
[[-0.0007073437378727527,0.0009934216586889178,0.0005662465325514292],[0.000037654731442049414,0.00012065480477812434,-0.00009158343054391692],[0.0006696890064307033,-0.0011140764634670422,-0.0004746631020075123]]
[[-0.0007012834924763739,0.0009854288607234257,0.000560937919545423],[0.00003728586198430749,0.00011947990324327953,-0.00009069069870881006],[0.0006639976304920665,-0.0011049087639667052,-0.0004702472208366129]]
[[-0.0006953033636820111,0.0009775357308666767,0.0005557048475512538],[0.00003692238615275807,0.0001183221024349701,-0.00008981096405895567],[0.000658380977529253,-0.0010958578333016469,-0.00046589388349229814]]
[[-0.0006894019165701211,0.0009697405793190192,0.0005505458775095898],[0.00003656419929809406,0.00011718107175766489,-0.00008894397540339554],[0.000652837717272027,-0.0010869216510766841,-0.0004616019021061942]]
[[-0.0006835777486446427,0.0009620417525262206,0.0005454596046436115],[0.000036211199297052354,0.00011605648857273358,-0.00008808948759252258],[0.0006473665493475903,-0.0010780982410989542,-0.0004573701170510889]]
[[-0.000677829488949218,0.000954437632239633,0.0005404446574803862],[0.00003586328647958736,0.0001149480379695817,-0.00008724726134450086],[0.0006419662024696307,-0.0010693856702092147,-0.00045319739613588523]]
[[-0.0006721557972115919,0.0009469266346049057,0.0005354996969047499],[0.00003552036355848292,0.00011385541254443365,-0.00008641706307747834],[0.000636635433653109,-0.0010607820471493393,-0.00044908263382727155]]
[[-0.0006665553630151639,0.0009395072092782609,0.0005306234152444706],[0.000035182335561309374,0.00011277831218647269,-0.00008559866474737163],[0.0006313730274538546,-0.0010522855214647336,-0.00044502475049709896]]
[[-0.0006610269049967071,0.0009321778385693744,0.0005258145353855113],[0.00003484910976463713,0.00011171644387105939,-0.00008479184369101329],[0.00062617779523207,-0.0010438942824404337,-0.00044102269169449807]]
[[-0.0006555691700693048,0.0009249370366099432,0.000521071809916267],[0.00003452059563042137,0.0001106695214597618,-0.00008399638247445879],[0.0006210485744388835,-0.001035606558069705,-0.0004370754274418082]]
[[-0.0006501809326696018,0.0009177833485470567,0.0005163940202996912],[0.00003419670474447674,0.00010963726550694252,-0.00008321206874626105],[0.000615984227925125,-0.001027420614053999,-0.0004331819515534301]]
[[-0.000644860994028499,0.0009107153497605309,0.0005117799760722811],[0.000033877350756963514,0.00010861940307265735,-0.00008243869509552693],[0.0006109836432715355,-0.0010193347528331881,-0.0004293412809767542]]
[[-0.0006396081814644551,0.0009037316451033805,0.0005072285140689242],[0.0000335624493248106,0.00010761566754163124,-0.00008167605891457822],[0.0006060457321396444,-0.0010113473126450118,-0.00042555245515434596]]
[[-0.0006344213476985954,0.0008968308681646552,0.000502738497672658],[0.00003325191805600376,0.00010662579844808741,-0.00008092396226604768],[0.0006011694296425916,-0.0010034566666127427,-0.0004218145354066103]]
[[-0.0006292993701908552,0.0008900116805538781,0.0004983088160884286],[0.00003294567645567005,0.00010564954130621316,-0.00008018221175424664],[0.0005963536937351852,-0.0009956612218600912,-0.000418126604334182]]
[[-0.0006242411504964215,0.0008832727712063636,0.000493938383639974],[0.00003264364587389285,0.0001046866474460574,-0.00007945061840064832],[0.0005915975046225286,-0.000987959418652421,-0.00041448776523932574]]
[[-0.0006192456136417618,0.0008766128557087209,0.0004896261390889942],[0.000032345749455194135,0.00010373687385466032,-0.0000787289975233368],[0.0005868998641865677,-0.0009803497295633812,-0.0004108971415656574]]
[[-0.0006143117075195565,0.0008700306756438643,0.00048537104497580066],[0.00003205191208962332,0.00010279998302222626,-0.00007801716862027792],[0.0005822597954299332,-0.0009728306586660905,-0.00040735387635552276]]
[[-0.0006094384023018826,0.0008635249979548889,0.000481172086980676],[0.00003176206036539479,0.00010187574279315749,-0.00007731495525627444],[0.0005776763419364878,-0.0009654007407480464,-0.00040385713172440155]]
[[-0.0006046246898710156,0.000857094614327189,0.0004770282733051993],[0.000031476122523018,0.00010096392622177346,-0.0000766221849534728],[0.0005731485673479976,-0.0009580585405489625,-0.00040040608835172645]]
[[-0.0005998695832672476,0.0008507383405882181,0.0004729386340728294],[0.000031194028410866894,0.00010006431143254864,-0.00007593868908529477],[0.0005686755548563807,-0.0009508026520207666,-0.0003969999449875346]]
[[-0.0005951721161531361,0.0008444550161243104,0.00046890222074805855],[0.000030915709442137094,0.00009917668148470696,-0.00007526430277367195],[0.0005642564067109989,-0.0009436316976090173,-0.0003936379179743866]]
[[-0.0005905313422936271,0.0008382435033140192,0.0004649181055734856],[0.000030641098553141546,0.00009830082424101908,-0.00007459886478946608],[0.0005598902437404855,-0.0009365443275550383,-0.00039031924078401954]]
[[-0.0005859463350515126,0.0008321026869774226,0.0004609853810241748],[0.00003037013016289739,0.0000974365322406534,-0.00007394221745596276],[0.0005555762048886152,-0.000929539219218076,-0.00038704316356821204]]
[[-0.0005814161868977058,0.0008260314738408912,0.00045710315927869764],[0.00003010274013395835,0.0000965836025759384,-0.00007329420655533067],[0.0005513134467637474,-0.0009226150764168296,-0.00038380895272336696]]
[[-0.0005769400089358342,0.0008200287920168139,0.00045327057170627474],[0.000029838865734449198,0.00009574183677289966,-0.00007265468123794256],[0.000547101143201385,-0.0009157706287897135,-0.00038061589046833216]]
[[-0.0005725169304406741,0.0008140935904978085,0.0004494867683694604],[0.000029578445601260013,0.00009491104067543933,-0.00007202349393445825],[0.0005429384848394141,-0.0009090046311732478,-0.00037746327443500215]]
[[-0.0005681460984099656,0.0008082248386649502,0.0004457509175418334],[0.00002932141970436031,0.00009409102433303226,-0.00007140050027057407],[0.0005388246787056052,-0.0009023158629979824,-0.0003743504172712593]]
[[-0.0005638266771291591,0.0008024215258095743,0.000442062205240175],[0.000029067729312193805,0.00009328160189181666,-0.00007078555898434658],[0.0005347589478169652,-0.000895703127701391,-0.00037127664625582845]]
[[-0.0005595578477486735,0.0007966826606682275,0.000438419834770643],[0.000028817316958117046,0.00009248259148896307,-0.0000701785318460022],[0.0005307405307905565,-0.0008891652521571906,-0.00036824130292464083]]
[[-0.0005553388078732507,0.0007910072709703465,0.00043482302628845924],[0.000028570126407845575,0.00009169381515020851,-0.00006957928358014733],[0.0005267686814654051,-0.000882701086120555,-0.0003652437427083119]]
[[-0.0005511687711630078,0.0007853944029982715,0.0004312710163706563],[0.000028326102627873708,0.0000909150986904488,-0.00006898768179029785],[0.0005228426685351341,-0.0008763095016887203,-0.00036228333458035846]]
[[-0.0005470469669458116,0.0007798431211592044,0.00042776305760143827],[0.000028085191754834338,0.00009014627161728429,-0.00006840359688564844],[0.0005189617751909773,-0.0008699893927764888,-0.0003593594607157898]]
[[-0.0005429726398406043,0.0007743525075687446,0.0004242984181697354],[0.000027847341065767252,0.00008938716703741942,-0.00006782690201000674],[0.0005151252987748371,-0.000863739674606164,-0.00035647151615972864]]
[[-0.0005389450493913249,0.0007689216616456386,0.0004208763814785389],[0.0000276124989492651,0.00008863762156582027,-0.00006725747297281915],[0.0005113325504420599,-0.0008575592832114589,-0.0003536189085057198]]
[[-0.0005349634697110881,0.000763549699717401,0.00041749624576562617],[0.00002738061487746763,0.00008789747523753696,-0.00006669518818221831],[0.0005075828548336206,-0.000851447174954938,-0.00035080105758340785]]
[[-0.0005310271891362905,0.0007582357546364718,0.0004141573237352964],[0.000027151639378875722,0.00008716657142210246,-0.00006613992858002475],[0.0005038755497574148,-0.0008454023260585743,-0.0003480173951552716]]
[[-0.0005271355098903269,0.0007529789754065866,0.00041085894220075394],[0.000026925524011958022,0.00008644475674042171,-0.00006559157757863785],[0.0005002099858783688,-0.0008394237321470083,-0.0003452673646221161]]
[[-0.0005232877477566107,0.0007477785268190493,0.0004076004417367849],[0.000026702221339523766,0.0000857318809840688,-0.00006505002099975345],[0.000496585526417087,-0.0008335104078031181,-0.00034255042073703143]]
[[-0.0005194832317606074,0.0007426335890986066,0.00040438117634239364],[0.000026481684903836478,0.00008502779703691254,-0.00006451514701484819],[0.000493001546856771,-0.0008276613861355191,-0.00033986602932754547]]
[[-0.000515721303860589,0.0007375433575586327,0.00040120051311307015],[0.000026263869202444316,0.00008433236079899423,-0.00006398684608737228],[0.0004894574346581447,-0.0008218757183576269,-0.00033721366702569786]]
[[-0.0005120013186468447,0.0007325070422653443,0.0003980578319223764],[0.000026048729664703345,0.00008364543111258373,-0.00006346501091659515],[0.0004859525889821414,-0.000816152473377928,-0.0003345928210057813]]
[[-0.0005083226430490774,0.0007275238677107763,0.000394952525112549],[0.000025836222628971276,0.00008296686969034264,-0.00006294953638304988],[0.0004824864204201061,-0.0008104907374011189,-0.0003320029887294991]]
[[-0.0005046846560517312,0.0007225930724942529,0.000391883997193827],[0.000025626305320449853,0.00008229654104552686,-0.00006244031949552496],[0.00047905835073128135,-0.0008048896135397798,-0.00032944367769830205]]
[[-0.0005010867484170091,0.0007177139090121067,0.0003888516645522266],[0.000025418935829654888,0.00008163431242416188,-0.00006193725933955309],[0.0004756678125873542,-0.0007993482214362686,-0.00032691440521267356]]
[[-0.0004975283224153336,0.0007128856431553917,0.0003858549551654862],[0.000025214073091493615,0.00008098005373912779,-0.0000614402570273489],[0.00047231424932383994,-0.0007938656968945196,-0.00032441469813813734]]
[[-0.0004940087915630329,0.0007081075540153676,0.0003828933083269299],[0.00002501167686493002,0.00008033363750609256,-0.00006094921564914965],[0.0004689971146981028,-0.0007884411915214601,-0.0003219440926777802]]
[[-0.00049052758036702,0.0007033789335965117,0.000379966174376989],[0.00002481170771321918,0.00007969493878123466,-0.00006046404022591339],[0.0004657158726538008,-0.0007830738723777464,-0.0003195021341510756]]
[[-0.00048708412407625994,0.0006986990865368507,0.00037707301444214704],[0.000024614126984692593,0.00007906383510069801,-0.00005998463766333203],[0.00046246999709156737,-0.0007777629216375487,-0.00031708837677881505]]
[[-0.00048367786843981215,0.0006940673298353885,0.00037421330018106775],[0.00002441889679407699,0.00007844020642172459,-0.000059510916707117745],[0.00045925897164573516,-0.0007725075362571131,-0.00031470238347395]]
[[-0.0004803082694712537,0.0006894829925864316,0.00037138651353768544],[0.0000242259800043297,0.00007782393506541142,-0.000059042787899521886],[0.000456082289466924,-0.0007673069276518431,-0.00031234372563816357]]
[[-0.0004769747932192875,0.0006849454157206049,0.0003685921465010379],[0.000024035340208974415,0.00007721490566104133,-0.00005858016353704873],[0.00045293945301031315,-0.0007621603213816462,-0.0003100119829639892]]
[[-0.00047367691554435124,0.0006804539517523707,0.0003658297008716311],[0.000023846941714921573,0.00007661300509193773,-0.00005812295762932573],[0.00044982997382942964,-0.0007570669568443085,-0.0003077067432423054]]
[[-0.00047041412190104714,0.000676007964533862,0.00036309868803413597],[0.00002366074952575826,0.00007601812244279634,-0.00005767108585909489],[0.0004467533723752889,-0.0007520260869766583,-0.0003054276021750411]]
[[-0.00046718590712621774,0.0006716068290148443,0.0003603986287362179],[0.000023476729325493035,0.00007543014894844768,-0.00005722446554329023],[0.00044370917780072475,-0.0007470369779632919,-0.0003031741631929276]]
[[-0.0004639917752325023,0.0006672499310086402,0.0003577290528733134],[0.000023294847462741514,0.00007484897794400607,-0.000056783015595167656],[0.0004406969277697608,-0.0007420989089526463,-0.00030094603727814575]]
[[-0.00046083123920720833,0.0006629366669638379,0.0003550894992791693],[0.00002311507093533921,0.00007427450481636272,-0.000056346656487455074],[0.00043771616827186914,-0.0007372111717802006,-0.00029874284279171425]]
[[-0.000457703820816346,0.0006586664437416275,0.0003524795155219707],[0.00002293736737536841,0.0000737066269569812,-0.00005591531021649142],[0.0004347664534409776,-0.0007323730706986086,-0.0002965642053054793]]
[[-0.00045460905041366887,0.0006544386783985991,0.00034989865770588527],[0.000022761705034586334,0.00007314524371595569,-0.00005548890026732398],[0.00043184734537908255,-0.0007275839221145548,-0.0002944097574385613]]
[[-0.00045154646675457774,0.0006502527979748545,0.00034734649027786123],[0.000022588052770242577,0.00007259025635729364,-0.00005506735157973563],[0.00042895841398433516,-0.0007228430543321482,-0.0002922791386981256]]
[[-0.0004485156168147447,0.0006461082392872803,0.00034482258583952023],[0.000022416380031273716,0.0000720415680153855,-0.00005465059051517287],[0.00042609923678347096,-0.0007181498073026658,-0.00029017199532434734]]
[[-0.0004455160556133202,0.0006420044487278401,0.0003423265249639914],[0.00002224665684486381,0.00007149908365262553,-0.000054238544824548234],[0.00042326939876845634,-0.0007135035323804655,-0.00028808798013944315]]
[[-0.00044254734604059294,0.0006379408820667469,0.0003398578960175402],[0.000022078853803359747,0.00007096271001814946,-0.000053831143616890224],[0.0004204684922372332,-0.0007089035920848964,-0.00028602675240065]]
[[-0.0004396090586899686,0.000633917004260375,0.00033741629498584467],[0.000021912942051530692,0.00007043235560765483,-0.0000534283173288156],[0.0004176961166384379,-0.0007043493598680299,-0.0002839879776570291]]
[[-0.0004367007716941506,0.0006299322892637891,0.00033500132530478753],[0.000021748893274161446,0.0000699079306242723,-0.00005302999769479945],[0.00041495187841998914,-0.0006998402198880614,-0.0002819713276099881]]
[[-0.0004338220705653957,0.0006259862198477553,0.0003326125976956237],[0.000021586679683969622,0.00006938934694045611,-0.00005263611771821922],[0.0004122353908814261,-0.0006953755667882113,-0.00027997647997740453]]
[[-0.0004309725480397344,0.0006220782874201157,0.00033024973000439825],[0.000021426274009837153,0.00006887651806086386,-0.00005224661164314985],[0.00040954627402989724,-0.0006909548054809796,-0.0002780031183612484]]
[[-0.00042815180392503975,0.0006182079918514084,0.00032791234704548884],[0.000021267649485346687,0.00006836935908619598,-0.00005186141492688774],[0.00040688415443969307,-0.0006865773509376043,-0.0002760509321186011]]
[[-0.00042535944495283596,0.0006143748413046118,0.00032560008044915114],[0.000021110779837613982,0.00006786778667796687,-0.00005148046421318215],[0.00040424866511522197,-0.0006822426279825786,-0.00027411961623596896]]
[[-0.0004225950846337434,0.0006105783520689055,0.0003233125685129504],[0.00002095563927640748,0.00006737171902418038,-0.000051103697306153196],[0.0004016394453573359,-0.0006779500710930858,-0.00027220887120679715]]
[[-0.00041985834311645637,0.0006068180483973411,0.00032104945605696797],[0.00002080220248354684,0.000066881075805883,-0.000050731053144876676],[0.0003990561406329095,-0.0006736991242032241,-0.0002703184029120913]]
[[-0.00041714884705015446,0.0006030934623483113,0.00031881039428267047],[0.00002065044460257204,0.00006639577816456934,-0.000050362471778615824],[0.00039649840244758243,-0.0006694892405128806,-0.00026844792250405465]]
[[-0.00041446622945025274,0.0005994041336307204,0.0003165950406353383],[0.000020500341228675392,0.0000659157486704151,-0.00004999789434268173],[0.00039396588822157737,-0.0006653198823011355,-0.0002665971462926565]]
[[-0.00041181012956739764,0.0005957496094527559,0.00031440305866994975],[0.00002035186839888877,0.00006544091129131378,-0.00004963726303490393],[0.0003914582611685089,-0.0006611905207440696,-0.0002647657956350458]]
[[-0.00040918019275961907,0.0005921294443741638,0.0003122341179204235],[0.000020205002582518608,0.00006497119136269353,-0.00004928052109269373],[0.0003889751901771004,-0.0006571006357368573,-0.0002629535968277298]]
[[-0.0004065760703675501,0.0005885432001619372,0.0003100878937721199],[0.000020059720671821724,0.00006450651555809223,-0.0000489276127706832],[0.00038651634969572837,-0.0006530497157200295,-0.0002611602810014367]]
[[-0.00040399741959263306,0.000584990445649325,0.00030796406733751304],[0.00001991599997291487,0.00006404681186046882,-0.000048578483318923466],[0.0003840814196197182,-0.0006490372575097937,-0.00025938558401858956]]
[[-0.0004014439033782253,0.0005814707565980727,0.00030586232533493933],[0.00001977381819691148,0.00006359200953423,-0.00004823307896162627],[0.0003816700851813138,-0.0006450627661323026,-0.000257629246373313]]
[[-0.00039891519029353306,0.0005779837155638177,0.0003037823599703404],[0.00001963315345127907,0.0000631420390979519,-0.00004789134687643344],[0.00037928203684225396,-0.0006411257546617696,-0.00025589101309390693]]
[[-0.0003964109544202866,0.0005745289117645437,0.00030172386882190987],[0.00001949398423141105,0.0000626968322977771,-0.00004755323517419926],[0.00037691697018887556,-0.0006372257440623208,-0.0002541706336477106]]
[[-0.00039393087524209225,0.0005711059409520252,0.000299686554727569],[0.000019356289412406962,0.00006225632208146813,-0.00004721869287927156],[0.0003745745858296853,-0.0006333622630334934,-0.00025246786184829746]]
[[-0.0003914746375363819,0.0005677144052861805,0.00029767012567518807],[0.00001922004824105508,0.00006182044257309841,-0.00004688766991025695],[0.00037225458929532687,-0.0006295348478592788,-0.0002507824557649311]]
[[-0.00038904193126889405,0.0005643539132122563,0.0002956742946954775],[0.000019085240328011985,0.00006138912904836361,-0.0000465601170612573],[0.00036995669094088204,-0.0006257430422606199,-0.0002491141776342202]]
[[-0.0003866324514906156,0.0005610240793407722,0.0002936987797574762],[0.000018951845640173302,0.00006096231791049541,-0.000046235985983563886],[0.0003676806058504423,-0.0006219863972512676,-0.0002474627937739123]]
[[-0.0003842458982371227,0.0005577245243301547,0.00029174330366656446],[0.000018819844493230537,0.00006053994666676138,-0.000045915229167796674],[0.00036542605374389217,-0.000618264470996916,-0.00024582807449876774]]
[[-0.00038188197643025174,0.0005544548747719902,0.00028980759396493057],[0.00001868921754440867,0.00006012195390553437,-0.000045597799926476347],[0.0003631927588858431,-0.0006145768286775246,-0.00024420979403845424]]
[[-0.00037954039578204233,0.0005512147630788302,0.00028789138283442613],[0.000018559945785379545,0.000059708279273915955,-0.00004528365237701712],[0.00036098044999666277,-0.0006109230423527462,-0.000242607730457409]]
[[-0.00037722087070089186,0.0005480038273744859,0.0002859944070017434],[0.000018432010535346246,0.00005929886345589849,-0.00004497274142512878],[0.00035878886016554564,-0.0006073026908303844,-0.00024102166557661466]]
[[-0.0003749231201998607,0.0005448217113867434,0.00028411640764585013],[0.000018305393434293806,0.000058893648151051256,-0.00004466502274861688],[0.0003566177267655669,-0.0006037153595377946,-0.00023945138489723326]]
[[-0.0003726468678070746,0.0005416680643424457,0.00028225713030762353],[0.000018180076436401505,0.00005849257605371602,-0.00004436045278156988],[0.0003544667913706731,-0.0006001606403961617,-0.00023789667752605365]]
[[-0.00037039184147816826,0.0005385425408648755,0.00028041632480162084],[0.000018056041803612548,0.00005809559083269843,-0.00004405898869892302],[0.00035233579967455575,-0.000596638131697574,-0.0002363573361026978]]
[[-0.000368157773510716,0.0005354448008733838,0.0002785937451299311],[0.000017933272099356792,0.000057702637111441685,-0.00004376058840138866],[0.00035022450141135926,-0.0005931474379848255,-0.00023483315672854244]]
