[[0.8579045953437567,0.9506839938510835,3.2717782348522135],[0.4781456146359225,-1.2286130825353299,-4.615595572868874],[-1.3360502099796792,0.2779290886842464,1.3438173380166605]]
[[-0.7677500013938385,0.5964415366186202,2.7788406699006716],[2.095895199624387,-1.1302433418334301,-4.508445107827512],[-1.328145198230548,0.5338018052148099,1.7296044379268412]]
[[-3.868480317044745,0.15191284173934327,2.340542596619829],[4.972305030669456,-1.0110598812098,-4.4749267880085615],[-1.1038247136247108,0.8591470394704567,2.1343841913887323]]
[[-11.4913510185266,-1.3353146183992668,-1.6500337473619553],[12.400255614024976,0.11915778879735534,-0.8485513796096336],[-0.9089045954983761,1.2161568296019114,2.498585126971589]]
[[3.888989826689421,-4.079447556200459,-14.601934033301344],[-3.2473548013968925,1.1693668118624452,10.34437484354163],[-0.6416350252925285,2.910080744338014,4.257559189759716]]
[[7.043751739868938,-3.799907891920429,-6.934439804804244],[-9.307944891907,-1.4272746077972602,1.236168895940488],[2.2641931520380636,5.2271824997176894,5.698270908863757]]
[[-19.127040857687508,-28.88438355539103,18.67834174527431],[-11.822657742720668,-0.8889545341289392,-0.9058530788408429],[30.949698600408176,29.773338089519967,-17.772488666433468]]
[[2.936347835745539,3.277009092024354,0.03941480330820961],[-1.9997525401052276,0.5824001061853101,-0.03320023613862088],[-0.9365952956403113,-3.859409198209664,-0.006214567169588726]]
[[0.8196339786799878,1.564951308814359,-0.07186845552980685],[-0.43032664223223865,-0.883689057204051,0.05695596664746506],[-0.3893073364477492,-0.681262251610308,0.014912488882341791]]
[[0.3176378187198666,0.89890206108881,-0.06119151411697122],[-0.14377222669775164,-0.6341891215293706,0.05300415966997794],[-0.173865592022115,-0.2647129395594394,0.008187354446993277]]
[[0.14952251681922588,0.582148081087112,-0.04668458930466487],[-0.05278985362098797,-0.44229572559522123,0.04166205621692088],[-0.09673266319823792,-0.13985235549189085,0.005022533087743987]]
[[0.0791737522507642,0.4089123172576642,-0.035993018258030605],[-0.017856814721412373,-0.32247817934176864,0.03261287399207054],[-0.06131693752935183,-0.08643413791589556,0.003380144265960069]]
[[0.045119019391775705,0.3040123215729588,-0.028447625324007225],[-0.0028517604072515676,-0.24527960095740373,0.02601960010609652],[-0.042267258984524145,-0.05873272061555512,0.0024280252179107063]]
[[0.02689767444379358,0.23558474137390734,-0.023030002921510966],[0.00397973077646715,-0.19305956530035698,0.021201583241137856],[-0.030877405220260733,-0.042525176073550344,0.00182841968037311]]
[[0.016422186960554523,0.1883812018565833,-0.01903448680655095],[0.007113388373263125,-0.15615807279504434,0.01760777551107085],[-0.02353557533381765,-0.03222312906153898,0.0014267112954801013]]
[[0.010071302779961598,0.15437841000412236,-0.01600965013736125],[0.008458766802110879,-0.12911197675200375,0.014865164699370156],[-0.018530069582072477,-0.025266433252118595,0.001144485437991097]]
[[0.006063906261012308,0.12902808131672056,-0.013665559315458186],[0.008902120226559961,-0.10868113734073187,0.012726937267263894],[-0.01496602648757227,-0.020346943975988695,0.0009386220481942923]]
[[0.0034575783647063894,0.1095935613414407,-0.011811678383436415],[0.008881475645323229,-0.0928543253579206,0.011027843865003132],[-0.012339054010029618,-0.016739235983520104,0.0007838345184332822]]
[[0.0017237536176899588,0.09434635295342922,-0.010319404375002663],[0.008623657245233257,-0.08033180891394436,0.009654901949061693],[-0.010347410862923215,-0.014014544039484858,0.0006645024259409721]]
[[0.0005515782100741474,0.082149935821508,-0.009099650922991791],[0.008250081184369746,-0.07024378567138807,0.008529096773208041],[-0.008801659394443894,-0.01190615015011992,0.0005705541497837514]]
[[-0.00024908570774583635,0.07223133112065575,-0.008089209646410253],[0.007827107190832317,-0.06199029991885158,0.007593950912059921],[-0.007578021483086481,-0.010241031201804175,0.0004952587343503321]]
[[-0.0007984336885340868,0.0640494532829215,-0.007242251577499812],[0.007391290920997037,-0.05514651322774022,0.006808272757502878],[-0.0065928572324629505,-0.008902940055181288,0.00043397881999693316]]
[[-0.001174599608919183,0.05721602478302104,-0.0065248964725322794],[0.006962605439135697,-0.04940460825099765,0.006141461668402362],[-0.005788005830216514,-0.007811416532023391,0.00038343480412991705]]
[[-0.0014296025415328735,0.05144633817850184,-0.005911657017542834],[0.006551613391617845,-0.04453701027295819,0.00557040298115455],[-0.005122010850084972,-0.006909327905543645,0.00034125403638828327]]
[[-0.0015987941568455742,0.04652763287257897,-0.005383057030537662],[0.00616347230623019,-0.04037243869164182,0.0050773715313296285],[-0.004564678149384616,-0.006155194180937152,0.0003056854992080335]]
[[-0.0017066294673626474,0.042298223389050094,-0.00492400221701615],[0.005800224364759713,-0.03677991641233488,0.004648588207264143],[-0.004093594897397066,-0.005518306976715216,0.0002754140097520074]]
[[-0.0017702876316260266,0.03863338749075782,-0.004522644065821407],[0.005462129533125743,-0.03365785043329695,0.0042732079141085165],[-0.0036918419014997155,-0.004975537057460873,0.00024943615171289004]]
[[-0.0018019983066535259,0.035435617665579,-0.004169573565322653],[0.0051484520100175905,-0.030926423516585734,0.003942598007872884],[-0.003346453703364065,-0.0045091941489932615,0.00022697555744976785]]
[[-0.0018105681609575826,0.03262775599189027,-0.0038572397083085925],[0.004857927809691289,-0.028522195623968988,0.003649815815383772],[-0.003047359648733706,-0.004105560367921285,0.0002074238929248205]]
[[-0.001802401595636686,0.030148074987389466,-0.0035795238863113622],[0.004589043216629332,-0.026394209662652143,0.0033892248844448795],[-0.0027866416209926456,-0.003753865324737323,0.00019029900186648283]]
[[-0.001782194903287521,0.027946697044099612,-0.003331424136346992],[0.004340199577726989,-0.02450113992949606,0.0031562094030429225],[-0.0025580046744394687,-0.003445557114603548,0.00017521473330406914]]
[[-0.001753415593550414,0.02598295068883733,-0.0031088179496286316],[0.0041098091343697764,-0.022809175277818325,0.002946959082275796],[-0.002356393540819363,-0.0031737754110190046,0.00016185886735283573]]
[[-0.001718637966576459,0.024223392902436483,-0.0029082820357676027],[0.0038963487849042783,-0.021290427850708442,0.0027583052895291758],[-0.0021777108183278194,-0.002932965051728041,0.0001499767462384272]]
[[-0.0016797809999288676,0.022640311867059743,-0.00272695390250409],[0.003698388160445836,-0.019921723002468538,0.002587594917630016],[-0.002018607160516968,-0.0027185888645912043,0.00013935898487407408]]
[[-0.0016382789104918399,0.021210580867203878,-0.0025624244967809135],[0.003514602096058805,-0.018683669238790092,0.0024325923581604947],[-0.001876323185566965,-0.0025269116284137878,0.00012983213862041872]]
[[-0.0015952047141393802,0.019914772008953894,-0.002412654170950172],[0.003343773746918092,-0.01755993629515382,0.0022914026291824827],[-0.0017485690327787118,-0.002354835713800074,0.00012125154176768977]]
[[-0.001551360580785163,0.018736464361865202,-0.0022759063429230197],[0.0031847922395855954,-0.016536689623477378,0.0021624105848579815],[-0.0016334316588004325,-0.0021997747383878264,0.00011349575806503828]]
[[-0.0015073444756241684,0.017661699119760444,-0.0021506947059629043],[0.0030366472811572155,-0.015602143612876675,0.0020442324645867124],[-0.0015293028055330471,-0.0020595555068837687,0.00010646224137619153]]
[[-0.0014635996941898646,0.016678547022972653,-0.002035740906566267],[0.002898422229117744,-0.014746205801395663,0.00193567699267158],[-0.0014348225349278794,-0.0019323412215769922,0.00010006391389468674]]
[[-0.001420451943227366,0.015776762283969563,-0.001929940376908431],[0.002769286544676505,-0.013960191436476761,0.0018357139302970142],[-0.001348834601449139,-0.0018165708474928016,0.0000942264466114167]]
[[-0.001378137276667699,0.014947503736708752,-0.0018323345691708516],[0.002648488185368702,-0.013236592876238289,0.001743448487211385],[-0.0012703509087010037,-0.001710910860470463,0.0000888860819594667]]
[[-0.0013368232635923333,0.01418310864416209,-0.0017420882526165055],[0.002535346260422792,-0.012568892074919954,0.001658100374132659],[-0.0011985229968304585,-0.0016142165692421351,0.00008398787848384674]]
[[-0.001296625110741868,0.013476908063448673,-0.0016584708420347954],[0.002429244125832199,-0.01195140716365688,0.0015789865554953117],[-0.001132619015090331,-0.0015255008997917914,0.00007948428653948366]]
[[-0.0012576179983764032,0.0128230752390943,-0.0015808409571900646],[0.002329623004323173,-0.01137916619877239,0.0015055069716695998],[-0.00107200500594677,-0.0014439090403219087,0.00007533398552046477]]
[[-0.0012198465565815718,0.012216500419748418,-0.001508633587736919],[0.002235976158814683,-0.010847802697871094,0.001437132658614635],[-0.0010161296022331112,-0.0013686977218773247,0.00007150092912228378]]
[[-0.0011833321697850376,0.01165268694679787,-0.001441349371400142],[0.00214784361392069,-0.010353468756361967,0.0013733958142535983],[-0.0009645114441356524,-0.0012992181904359016,0.00006795355714654374]]
[[-0.0011480786231705142,0.011127664569021782,-0.0013785455956516017],[0.0020648074004315656,-0.009892762431722935,0.001313881454208682],[-0.0009167287772610514,-0.0012349021372988476,0.00006466414144291983]]
[[-0.0011140764770934642,0.01063791678509473,-0.0013198286123589818],[0.0019864872872767418,-0.009462666770600212,0.0012582203718489165],[-0.0008724108101832773,-0.001175250014494518,0.0000616082405100652]]
[[-0.0010813064614261035,0.010180319670196215,-0.0012648474165869806],[0.0019125369608082772,-0.009060498386234656,0.0012060831739903368],[-0.0008312304993821737,-0.0011198212839615585,0.000058764242596643574]]
[[-0.0010497421117734254,0.009752090151660172,-0.0012132881890828452],[0.0018426406101438577,-0.008683863908540404,0.0011571752078259959],[-0.0007928984983704324,-0.001068226243119769,0.000056112981256849376]]
[[-0.001019351817163308,0.009350742096492398,-0.0011648696400910342],[0.0017765098783360904,-0.008330622954411296,0.0011112322295751026],[-0.0007571580611727823,-0.0010201191420811028,0.00005363741051593175]]
[[-0.0009901004094389223,0.008974048886710087,-0.0011193390223550041],[0.0017138811413695935,-0.007998856522359567,0.0010680166930469776],[-0.0007237807319306713,-0.0009751923643505189,0.0000513223293080264]]
[[-0.0009619503947932489,0.008620011406298004,-0.0010764687052448039],[0.0016545130798388606,-0.0076868399190655684,0.0010273145584215886],[-0.0006925626850456116,-0.0009331714872324363,0.000049154146823215245]]
[[-0.0009348629052303556,0.008286830560819783,-0.001036053221241206],[0.001598184511256838,-0.007393019487679983,0.000988932539276319],[-0.0006633216060264824,-0.0008938110731397997,0.0000471206819648869]]
[[-0.0009087984304223619,0.007972883608524238,-0.0009979067115393192],[0.001544692454058547,-0.007115992537786272,0.0009526957201751975],[-0.0006358940236361852,-0.0008568910707379667,0.00004521099136412169]]
[[-0.0008837173771342269,0.0076767037086635905,-0.0009618607100986738],[0.0014938503973606584,-0.006854489981700997,0.0009184454887037691],[-0.0006101330202264314,-0.0008222137269625938,0.000043415221394904664]]
[[-0.0008595804931330827,0.007396962195242971,-0.0009277622156760078],[0.00144548675334223,-0.006607361266582074,0.0008860377352400253],[-0.0005859062602091472,-0.000789600928660897,0.000041724480435982456]]
[[-0.000836349184556342,0.007132453167609744,-0.0008954720097086342],[0.0013994434716875243,-0.006373561260747347,0.0008553412814353273],[-0.0005630942871311822,-0.0007588919068623973,0.00004013072827330686]]
[[-0.0008139857495378768,0.006882080057102496,-0.0008648631847439584],[0.0013555747978672619,-0.006152138808887302,0.0008262365046808363],[-0.0005415890483293851,-0.0007299412482151934,0.00003862668006312203]]
[[-0.0007924535460733822,0.0066448438844882544,-0.0008358198537282405],[0.0013137461591326927,-0.005942226716998292,0.0007986141310235816],[-0.0005212926130593104,-0.0007026171674899628,0.00003720572270465885]]
[[-0.0007717171083338777,0.006419832968537754,-0.0008082360151073],[0.0012738331639691916,-0.0057430329658429945,0.0007723741732848006],[-0.000502116055635314,-0.0006768000026947595,0.000035861841822499426]]
[[-0.0007517422226737215,0.006206213883729087,-0.0007820145525378957],[0.0012357207024188508,-0.0055538329831265176,0.000747424994690675],[-0.0004839784797451293,-0.0006523809006025691,0.00003458955784722065]]
[[-0.0007324959722460849,0.0060032234962414995,-0.0007570663512080006],[0.0011993021361530974,-0.005373962830600906,0.0007236824812870371],[-0.0004668061639070126,-0.0006292606656405931,0.000033383869920963534]]
[[-0.0007139467572959711,0.005810161933307805,-0.0007333095154349856],[0.0011644785684754363,-0.00520281318396892,0.0007010693088833195],[-0.0004505318111794652,-0.0006073487493388845,0.000032240206551666155]]
[[-0.0006960642967419403,0.005626386362599212,-0.0007106686744474091],[0.0011311581855792314,-0.00503982400154344,0.0006795142923439499],[-0.0004350938888372911,-0.0005865623610557711,0.00003115438210345918]]
[[-0.0006788196155001353,0.005451305476394493,-0.000689074365135312],[0.0010992556613931808,-0.004884479792770761,0.000658951806788059],[-0.0004204360458930455,-0.0005668256836237329,0.000030122558347252968]]
[[-0.0006621850210839921,0.005284374590460471,-0.0006684624821375159],[0.0010686916192335946,-0.004736305410460154,0.0006393212717277719],[-0.0004065065981496025,-0.0005480691800003169,0.00002914121040974397]]
[[-0.0006461340722801833,0.005125091280348294,-0.0006487737869728885],[0.0010393921442621197,-0.00459486230129688,0.0006205666904179984],[-0.0003932580719819363,-0.0005302289790514142,0.00002820709655489011]]
[[-0.0006306415421169071,0.004972991488600958,-0.0006299534690570643],[0.0010112883414330224,-0.004459745158291897,0.0006026362377445131],[-0.00038064679931611536,-0.0005132463303090614,0.000027317231312551103]]
[[-0.000615683376874003,0.004827646045506888,-0.0006119507524103975],[0.0009843159342170765,-0.004330578926516992,0.0005854818908733332],[-0.0003686325573430733,-0.0004970671189898953,0.00002646886153706436]]
[[-0.0006012366525114034,0.004688657553796465,-0.0005947185426847119],[0.0009584148999195398,-0.004207016120016687,0.0005690590976485604],[-0.0003571782474081364,-0.0004816414337797778,0.000025659445036151532]]
[[-0.0005872795295942197,0.004555657594288685,-0.0005782131098385757],[0.0009335291378767593,-0.004088734413365885,0.0005533264783791101],[-0.00034624960828253965,-0.00046692318092280056,0.000024886631459465546]]
[[-0.0005737912075541732,0.004428304215138767,-0.0005623938023922621],[0.0009096061672272983,-0.00397543447610896,0.0005382455572145449],[-0.00033581495967312507,-0.00045286973902980686,0.000024148245177717145]]
[[-0.000560751878936287,0.00430627967216857,-0.0005472227897099842],[0.0008865968513162062,-0.003866838022400338,0.0005237805197911417],[-0.00032584497237991914,-0.0004394416497682311,0.00002344226991884249]]
[[-0.0005481426841272186,0.004189288391906671,-0.0005326648292014424],[0.0008644551461110587,-0.003762686051674276,0.0005098979942433842],[-0.0003163124619838402,-0.00042660234023239536,0.000022766834958058238]]
[[-0.0005359456669397564,0.004077055132530108,-0.0005186870557181046],[0.0008431378702909906,-0.003662737259191303,0.0004965668530333991],[-0.00030719220335123426,-0.0004143178733388051,0.000022120202684705498]]
[[-0.0005241437313308792,0.0039693233209730115,-0.0005052587907510941],[0.0008226044949197964,-0.0035667665979142,0.0004837580333599171],[-0.0002984607635889172,-0.0004025567230588109,0.000021500757391177066]]
[[-0.0005127205994534409,0.0038658535471226317,-0.0004923513693247025],[0.000802816950835205,-0.0034745639754194006,0.00047144437417619],[-0.00029009635138176407,-0.00039128957170323094,0.000020906995148512433]]
[[-0.0005016607711801897,0.0037664221983220725,-0.0004799379827288278],[0.0007837394520822278,-0.003385933071501936,0.000459600468078929],[-0.0002820786809020381,-0.00038048912682013634,0.000020337514649898814]]
[[-0.0004909494851903474,0.003670820219393795,-0.00046799353545052196],[0.0007653383338920972,-0.003300690263827462,0.0004482025265327974],[-0.0002743888487017498,-0.0003701299555663333,0.00001979100891772453]]
[[-0.00048057268167080733,0.003578851985131982,-0.0004564945148538274],[0.0007475819038623842,-0.0032186636504598527,0.0004372282570715047],[-0.0002670092221915769,-0.00036018833467212937,0.000019266257782322613]]
[[-0.0004705169666541962,0.003490334273722608,-0.0004454188723221742],[0.0007304403051308108,-0.0031396921593789735,0.00042665675127078015],[-0.0002599233384766147,-0.00035064211434363446,0.000018762121051394014]]
[[-0.00046076957799291116,0.0034050953308684,-0.00043474591472201363],[0.0007138853904570451,-0.0030636247362263304,0.0004164683824234683],[-0.000253115812464134,-0.00034147059464206917,0.000018277532298545334]]
[[-0.00045131835295052973,0.0033229740155488905,-0.0004244562051729531],[0.0006978906062352293,-0.0029903196024993594,0.00040664471196534004],[-0.0002465722532846996,-0.00033265441304953125,0.000017811493207613086]]
[[-0.00044215169737855345,0.00324381901935566,-0.00041453147222079805],[0.0006824308855566425,-0.0029196435772767134,0.00039716840380415455],[-0.00024027918817808898,-0.0003241754420789465,0.0000173630684166435]]
[[-0.0004332585564365205,0.0031674881522291537,-0.00040495452660765637],[0.0006674825495281786,-0.0028514714563136426,0.0003880231457959603],[-0.00023422399309165802,-0.0003160166959155113,0.000016931380811696065]]
[[-0.00042462838680633206,0.0030938476882025846,-0.000395709184919376],[0.0006530232161293793,-0.0027856854430121994,0.0003791935776932135],[-0.00022839482932304728,-0.0003081622451903852,0.000016515607226162466]]
[[-0.0004162511303466718,0.003022771765444481,-0.0003867801994665846],[0.000639031715959684,-0.002722174626357587,0.00037066522496044096],[-0.00022278058561301222,-0.0003005971390868939,0.000016114974506143687]]
[[-0.00040811718913017246,0.0029541418354965027,-0.0003781531938227598],[0.0006254880142892523,-0.0026608345014295844,0.00036242443791606346],[-0.00021737082515907983,-0.00029330733406691815,0.000015728755906696316]]
[[-0.0004002174018041432,0.002887846157137639,-0.0003698146035022027],[0.0006123731388820142,-0.002601566528555574,0.00035445833571468277],[-0.00021215573707787102,-0.0002862796285820656,0.000015356267787519972]]
[[-0.00039254302121491505,0.002823779330778878,-0.00036175162131350596],[0.0005996691131092064,-0.0025442777275768466,0.0003467547547335282],[-0.0002071260918942914,-0.00027950160320203143,0.00001499686657997773]]
[[-0.00038508569323593726,0.0027618418697113807,-0.0003539521469708776],[0.0005873588939161911,-0.0024888803040589752,0.0003393022009706022],[-0.00020227320068025382,-0.0002729615656524057,0.000014649946000275465]]
[[-0.00037783743674049935,0.002701939804903165,-0.000346404740587303],[0.0005754263142454168,-0.0024352913045960524,0.00033208980610107867],[-0.00019758887750491742,-0.00026664850030711217,0.000014314934486224302]]
[[-0.0003707906246611578,0.002643984320369662,-0.0003390985797105464],[0.0005638560295543991,-0.0023834322986421353,0.0003251072868732328],[-0.0001930654048932414,-0.00026055202172752646,0.00001399129283731358]]
[[-0.0003639379660795434,0.0025878914164376883,-0.000332023419596029],[0.000552633468100075,-0.002333229084555805,0.0003183449075561621],[-0.0001886955020205316,-0.00025466233188188293,0.000013678512039866904]]
[[-0.0003572724892920528,0.0025335815984843485,-0.000325169556440083],[0.0005417447846901296,-0.002284611417768868,0.0003117934451792109],[-0.00018447229539807685,-0.0002489701807154806,0.000013376111260872105]]
[[-0.00035078752579898056,0.0024809795889663717,-0.0003185277933234493],[0.0005311768176283456,-0.002237512759191344,0.0003054441573277541],[-0.00018038929182936513,-0.0002434668297750277,0.000013083635995695183]]
[[-0.0003444766951667524,0.0024300140607641904,-0.0003120894086384452],[0.0005209170486048371,-0.002191870042144504,0.0002992887522821137],[-0.00017644035343808472,-0.0002381440186196865,0.000012800656356331517]]
[[-0.0003383338907151759,0.0023806173900521735,-0.00030584612679439283],[0.0005109535653036627,-0.0021476234562747263,0.00029331936130625656],[-0.0001726196745884868,-0.00023299393377744726,0.000012526765488136317]]
[[-0.0003323532659838173,0.0023327254270737283,-0.0002997900910148285],[0.000501275026519794,-0.002104716247045002,0.0002875285129107007],[-0.00016892176053597674,-0.00022800918002872624,0.000012261578104127831]]
[[-0.0003265292219338766,0.0022862772833503056,-0.0002939138380570738],[0.0004918706295951429,-0.0020630945295304123,0.00028190910893008576],[-0.00016534140766126632,-0.00022318275381989338,0.00001200472912698804]]
[[-0.00032085639484411265,0.0022412151339881075,-0.0002882102747000491],[0.000482730079999369,-0.0020227071153600573,0.0002764544022702404],[-0.00016187368515525633,-0.00021850801862804996,0.000011755872429808694]]
[[-0.0003153296448615412,0.0021974840338675867,-0.000282672655860012],[0.0004738435628957666,-0.0019835053517525156,0.0002711579761925524],[-0.0001585139180342254,-0.0002139786821150712,0.000011514679667459597]]
[[-0.0003099440451697104,0.0021550317466099266,-0.0002772945642063315],[0.00046520171654574054,-0.001945442971686025,0.0002660137250151313],[-0.00015525767137603008,-0.0002095887749239017,0.000011280839191200167]]
[[-0.0003046948717393903,0.0021138085853129904,-0.0002720698911606243],[0.0004567956074174117,-0.001908475954329447,0.0002610158361207998],[-0.0001521007356780214,-0.0002053326309835433,0.000011054055039824475]]
[[-0.0002995775936284544,0.0020737672641379387,-0.0002669928191727164],[0.0004486167068748283,-0.0018725623949366658,0.00025615877317148385],[-0.0001490391132463739,-0.00020120486920127307,0.00001083404600123257]]
[[-0.00029458786379960304,0.002034862759907771,-0.0002620578051760539],[0.00044065686933422634,-0.0018376623834762476,0.0002514372604371902],[-0.0001460690055346233,-0.00019720037643152334,0.000010620544738863758]]
[[-0.00028972151042635553,0.0019970521829514353,-0.0002572595651334788],[0.0004329083117828589,-0.0018037378913307645,0.00024684626815556145],[-0.00014318680135650335,-0.00019331429162067088,0.000010413296977917369]]
[[-0.0002849745286594342,0.001960294656492653,-0.0002525930595918022],[0.00042536359456419513,-0.0017707526654568097,0.00024238099884507327],[-0.00014038906590476094,-0.00018954199103584306,0.000010212060746728931]]
[[-0.0002803430728272854,0.001924551203941929,-0.00024805348017042456],[0.0004180156033408598,-0.001738672129448081,0.00023803687450135502],[-0.0001376725305135744,-0.00018587907449384795,0.000010016605669069506]]
[[-0.0002758234490459975,0.0018897846435040027,-0.00024363623691543493],[0.0004108575321535784,-0.0017074632909904292,0.00023380952461193682],[-0.00013503408310758084,-0.0001823213525135735,9.826712303498114e-6]]
[[-0.0002714121082153409,0.0018559594895618196,-0.00023933694645625073],[0.0004038828675007244,-0.0016770946552400758,0.0002296947749300261],[-0.00013247075928538352,-0.0001788648343217438,9.642171526224658e-6]]
[[-0.0002671056393790117,0.0018230418603424352,-0.00023515142090696652],[0.0003970853733688344,-0.0016475361436945766,0.00022568863695272815],[-0.00012997973398982273,-0.00017550571664785852,9.462783954238394e-6]]
[[-0.0002629007634284599,0.0017909993914105985,-0.00023107565745924264],[0.00039045907714975204,-0.0016187590181610833,0.0002217872980535161],[-0.00012755831372129216,-0.0001722403732495151,9.288359405726537e-6]]
[[-0.00025879432713089894,0.0017598011545724393,-0.00022710582861779977],[0.00038399825638491355,-0.0015907358094582361,0.00021798711222274683],[-0.0001252039292540146,-0.00016906534511420315,9.118716395052934e-6]]
[[-0.00025478329746325055,0.0017294175818051323,-0.00022323827303346184],[0.00037769742628173764,-0.001563440250517042,0.0002142845913736725],[-0.00012291412881848714,-0.00016597733128809032,8.953681659789348e-6]]
[[-0.0002508647562348499,0.0016998203938588558,-0.00021946948689221374],[0.00037155132795115817,-0.001536847213572496,0.00021067639717471876],[-0.00012068657171630828,-0.00016297318028635958,8.793089717494995e-6]]
[[-0.00024703589498276406,0.0016709825332051934,-0.00021579611582197054],[0.00036555491731909235,-0.0015109326511618677,0.00020715933337184602],[-0.00011851902233632828,-0.0001600498820433258,8.636782450124519e-6]]
[[-0.00024329401012453147,0.0016428781010315173,-0.00021221494728170442],[0.0003597033546680835,-0.0014856735406676097,0.00020373033856759117],[-0.00011640934454355199,-0.00015720456036390765,8.484608714113237e-6]]
[[-0.0002396364983540286,0.0016154822980040833,-0.0002087229034002702],[0.00035399199476852006,-0.0014610478321630033,0.0002003864794259282],[-0.00011435549641449145,-0.00015443446584108013,8.336423974342006e-6]]
[[-0.00023606085226702305,0.0015887713685438331,-0.00020531703423474717],[0.000348416377561758,-0.0014370343993371172,0.00019712494427442267],[-0.00011235552529473493,-0.00015173696920671594,8.192089960324521e-6]]
[[-0.0002325646562037587,0.001562722548378306,-0.00020199451142037536],[0.0003429722193601494,-0.0014136129932925366,0.00019394303707728715],[-0.0001104075631563907,-0.00014910955508576937,8.051474343088223e-6]]
[[-0.0002291455822966725,0.001537314015150898,-0.00019875262218624543],[0.0003376554045314619,-0.0013907641990248232,0.00019083817175490831],[-0.00010850982223478938,-0.00014654981612607487,7.914450431337119e-6]]
[[-0.0002258013867120419,0.0015125248418850113,-0.00019558876371280308],[0.0003324619776374541,-0.0013684693944068466,0.00018780786682721058],[-0.00010666059092541218,-0.00014405544747816477,7.780896885592495e-6]]
[[-0.0002225299060750187,0.0014883349531156435,-0.00019250043780898749],[0.0003273881359984759,-0.0013467107115141925,0.00018484974035988178],[-0.00010485822992345719,-0.00014162424160145106,7.650697449105703e-6]]
[[-0.00021932905406812415,0.0014647250835147152,-0.00018948524588842605],[0.00032243022265790775,-0.0013254710001398117,0.00018196150519399844],[-0.00010310116858978361,-0.0001392540833749035,7.5237406944276035e-6]]
[[-0.00021619681819386394,0.0014416767388490802,-0.00018654088422559307],[0.0003175847197220519,-0.0013047337933570914,0.00017914096444099118],[-0.00010138790152818795,-0.00013694294549198888,7.399919784601903e-6]]
[[-0.00021313125669265889,0.0014191721591217934,-0.00018366513947420214],[0.00031284824205274234,-0.0012844832750006554,0.0001763860072261764],[-0.00009971698536008345,-0.000134688884121138,7.279132248025731e-6]]
[[-0.00021013049560780823,0.0013971942837579141,-0.00018085588443135641],[0.00030821753129148537,-0.0012647042489435302,0.00017369460466526584],[-0.00009808703568367713,-0.00013249003481438393,7.161279766090596e-6]]
[[-0.00020719272598967265,0.00137572671870598,-0.00017811107403214164],[0.0003036894501953536,-0.0012453821100578985,0.00017106480605936055],[-0.00009649672420568096,-0.0001303446086480815,7.046267972781091e-6]]
[[-0.00020431620123172374,0.0013547537053353615,-0.00017542874156041034],[0.0002992609772661832,-0.001226502816754579,0.0001684947352949424],[-0.00009494477603445949,-0.0001282508885807822,6.934006265467915e-6]]
[[-0.00020149923453152268,0.001334260091018097,-0.00017280699506249517],[0.000294929201655835,-0.0012080528650036868,0.00016598258743630916],[-0.00009342996712431233,-0.00012620722601441018,6.824407626186007e-6]]
[[-0.0001987401964700941,0.00131423130129152,-0.00017024401395149695],[0.00029069131833141796,-0.0011900192637456495,0.00016352662549875803],[-0.00009195112186132385,-0.0001242120375458706,6.7173884527388985e-6]]
[[-0.00019603751270352664,0.001294653313505143,-0.00016773804579063513],[0.00028654462348541576,-0.0011723895116080099,0.00016112517739161857],[-0.00009050711078188912,-0.0001222638018971332,6.612868399016574e-6]]
[[-0.00019338966176099277,0.001275512631861842,-0.0001652874032449261],[0.0002824865101766396,-0.0011551515748491731,0.00015877663302096937],[-0.00008909684841564681,-0.00012036105701266895,6.510770223956745e-6]]
[[-0.00019079517294369924,0.0012567962637695096,-0.0001628904611911768],[0.00027851446418882664,-0.001138293866455615,0.00015647944154255795],[-0.00008771929124512737,-0.00011850239731389469,6.411019648618883e-6]]
[[-0.00018825262431959358,0.0012384916974249353,-0.00016054565397694186],[0.0002746260600945468,-0.0011218052263239438,0.00015423210875606519],[-0.00008637343577495317,-0.00011668647110099155,6.3135452208766705e-6]]
[[-0.00018576064080894512,0.0012205868805569573,-0.00015825147281971878],[0.0002708189575128656,-0.0011056749024638316,0.00015203319463245052],[-0.00008505831670392049,-0.00011491197809312567,6.218278187268259e-6]]
[[-0.00018331789235618393,0.0012030702002607052,-0.00015600646333821874],[0.0002670908975499285,-0.0010898925331619981,0.00014988131096664405],[-0.00008377300519374459,-0.00011317766709870706,6.1251523715746885e-6]]
[[-0.00018092309218364872,0.001185930463859286,-0.00015380922320809014],[0.0002634396994123195,-0.001074448130051396,0.00014777511914836433],[-0.00008251660722867076,-0.00011148233380788987,6.03410405972582e-6]]
[[-0.00017857499512312532,0.0011691568807333816,-0.00015165839993495765],[0.00025986325718366595,-0.0010593320620333458,0.00014571332804429814],[-0.00008128826206054067,-0.00010982481870003592,5.945071890659504e-6]]
[[-0.00017627239602129195,0.0011527390450631156,-0.00014955268873810296],[0.0002563595367555562,-0.0010445350400037654,0.00014369469198531823],[-0.00008008714073426423,-0.00010820400505935022,5.857996752784741e-6]]
[[-0.00017401412821539666,0.0011366669194301019,-0.00014749083053853366],[0.0002529265729043771,-0.0010300481023377583,0.00014171800885281143],[-0.00007891244468898043,-0.0001066188170923436,5.7728216857222165e-6]]
[[-0.00017179906207569638,0.001120930819230934,-0.0001454716100455866],[0.00024956246650619494,-0.0010158626010897402,0.00013978211825856957],[-0.00007776340443049854,-0.00010506821814119374,5.689491787017022e-6]]
[[-0.00016962610361137114,0.0011055213978564543,-0.00014349385393657612],[0.00024626538188227056,-0.0010019701888689927,0.0001378858998130381],[-0.00007663927827089946,-0.00010355120898746158,5.6079541235380125e-6]]
[[-0.00016749419313681144,0.0010904296325940177,-0.00014155642912434092],[0.0002430335442682529,-0.0009883628063530401,0.0001360282714770443],[-0.00007553935113144145,-0.00010206682624097769,5.5281576472965895e-6]]
[[-0.0001654023039953384,0.001075646811212647,-0.00013965824110786335],[0.00023986523740050132,-0.0009750326704036014,0.00013420818799242864],[-0.00007446293340516293,-0.0001006141408090457,5.450053115434706e-6]]
[[-0.0001633494413375745,0.001061164519193449,-0.00013779823240142776],[0.00023675880121337836,-0.0009619722627520299,0.00013242463938727996],[-0.00007340935987580385,-0.00009919225644141892,5.373593014147781e-6]]
[[-0.00016133464095183822,0.0010469746275700155,-0.00013597538103806743],[0.0002337126296417194,-0.000949174319223222,0.00013067664955174465],[-0.00007237798868988117,-0.00009780030834679348,5.298731486322789e-6]]
[[-0.00015935696814406447,0.0010330692813456464,-0.00013418869914330053],[0.0002307251685230169,-0.0009366318194688186,0.00012896327488061488],[-0.00007136820037895243,-0.00009643746187682788,5.225424262685653e-6]]
[[-0.0001574155166648938,0.0010194408884562868,-0.0001324372315754009],[0.00022779491359418026,-0.000924337977182338,0.00012728360297913617],[-0.00007037939692928648,-0.00009510291127394881,5.153628596264731e-6]]
[[-0.0001555094076816932,0.0010060821092499283,-0.00013072005462867262],[0.0002249204085780255,-0.0009122862307704953,0.00012563675142868356],[-0.00006941100089633233,-0.00009379587847943314,5.083303199989062e-6]]
[[-0.00015363778879338996,0.0009929858464549934,-0.00012903627479640795],[0.00022210024335492752,-0.0009004702344565205,0.00012402186660915676],[-0.00006846245456153756,-0.00009251561199847278,5.014408187251169e-6]]
[[-0.00015179983308611,0.0009801452356118406,-0.00012738502759040182],[0.00021933305221532787,-0.0008888838497927104,0.0001224381225751273],[-0.00006753321912921786,-0.0000912613858191301,4.9469050152745404e-6]]
[[-0.00014999473822771472,0.000967553635943076,-0.0001257654764140821],[0.00021661751218903208,-0.0008775211375607975,0.00012088471998294664],[-0.00006662277396131737,-0.00009003249838227843,4.880756431135477e-6]]
[[-0.00014822172559943354,0.00095520462163978,-0.0001241768114864853],[0.00021395234144746473,-0.0008663763500399819,0.00011936088506618722],[-0.00006573061584803119,-0.00008882827159979807,4.815926420298093e-6]]
[[-0.00014648003946287594,0.0009430919735420879,-0.00012261824881446595],[0.00021133629777525772,-0.0008554439236236269,0.00011786586865693636],[-0.0000648562583123818,-0.00008764804991846098,4.752380157529579e-6]]
[[-0.00014476894616079913,0.0009312096711938303,-0.0001210890292106815],[0.00020876817710775415,-0.0008447184717667396,0.00011639894525061074],[-0.00006399923094695502,-0.00008649119942709074,4.690083960070763e-6]]
[[-0.0001430877333500884,0.0009195518852520907,-0.00011958841735503128],[0.00020624681213119505,-0.0008341947782473659,0.00011495941211208706],[-0.00006315907878110666,-0.00008535710700472484,4.6290052429442234e-6]]
[[-0.000141435709265483,0.0009081129702336447,-0.00011811570089736181],[0.00020377107094253426,-0.0008238677907260015,0.00011354658842107258],[-0.00006233536167705128,-0.00008424517950764317,4.569112476289236e-6]]
[[-0.00013981220201266103,0.0008968874575812758,-0.00011667018959937477],[0.00020133985576599632,-0.0008137326145880288,0.00011215981445475567],[-0.00006152765375333529,-0.00008315484299324709,4.510375144619102e-6]]
[[-0.00013821655888935773,0.0008858700490339079,-0.00011525121451378716],[0.00019895210172364293,-0.0008037845070550141,0.00011079845080588464],[-0.00006073554283428519,-0.00008208554197889381,4.452763707902522e-6]]
[[-0.00013664814573326458,0.0008750556102854133,-0.00011385812719890436],[0.00019660677565736613,-0.0007940188715515164,0.00010946187763452811],[-0.000059958629924101566,-0.00008103673873389693,4.396249564376242e-6]]
[[-0.00013510634629551545,0.0008644391649177933,-0.00011249029896686646],[0.00019430287499986164,-0.0007844312523147846,0.00010814949395186494],[-0.00005919652870434621,-0.00008000791260300876,4.3408050150015205e-6]]
[[-0.00013359056163862588,0.0008540158885952216,-0.00011114712016392579],[0.00019203942669226634,-0.000775017329235428,0.00010686071693444393],[-0.00005844886505364048,-0.0000789985593597935,4.286403229481861e-6]]
[[-0.00013210020955780672,0.0008437811035061846,-0.00010982799948120131],[0.00018981548614626698,-0.0007657729129177923,0.00010559498126743717],[-0.00005771527658846025,-0.00007800819058839223,4.233018213764131e-6]]
[[-0.00013063472402462828,0.0008337302730416608,-0.00010853236329444201],[0.00018763013624860283,-0.0007566939399493977,0.00010435173851549251],[-0.00005699541222397454,-0.00007703633309226295,4.180624778949494e-6]]
[[-0.0001291935546520577,0.0008238589966979232,-0.00010725965503140908],[0.00018548248640599252,-0.0007477764683693636,0.00010313045651986438],[-0.00005628893175393483,-0.0000760825283285596,4.129198511544705e-6]]
[[-0.00012777616617994238,0.0008141630051931822,-0.00010600933456556199],[0.00018337167162861816,-0.0007390166733262957,0.0001019306188205739],[-0.00005559550544867579,-0.00007514633186688642,4.078715744988089e-6]]
[[-0.00012638203798005592,0.0008046381557878526,-0.00010478087763480337],[0.00018129685165039683,-0.0007304108429166177,0.00010075172410241519],[-0.000054914813670340906,-0.00007422731287123479,4.02915353238818e-6]]
[[-0.00012501066357986532,0.0007952804277987898,-0.00010357377528410428],[0.00017925721008436006,-0.0007219553741948149,0.00009959328566368794],[-0.000054246546504494716,-0.00007332505360397478,3.980489620416343e-6]]
[[-0.00012366155020421873,0.0007860859182983346,-0.00010238753333089272],[0.0001772519536115471,-0.0007136467693475005,0.00009845483090659486],[-0.00005359040340732837,-0.00007243914895083405,3.932702424297852e-6]]
[[-0.0001223342183341911,0.0007770508379895107,-0.00010122167185214698],[0.00017528031120190077,-0.0007054816320236544,0.000097335900848298],[-0.00005294609286770967,-0.00007156920596585627,3.885771003848967e-6]]
[[-0.00012102820128236115,0.0007681715072491567,-0.00010007572469219141],[0.00017334153336572808,-0.0006974566638137734,0.00009623604965168117],[-0.00005231333208336694,-0.00007071484343538329,3.839675040510239e-6]]
[[-0.00011974304478382631,0.0007594443523312104,-0.00009894923899024211],[0.0001714348914343624,-0.0006895686608710521,0.00009515484417491308],[-0.000051691846650536074,-0.00006987569146015822,3.7943948153290274e-6]]
[[-0.00011847830660229756,0.0007508659017227729,-0.00009784177472680193],[0.00016955967686873178,-0.0006818145106680795,0.0000940918635389553],[-0.000051081370266434234,-0.00006905139105469344,3.7499111878466386e-6]]
[[-0.00011723355615064308,0.000742432782645949,-0.00009675290428804746],[0.00016771520059460156,-0.000674191188882856,0.00009304669871219962],[-0.000050481644443958464,-0.00006824159376309308,3.7062055758478433e-6]]
[[-0.00011600837412528101,0.0007341417176988229,-0.00009568221204739548],[0.0001659007923633188,-0.0006666957564082608,0.00009201895211146272],[-0.00004989241823803777,-0.00006744596129056217,3.663259935932752e-6]]
[[-0.00011480235215385088,0.0007259895216292819,-0.00009462929396347882],[0.0001641158001369495,-0.0006593253564794075,0.00009100823721860573],[-0.00004931344798309862,-0.00006666416514987446,3.621056744873094e-6]]
[[-0.00011361509245561536,0.0007179730982356912,-0.00009359375719379753],[0.00016235958949674582,-0.000652077211913582,0.00009001417821208061],[-0.00004874449704113045,-0.00006589588632210919,3.579578981716911e-6]]
[[-0.00011244620751407225,0.000710089437388753,-0.00009257521972335004],[0.00016063154307393746,-0.0006449486224577509,0.00008903640961274252],[-0.000048185335559865214,-0.00006514081493100209,3.5388101106075246e-6]]
[[-0.00011129531976128085,0.0007023356121691519,-0.00009157331000758317],[0.00015893106000189013,-0.000637936962238862,0.00008807457594329883],[-0.00004763574024060929,-0.00006439864993028983,3.4987340642843557e-6]]
[[-0.00011016206127342532,0.0006947087761158604,-0.00009058766662903209],[0.00015725755538871557,-0.0006310396773124017,0.00008712833140079721],[-0.00004709549411529024,-0.00006366909880345868,3.4593352282348763e-6]]
[[-0.00010904607347716478,0.0006872061605802367,-0.00008961793796705278],[0.00015561045980946728,-0.0006242542833048985,0.00008619733954158433],[-0.00004656438633230249,-0.00006295187727533826,3.4205984254684457e-6]]
[[-0.00010794700686633445,0.0006798250721812804,-0.00008866378188007802],[0.0001539892188170921,-0.0006175783631462712,0.00008528127297819368],[-0.000046042211950757635,-0.00006224670903500923,3.382508901884336e-6]]
[[-0.00010686452072858677,0.0006725628903576482,-0.00008772486539985715],[0.0001523932924713508,-0.000611009564888128,0.00008437981308764959],[-0.00004552877174276405,-0.00006155332546952022,3.345052312207547e-6]]
[[-0.00010579828288157563,0.000665417065012235,-0.00008680086443716406],[0.00015082215488495583,-0.0006045455996043,0.00008349264973069666],[-0.000045023872003380195,-0.00006087146540793506,3.3082147064673976e-6]]
[[-0.00010474796941830648,0.0006583851142453374,-0.00008589146349848343],[0.00014927529378620926,-0.0005981842393700827,0.00008261948098148836],[-0.00004452732436790278,-0.00006020087487525476,3.271982516995078e-6]]
[[-0.00010371326446129236,0.0006514646221726086,-0.00008499635541321016],[0.0001477522100974605,-0.0005919233153168277,0.00008176001286729266],[-0.00004403894563616814,-0.000059541306855780916,3.2363425459174984e-6]]
[[-0.00010269385992516946,0.0006446532368241898,-0.00008411524107091627],[0.00014625241752873035,-0.0005857607157586806,0.00008091395911779033],[-0.000043558557603560905,-0.00005889252106550922,3.201281953125937e-6]]
[[-0.00010168945528744192,0.00063794866812158,-0.00008324782916826271],[0.0001447754421858807,-0.0005796943843884192,0.00008008104092356375],[-0.000043085986898438776,-0.000058254283733160876,3.166788244698946e-6]]
[[-0.00010069975736704277,0.0006313486859289732,-0.00008239383596515339],[0.00014332082219273946,-0.0005737223185394936,0.00007926098670339333],[-0.00004262106482569669,-0.00005762636738947968,3.132849261760065e-6]]
[[-0.00009972448011040512,0.000624851118175933,-0.00008155298504974588],[0.0001418881073266119,-0.000567842567511493,0.00007845353187999412],[-0.00004216362721620677,-0.00005700855066443993,3.09945316975175e-6]]
[[-0.00009876334438475775,0.0006184538490484397,-0.00008072500711195387],[0.00014047685866664075,-0.0005620532309564124,0.00007765841866384604],[-0.000041713514281883,-0.000056400618092027344,3.066588448107839e-6]]
[[-0.00009781607777836684,0.0006121548172454692,-0.0000799096397250904],[0.00013908664825449898,-0.0005563524573231973,0.00007687539584478265],[-0.00004127057047613215,-0.00005580235992227184,3.0342438803077424e-6]]
[[-0.00009688241440746013,0.0006059520142984015,-0.00007910662713531998],[0.0001377170587669231,-0.0005507384423581761,0.0000761042185910237],[-0.000040834644359462945,-0.00005521357194022543,3.0024085442962793e-6]]
[[-0.00009596209472957869,0.0005998434829506781,-0.0000783157200586003],[0.00013636768319961573,-0.0005452094276590841,0.00007534464825534639],[-0.000040405588470037046,-0.000054634055291594016,2.971071803253907e-6]]
[[-0.00009505486536311496,0.0005938273155952557,-0.00007753667548481147],[0.00013503812456207,-0.0005397636992805112,0.00007459645218810872],[-0.00003998325919895503,-0.00005406361631474445,2.9402232967027536e-6]]
[[-0.00009416047891280239,0.000587901652767495,-0.00007676925648878108],[0.00013372799558288316,-0.0005343995863886725,0.00007385940355684651],[-0.00003956751667008078,-0.00005350206637882254,2.9098529319345847e-6]]
[[-0.00009327869380093738,0.000582064681691262,-0.00007601323204793111],[0.00013243691842515336,-0.0005291154599635338,0.0000731332811721837],[-0.00003915822462421598,-0.0000529492217277283,2.8799508757474064e-6]]
[[-0.0000924092741041156,0.0005763146348760854,-0.00007526837686627964],[0.00013116452441156194,-0.0005239097315463768,0.00007241786931980151],[-0.000038755250307446344,-0.00005240490332970856,2.85050754647813e-6]]
[[-0.00009155198939528227,0.0005706497887633402,-0.00007453447120454747],[0.0001299104537587703,-0.0005187808520310043,0.00007171295759822829],[-0.00003835846436348804,-0.00005186893673233597,2.8215136063191777e-6]]
[[-0.00009070661459089689,0.0005650684624195001,-0.00007381130071612696],[0.0001286743553207689,-0.0005137273104968443,0.00007101834076221939],[-0.00003796774072987202,-0.00005134115192265578,2.7929599539075675e-6]]
[[-0.00008987292980302644,0.0005595690162745948,-0.00007309865628868291],[0.00012745588634083667,-0.0005087476330823043,0.00007033381857150744],[-0.00003758295653781023,-0.00005082138319229056,2.76483771717546e-6]]
[[-0.00008905072019618594,0.0005541498509040955,-0.00007239633389116602],[0.0001262547122117812,-0.0005038403818967923,0.00006965919564471434],[-0.00003720399201559528,-0.00005030946900730327,2.7371382464516846e-6]]
[[-0.0000882397758487539,0.0005488094058525192,-0.00007170413442602721],[0.000125070506244146,-0.0004990041539698916,0.00006899428131822297],[-0.00003683073039539209,-0.00004980525188262759,2.709853107804233e-6]]
[[-0.00008743989161879515,0.0005435461584971304,-0.00007102186358643181],[0.0001239029494420808,-0.0004942375802362471,0.00006833888950981769],[-0.00003646305782328563,-0.00004930857826088325,2.682974076614132e-6]]
[[-0.00008665086701413456,0.0005383586229501798,-0.00007034933171828114],[0.0001227517302865903,-0.0004895393245547774,0.00006769283858690959],[-0.00003610086327245574,-0.00004881929839540239,2.6564931313715574e-6]]
[[-0.00008587250606652605,0.0005332453489981929,-0.00006968635368685693],[0.0001216165445258814,-0.00048490808276089247,0.00006705595123917146],[-0.000035744038459355345,-0.00004833726623730043,2.6304024476854592e-6]]
[[-0.00008510461720977202,0.0005282049210768815,-0.00006903274874791154],[0.00012049709497254576,-0.00048034258175044933,0.00006642805435541323],[-0.00003539247776277375,-0.0000478623393264322,2.604694392498311e-6]]
[[-0.00008434701316165204,0.0005232359572803211,-0.00006838834042303661],[0.00011939309130732428,-0.0004758415785942394,0.00006580897890453858],[-0.00003504607814567224,-0.00004739437868608176,2.579361518498031e-6]]
[[-0.00008359951080952463,0.0005183371084030813,-0.00006775295637914638],[0.0001183042498892086,-0.00047140385968184135,0.00006519855982042699],[-0.00003470473907968397,-0.00004693324872123995,2.5543965587193885e-6]]
[[-0.00008286193109947417,0.000513507057014068,-0.00006712642831192283],[0.00011723029357164898,-0.00046702823989373685,0.00006459663589059519],[-0.000034368362472174814,-0.00004647881712033123,2.5297924213276356e-6]]
[[-0.00008213409892887652,0.000508744516560879,-0.00006650859183307291],[0.000116170951524643,-0.0004627135618006228,0.00006400304964849559],[-0.00003403685259576647,-0.000046030954760256266,2.5055421845773246e-6]]
[[-0.00008141584304226423,0.0005040482305035228,-0.00006589928636125631],[0.00011512595906249136,-0.0004584586948888995,0.00006341764726931666],[-0.00003371011602022713,-0.00004558953561462338,2.481639091939648e-6]]
[[-0.00008070699593037652,0.0004994169714764141,-0.00006529835501654792],[0.00011409505747701582,-0.0004542625348113674,0.00006284027846915605],[-0.00003338806154663929,-0.000045154436665046754,2.458076547391867e-6]]
[[-0.00008000739373228254,0.0004948495404775842,-0.00006470564451830373],[0.00011307799387604089,-0.0004501240026621891,0.000062270796407441],[-0.000033070600143758345,-0.00004472553781539515,2.4348481108627287e-6]]
[[-0.0000793168761404729,0.0004903447660841074,-0.00006412100508630589],[0.00011207452102695155,-0.00044604204427522824,0.00006170905759247793],[-0.00003275764488647866,-0.000044302721808879144,2.411947493827959e-6]]
[[-0.00007863528630881549,0.0004859015036927701,-0.00006354429034506625],[0.00011108439720514349,-0.00044201562954489975,0.00006115492179001603],[-0.000032449110896327996,-0.00004388587414787033,2.3893685550502285e-6]]
[[-0.00007796247076327984,0.00048151863478506664,-0.00006297535723117429],[0.00011010738604719402,-0.0004380437517687169,0.00006060825193471609],[-0.00003214491528391418,-0.00004347488301634975,2.367105296458198e-6]]
[[-0.00007729827931533194,0.0004771950662156237,-0.00006241406590357784],[0.00010914325640858314,-0.00043412542701073585,0.00006006891404441837],[-0.0000318449770932512,-0.00004306963920488792,2.3451518591594726e-6]]
[[-0.00007664256497791241,0.00047292972952321064,-0.00006186027965669223],[0.00010819178222580704,-0.00043025969348514887,0.00005953677713710974],[-0.000031549217247894633,-0.000042670036038061786,2.323502519582502e-6]]
[[-0.00007599518388390796,0.0004687215802635151,-0.00006131386483623517],[0.00010725274238272801,-0.00042644561095929576,0.00005901171315049244],[-0.00003125755849882005,-0.00004227596930421934,2.3021516857427222e-6]]
[[-0.00007535599520703276,0.0004645695973628993,-0.00006077469075769024],[0.00010632592058101247,-0.0004226822601753945,0.0000584935968640619],[-0.00003096992537397971,-0.00004188733718750483,2.281093893628337e-6]]
[[-0.00007472486108503967,0.0004604727824923906,-0.00006024262962730593],[0.000105411105214516,-0.0004189687422903284,0.00005798230582360452],[-0.00003068624412947632,-0.0000415040402020622,2.2603238037014096e-6]]
[[-0.00007410164654518141,0.0004564301594611782,-0.00005971755646553961],[0.0001045080892474764,-0.0004153041783328411,0.00005747772026802954],[-0.000030406442702295002,-0.00004112598112833714,2.2398361975100723e-6]]
[[-0.0000734862194318489,0.00045244077362892776,-0.000059199349032860774],[0.0001036166700963854,-0.0004116877086775261,0.00005697972305845294],[-0.000030130450664536486,-0.00004075306495140166,2.219625974407831e-6]]
[[-0.0000728784503363127,0.0004485036913362456,-0.00005868788775783024],[0.00010273664951541049,-0.00040811849253501734,0.00005648819960945413],[-0.00002985819917909778,-0.00004038519880122826,2.1996881483761196e-6]]
[[-0.00007227821252849966,0.00044461799935265875,-0.00005818305566737659],[0.00010186783348524751,-0.0004045957074578156,0.000056003037822430184],[-0.000029589620956747865,-0.00004002229189484321,2.1800178449464075e-6]]
[[-0.00007168538189073591,0.00044078280434148943,-0.00005768473831919194],[0.00010101003210528455,-0.0004011185488611973,0.000055524128020973636],[-0.00002932465021454863,-0.0000396642554802921,2.1606102982183062e-6]]
[[-0.00007109983685339382,0.00043699723234104197,-0.00005719282373617516],[0.00010016305948896685,-0.0003976862295586892,0.00005505136288820489],[-0.00002906322263557304,-0.00003931100278235278,2.1414608479702704e-6]]
[[-0.000070521458332379,0.0004332604282615318,-0.00005670720234285096],[0.00009932673366225348,-0.000394297979311598,0.000054584637405991335],[-0.000028805275329874466,-0.000038962448949933785,2.122564936859623e-6]]
[[-0.00006995012966839872,0.00042957155539721293,-0.00005622776690369706],[0.00009850087646506171,-0.0003909530443921143,0.000054123848795988305],[-0.000028550746796662998,-0.000038618511005098616,2.103918107708755e-6]]
[[-0.00006938573656795286,0.00042592979495318024,-0.00005575441246331443],[0.00009768531345559911,-0.00038765068715952136,0.000053668896462439934],[-0.000028299576887646253,-0.00003827910779365891,2.0855160008744974e-6]]
[[-0.0000688281670459934,0.0004223343455863456,-0.000055287036288377815],[0.00009687987381748729,-0.00038439018564906434,0.00005321968193668007],[-0.00002805170677149389,-0.000037944159937281275,2.0673543516977442e-6]]
[[-0.00006827731137019736,0.0004187844229601013,-0.00005482553781130596],[0.00009608439026958397,-0.00038117083317304614,0.0000527761088232754],[-0.000027807078899386597,-0.00003761358978705515,2.049428988030554e-6]]
[[-0.00006773306200680226,0.0004152792593122067,-0.000054369818575593486],[0.00009529869897841425,-0.0003779919379337356,0.00005233808274775544],[-0.000027565636971611983,-0.00003728732137847113,2.031735827838052e-6]]
[[-0.0000671953135679542,0.0004118181030354526,-0.00005391978218274901],[0.00009452263947312529,-0.000374852822647692,0.00005190551130587647],[-0.000027327325905171087,-0.0000369652803877606,2.014270876872544e-6]]
[[-0.00006666396276052023,0.0004084002182706685,-0.000053475334240784984],[0.00009375605456288098,-0.00037175282418111814,0.00005147830401436759],[-0.00002709209180236076,-0.0000366473940895503,1.9970302264173897e-6]]
[[-0.00006613890833631964,0.0004050248845116636,-0.0000530363823142081],[0.00009299879025661803,-0.0003686912931958772,0.00005105637226310987],[-0.000026859881920298402,-0.000036333591315786394,1.9800100510982294e-6]]
[[-0.00006562005104372762,0.00040169139622169876,-0.00005260283587546032],[0.00009225069568508463,-0.00036566759380581384,0.000050639629268701024],[-0.000026630644641357013,-0.000036023802415884894,1.9632066067592966e-6]]
[[-0.0000651072935806106,0.0003983990624611085,-0.00005217460625776235],[0.00009151162302509005,-0.0003626811032430417,0.000050227990029359755],[-0.000026404329444479448,-0.00003571795921806675,1.9466162284025974e-6]]
[[-0.0000646005405485494,0.000395147206525702,-0.00005175160660931368],[0.00009078142742589173,-0.00035973121153386444,0.00004982137128112583],[-0.000026180886877342338,-0.00003541599499183757,1.9302353281878584e-6]]
[[-0.00006409969840831154,0.000391935165595588,-0.0000513337518488045],[0.00009005996693765226,-0.00035681732118401476,0.000049419691455313324],[-0.00002596026852934072,-0.00003511784441157326,1.914060393491172e-6]]
[[-0.00006360467543653346,0.000388762290394082,-0.00005092095862219677],[0.00008934710244189967,-0.0003539388468729074,0.000049022870637176346],[-0.00002574242700536621,-0.00003482344352117461,1.8980879850204194e-6]]
[[-0.0000631153816835751,0.0003856279448563641,-0.00005051314526073321],[0.000088642697583927,-0.000351095215156609,0.000048630830525747676],[-0.000025527315900351906,-0.000034532729699755115,1.882314734985541e-6]]
[[-0.00006263172893251102,0.0003825315058075718,-0.00005011023174013437],[0.00008794661870706964,-0.00034828586417924427,0.0000482434943948125],[-0.000025314889774558623,-0.00003424564162832756,1.8667373453218667e-6]]
[[-0.00006215363065922302,0.00037947236265001896,-0.0000497121396409453],[0.0000872587347888009,-0.00034551024339256255,0.000047860787054980555],[-0.00002510510412957789,-0.00003396211925745639,1.851352585964741e-6]]
[[-0.00006168100199356084,0.0003764499170592498,-0.00004931879210999533],[0.00008657891737858888,-0.00034276781328340585,0.00004748263481682157],[-0.00002489791538502804,-0.00003368210377584391,1.8361572931737604e-6]]
[[-0.00006121375968153808,0.0003734635826886394,-0.00004893011382293504],[0.00008590704053745863,-0.0003400580451088197,0.00004710896545503004],[-0.00002469328085592055,-0.000033405537579819685,1.8211483679049976e-6]]
[[-0.00006075182204853183,0.0003705127848822691,-0.00004854603094781591],[0.00008524298077920664,-0.0003373804206385655,0.00004673970817358626],[-0.000024491158730674803,-0.00003313236424370353,1.8063227742296474e-6]]
[[-0.00006029510896345673,0.000367596960395813,-0.00004816647110968018],[0.00008458661701321676,-0.0003347344319047993,0.00004637479357188259],[-0.00002429150804976003,-0.00003286252849101365,1.7916775377975953e-6]]
[[-0.000059843541803882706,0.00036471555712517905,-0.00004779136335612835],[0.0000839378304888268,-0.00033211958095868645,0.00004601415361178391],[-0.0000240942886849441,-0.00003259597616649258,1.7772097443444446e-6]]
[[-0.00005939704342206881,0.00036186803384266066,-0.00004742063812383395],[0.00008329650474119838,-0.00032953537963373644,0.000045657721585593334],[-0.00002389946131912957,-0.000032332654208924265,1.7629165382406122e-6]]
[[-0.000058955538111886234,0.0003590538599403613,-0.000047054227205975687],[0.00008266252553864426,-0.0003269813493156442,0.00004530543208489455],[-0.000023706987426758028,-0.000032072510624717084,1.7487951210811374e-6]]
[[-0.00005851895157660255,0.0003562725151806625,-0.00004669206372055834],[0.00008203578083136704,-0.00032445702071843456,0.00004495722097024344],[-0.000023516829254764486,-0.000031815494462227964,1.7348427503149042e-6]]
[[-0.00005808721089750373,0.000353523489453518,-0.000046334082079594864],[0.00008141616070156805,-0.00032196193366671377,0.000044613025341682835],[-0.000023328949804064315,-0.00003156155578680424,1.7210567379120317e-6]]
[[-0.00005766024450332687,0.0003508062825403566,-0.00004598021795912278],[0.0000808035573148826,-0.00031949563688383657,0.00004427278351005458],[-0.000023143312811555733,-0.00003131064565652009,1.7074344490682017e-6]]
[[-0.000057237982140482095,0.00034812040388439386,-0.000045630408270029636],[0.00008019786487310356,-0.0003170576877858081,0.000043936434969084847],[-0.000022959882732621467,-0.00003106271609858578,1.6939733009447866e-6]]
[[-0.000056820354844038276,0.00034546537236714855,-0.000045284591129661614],[0.00007959897956815216,-0.0003146476522807402,0.000043603920368217995],[-0.00002277862472411389,-0.00003081772008640836,1.6806707614436254e-6]]
[[-0.000056407294909452094,0.0003428407160909794,-0.00004494270583419282],[0.00007900679953726052,-0.00031226510457369594,0.00004327518148617744],[-0.000022599504627808417,-0.00003057561151728344,1.66752434801538e-6]]
[[-0.000055998735865017305,0.00034024597216745004,-0.000044604692831730384],[0.00007842122481932775,-0.0003099096269767519,0.00004295016120522997],[-0.00002242248895431044,-0.000030336345190698117,1.6545316265004158e-6]]
[[-0.000055594612445014384,0.00033768068651135046,-0.00004427049369613432],[0.0000778421573124161,-0.00030758080972412435,0.00004262880348613312],[-0.000022247544867401705,-0.00003009987678722611,1.6416902100011972e-6]]
[[-0.000055194860563539876,0.00033514441364019854,-0.00004394005110152984],[0.00007726950073235232,-0.00030527825079220176,0.00004231105334374461],[-0.000022074640168812443,-0.000029866162847996747,1.6289977577852247e-6]]
[[-0.00005479941728899593,0.00033263671647905776,-0.00004361330879749149],[0.00007670316057240201,-0.00030300155572433787,0.00004199685682327392],[-0.000021903743283406087,-0.000029635160754719852,1.616451974217569e-6]]
[[-0.00005440822081922033,0.0003301571661705075,-0.00004329021158487852],[0.00007614304406398416,-0.00030075033746025784,0.00004168616097715642],[-0.000021734823244763828,-0.00002940682871024963,1.6040506077220974e-6]]
[[-0.000054021210457240804,0.0003277053418896167,-0.00004297070529230292],[0.00007558906013839758,-0.0002985242161699459,0.00004137891384253241],[-0.00002156784968115678,-0.000029181125719670765,1.5917914497705069e-6]]
[[-0.00005363832658763275,0.0003252808306637624,-0.000042654736753209874],[0.0000750411193895265,-0.00029632281909187144,0.00004107506441931155],[-0.000021402792801893758,-0.00002895801157189097,1.5796723338983244e-6]]
[[-0.0000532595106534661,0.0003228832271971558,-0.0000423422537835539],[0.00007449913403749952,-0.0002941457803754314,0.00004077456264880685],[-0.000021239623384033417,-0.000028737446821724348,1.5676911347470505e-6]]
[[-0.00005288470513382276,0.0003205121336999315,-0.000042033205160051825],[0.00007396301789327224,-0.0002919927409274807,0.000040477359392920174],[-0.000021078312759449477,-0.0000285193927724508,1.5558457671316538e-6]]
[[-0.00005251385352186964,0.00031816715972166765,-0.000041727540598996505],[0.00007343268632410815,-0.0002898633482628306,0.000040183406413863844],[-0.00002091883280223852,-0.00002830381145883709,1.5441341851326619e-6]]
[[-0.00005214690030347085,0.00031584792198920196,-0.00004142521073561418],[0.00007290805621993073,-0.00028775725635859644,0.00003989265635440208],[-0.000020761155916459885,-0.000028090665630605485,1.5325543812120957e-6]]
[[-0.00005178379093632442,0.0003135540442486211,-0.00004112616710394984],[0.00007238904596052225,-0.0002856741255122843,0.000039605062718597295],[-0.00002060525502419783,-0.000027879918736336766,1.5211043853525455e-6]]
[[-0.000051424471829609035,0.00031128515711129946,-0.000040830362117265285],[0.00007187557538354524,-0.000283613622203505,0.00003932057985304659],[-0.000020451103553936203,-0.00002767153490779444,1.5097822642186962e-6]]
[[-0.0000510688903241261,0.0003090408979038687,-0.000040537749048934724],[0.00007136756575336242,-0.0002815754189592111,0.000039039162928594095],[-0.00002029867542923632,-0.000027465478944657658,1.4985861203406305e-6]]
[[-0.0000507169946729236,0.00030682091052200373,-0.000040248282013823594],[0.00007086493973063279,-0.00027955919422235296,0.00003876076792250532],[-0.000020147945057709185,-0.00002726171629965076,1.4875140913182745e-6]]
[[-0.00005036873402238887,0.0003046248452879152,-0.000039961915950136924],[0.00007036762134266195,-0.0002775646322238576,0.00003848535160109057],[-0.00001999888732027307,-0.000027060213064057596,1.4765643490463494e-6]]
[[-0.000050024058393796825,0.00030245235881144105,-0.00003967860660172341],[0.00006987553595448521,-0.0002755914228578316,0.00003821287150276417],[-0.000019851477560688386,-0.000026860935953609453,1.4657350989592469e-6]]
[[-0.00004968291866530106,0.0003003031138546327,-0.000039398310500822256],[0.00006938861024066241,-0.00027363926155989733,0.000037943285921527034],[-0.00001970569157536135,-0.000026663852294735403,1.4550245792952231e-6]]
[[-0.000049345266554356356,0.00029817677919973646,-0.00003912098495124018],[0.00006890677215776523,-0.0002717078491885718,0.00003767655389086082],[-0.000019561505603408866,-0.000026468930011164676,1.4444310603793625e-6]]
[[-0.00004901105460056047,0.00029607302952047357,-0.0000388465880119465],[0.00006842995091753732,-0.0002697968919096029,0.000037412635168021735],[-0.00001941889631697684,-0.000026276137610870667,1.4339528439247659e-6]]
[[-0.00004868023614890348,0.000293991545256523,-0.000038575078481074025],[0.00006795807696070806,-0.00026790610108317633,0.0000371514902187226],[-0.00001927784081180459,-0.000026085444173346688,1.423588262351425e-6]]
[[-0.00004835276533341433,0.0002919320124911185,-0.00003830641588031489],[0.00006749108193144266,-0.00026603519315391454,0.0000368930802021926],[-0.000019138316598028337,-0.000025896819337203956,1.4133356781222892e-6]]
[[-0.00004802859706119324,0.0002898941228316701,-0.00003804056043969966],[0.00006702889865240993,-0.00026418388954358774,0.00003663736695660365],[-0.000019000301591216696,-0.000025710233288082296,1.4031934830960122e-6]]
[[-0.00004770768699682015,0.00028787757329332576,-0.000037777473082749395],[0.00006657146110045182,-0.0002623519165464609,0.00003638431298485348],[-0.000018863774103631665,-0.00002552565674686486,1.3931600978959204e-6]]
[[-0.00004738999154712862,0.00028588206618538996,-0.00003751711541199002],[0.00006611870438283718,-0.000260539005227202,0.000036133881440695296],[-0.000018728712835708566,-0.00002534306095818797,1.383233971294722e-6]]
[[-0.00004707546784633587,0.00028390730900052,-0.0000372594496948189],[0.00006567056471408454,-0.0002587448913212823,0.000035886036115204375],[-0.000018595096867748663,-0.000025162417679237687,1.3734135796145233e-6]]
[[-0.00004676407374151876,0.00028195301430662125,-0.00003700443884971403],[0.00006522697939333736,-0.0002569693151377962,0.000035640741423572315],[-0.0000184629056518186,-0.00002498369916882507,1.363697426141715e-6]]
[[-0.00004645576777842795,0.0002800188996413692,-0.00003675204643277632],[0.00006478788678227842,-0.00025521202146463714,0.00003539796239222003],[-0.000018332119003850475,-0.000024806878176732053,1.3540840405562957e-6]]
[[-0.0000461505091876295,0.00027810468740928145,-0.00003650223662459562],[0.00006435322628356673,-0.000253472759475961,0.00003515766464622036],[-0.000018202717095937223,-0.00002463192793332051,1.3445719783752557e-6]]
[[-0.00004584825787096648,0.000276210104781273,-0.000036254974217431785],[0.00006392293831978406,-0.0002517512826418761,0.000034919814397022187],[-0.000018074680448817575,-0.0000244588221393969,1.3351598204095947e-6]]
[[-0.0000455489743883322,0.00027433488359662495,-0.00003601022460270223],[0.00006349696431287759,-0.00025004734864029945,0.00003468437843046762],[-0.000017947989924545388,-0.000024287534956325484,1.3258461722346119e-6]]
[[-0.000045252619944745834,0.00027247876026729957,-0.00003576795375876733],[0.00006307524666408399,-0.00024836071927091647,0.00003445132409509423],[-0.00001782262671933816,-0.000024118040996383106,1.316629663673099e-6]]
[[-0.00004495915637772415,0.00027064147568454033,-0.00003552812823900591],[0.00006265772873432392,-0.00024669116037119153,0.00003422061929071485],[-0.000017698572356599763,-0.0000239503153133488,1.307508948291064e-6]]
[[-0.00004466854614493978,0.0002688227751276915,-0.000035290715160172655],[0.00006224435482505237,-0.0002450384417343697,0.00003399223245726699],[-0.000017575808680112586,-0.000023784333393321815,1.2984827029056623e-6]]
[[-0.000044380752312160565,0.0002670224081751801,-0.00003505568219103014],[0.00006183507015955482,-0.00024340233702941857,0.00003376613256392517],[-0.000017454317847394264,-0.000023620071145761517,1.2895496271049711e-6]]
[[-0.00004409573854146102,0.0002652401286175994,-0.000034822997541247914],[0.0000614298208646757,-0.00024178262372285598,0.000033542289098468606],[-0.000017334082323214665,-0.0000234575048947434,1.2807084427793086e-6]]
[[-0.00004381346907969995,0.0002634756943728389,-0.00003459262995056148],[0.00006102855395296856,-0.000240179083002414,0.00003332067205689772],[-0.00001721508487326861,-0.000023296611370424923,1.2719578936637641e-6]]
[[-0.00004353390874725687,0.00026172886740320495,-0.00003436454867818426],[0.00006063121730525691,-0.00023859149970248926,0.000033101251933292615],[-0.000017097308558000035,-0.000023137367700715662,1.2632967448916414e-6]]
[[-0.000043257022927021036,0.0002599994136344799,-0.00003413872349246592],[0.0000602377596535946,-0.00023701966223133375,0.0000328839997099074],[-0.000016980736726573563,-0.00002297975140314611,1.2547237825585167e-6]]
