[[-0.25797277562815685,0.6556383346314691,0.5517198761045788],[-0.7525108401655589,-0.0410224180458498,-0.7354590654606159],[1.0104836157937158,-0.6146159165856193,0.18373918935603706]]
[[-0.4539997460751392,0.8867437917010637,0.6686109628646837],[-0.5166988734396794,-0.046412707694522035,-0.8721217723625461],[0.9706986195148186,-0.8403310840065416,0.20351080949786238]]
[[-0.8967268549103387,1.3539287682128816,0.8098772818616076],[-0.29439511121305434,-0.0637640402051595,-0.9748771202452262],[1.191121966123393,-1.2901647280077222,0.16499983838361865]]
[[-2.2761281435755385,2.5314573564064333,0.7022161353619245],[-0.06967762247493818,-0.08073649939816868,-1.0992136003753052],[2.3458057660504767,-2.450720857008265,0.3969974650133808]]
[[-8.162697686881778,4.138963203913542,-5.458971758335145],[0.20638540464417976,-0.029600999547747066,-1.3278504148546184],[7.956312282237599,-4.109362204365795,6.786822173189764]]
[[2.618445212066101,-4.596318086520628,-1.5492090026024439],[0.38765836224002737,0.2713514094482494,-1.4498282852035054],[-3.0061035743061284,4.3249666770723785,2.9990372878059492]]
[[0.9338827470269527,-1.6907474448362767,0.4608177004914096],[0.5177646010956206,0.49178467274490595,-1.1654225893682109],[-1.4516473481225733,1.1989627720913707,0.7046048888768013]]
[[0.5306953748228386,-1.21284758854026,0.37805702240599426],[0.5285586051913735,0.5876496065969369,-0.6774539685627613],[-1.059253980014212,0.6251979819433232,0.29939694615676704]]
[[0.4036566432689054,-0.9716909294502845,0.15842124281603048],[0.3979011682357937,0.5579903350491779,-0.21649174854364622],[-0.8015578115046991,0.4137005944011065,0.058070505727615726]]
[[0.33868948552739053,-0.7504374457905921,-0.0027341157699827534],[0.23970037409254089,0.4533853068231578,0.06058517492859186],[-0.5783898596199314,0.2970521389674343,-0.05785105915860911]]
[[0.28766782771169774,-0.5617635566503771,-0.0838301257771473],[0.12709113624793977,0.33944680866144433,0.1777733758739608],[-0.4147589639596375,0.22231674798893283,-0.0939432500968135]]
[[0.24397905715420165,-0.4193162670264579,-0.11353485404450635],[0.06139348798093243,0.24719839005845387,0.20991406166109555],[-0.3053725451351341,0.17211787696800404,-0.09637920761658919]]
[[0.20754553547456678,-0.31746766892171063,-0.1182200631318305],[0.025483592935820115,0.18020235655042205,0.20629658233005327],[-0.2330291284103869,0.13726531237128858,-0.08807651919822275]]
[[0.17784894482451635,-0.24535762275075654,-0.11252785384320371],[0.0061270668235277465,0.13310414961415135,0.19017505494357895],[-0.1839760116480441,0.11225347313660519,-0.07764720110037521]]
[[0.15381611925508143,-0.19373091167750467,-0.10329229494832208],[-0.004295560788505709,0.09999854650416054,0.17115146313221954],[-0.14952055846657575,0.09373236517334413,-0.06785916818389745]]
[[0.1343112745426639,-0.156050359390004,-0.09344516953760715],[-0.009862058787691197,0.0764214749697504,0.1528499337590943],[-0.12444921575497268,0.07962888442025359,-0.059404764221487154]]
[[0.11835751823982815,-0.12795466027488428,-0.08414693495148116],[-0.012741115244829002,0.05932856048560037,0.13644508052344037],[-0.10561640299499916,0.0686260997892839,-0.052298145571959206]]
[[0.10517991529267356,-0.10656399735282074,-0.07578628216447358],[-0.014105774867867404,0.04670189927668926,0.12214917510432662],[-0.09107414042480616,0.05986209807613148,-0.04636289293985303]]
[[0.09418288376138259,-0.0899601686705842,-0.06842715811669337],[-0.014605892027606957,0.03720436287746605,0.10982205999088772],[-0.07957699173377564,0.05275580579311814,-0.041394901874194354]]
[[0.08491301590838102,-0.07684428380814767,-0.062005564755152905],[-0.014610314492198049,0.02993978801020391,0.0992173053534389],[-0.07030270141618297,0.04690449579794376,-0.03721174059828598]]
[[0.07702475458363393,-0.06631976029869524,-0.05641516979399973],[-0.014332974728673648,0.024297807744652504,0.09007834273835438],[-0.06269177985496029,0.042021952554042744,-0.03366317294435464]]
[[0.07025307584483798,-0.057755449705943165,-0.05154355305153584],[-0.013900154880305361,0.01985531471474395,0.08217280010253729],[-0.056352920964532614,0.03790013499119921,-0.03062924705100145]]
[[0.06439293633824433,-0.050698542113546685,-0.04728652052706242],[-0.013387339748706845,0.016313785612213277,0.0753017115614382],[-0.05100559658953749,0.0343847565013334,-0.02801519103437578]]
[[0.05928414450044798,-0.04481831682957417,-0.043552755537861074],[-0.01283994355941524,0.0134589905427355,0.0692989599877982],[-0.04644420094103274,0.03135932628683867,-0.025746204449937117]]
[[0.05480029298873376,-0.039869181975357104,-0.04026433911396501],[-0.012285255910682087,0.01113471244423285,0.06402737303872391],[-0.042515037078051675,0.02873446953112425,-0.023763033924758904]]
[[0.05084064882145506,-0.03566594959166045,-0.03735563857224333],[-0.011739481632628059,0.009225326881772014,0.0593740983471233],[-0.039101167188827,0.026440622709888437,-0.022018459774879963]]
[[0.04732417675829521,-0.03206700108235599,-0.034771680337753075],[-0.011211972304619839,0.007644064188736039,0.0552462640644298],[-0.03611220445367537,0.024422936893619948,-0.020474583726676727]]
[[0.04418510023698426,-0.028962628828917744,-0.0324664877689756],[-0.010707814004488898,0.006324972388371254,0.05156724593685636],[-0.03347728623249536,0.022637656440546487,-0.01910075816788076]]
[[0.04136957508336285,-0.02626683160707746,-0.030401573185585794],[-0.010229433267268268,0.005217328624984322,0.04827358237361857],[-0.031140141816094584,0.021049502982093137,-0.017872009188032775]]
[[0.038833173966924414,-0.02391145272109571,-0.028544641603239943],[-0.009777605880540514,0.004281695931841855,0.04531247481509444],[-0.029055568086383897,0.019629756789253855,-0.016767833211854495]]
[[0.03653896631364079,-0.021841932297765265,-0.02686850669597255],[-0.009352096542765018,0.003487102333366741,0.04263978122638675],[-0.027186869770875775,0.018354829964398522,-0.0157712745304142]]
[[0.034456039366032476,-0.02001418836425349,-0.02535019726789133],[-0.008952067078611254,0.002808996568444062,0.0402184112239949],[-0.025503972287421222,0.017205191795809427,-0.01486821395610357]]
[[0.032558348989413045,-0.01839229838271271,-0.023970226103787094],[-0.008576337756648074,0.0022277485589374656,0.03801704272691469],[-0.02398201123276497,0.016164549823775243,-0.014046816623127598]]
[[0.03082381914979767,-0.016946755907086445,-0.0227119935134854],[-0.008223554407733917,0.0017275369102926538,0.03600909384305753],[-0.022600264742063753,0.015219218996793793,-0.013297100329572136]]
[[0.029233630558665312,-0.015653145576171618,-0.021561300971552663],[-0.007892294636974133,0.0012955147346679864,0.03417189668991239],[-0.021341335921691178,0.01435763084150363,-0.012610595718359728]]
[[0.02777165443522428,-0.014491125930221258,-0.020505954051003247],[-0.007581134414896718,0.0009211779107561224,0.03248603093169869],[-0.020190520020327563,0.013569948019465136,-0.011980076880695443]]
[[0.026423998499820925,-0.013443641197470352,-0.019535437521524326],[-0.007288688799340172,0.0005958821692415863,0.030934783844366036],[-0.019135309700480753,0.012847759028228767,-0.011399346322841711]]
[[0.025178640441237292,-0.012496305135311813,-0.018640648713302163],[-0.007013635751693518,0.0003124706980368818,0.029503710897663075],[-0.018165004689543775,0.01218383443727493,-0.01086306218436091]]
[[0.024025130069363,-0.011636915397756565,-0.017813677959339053],[-0.006754728933461353,0.00006498460281755773,0.028180276475230956],[-0.017270401135901645,0.011571930794939006,-0.010366598515891903]]
[[0.022954345783048523,-0.010855067816676498,-0.017047627147522542],[-0.006510803370395578,-0.00015156395942205522,0.026953558742914163],[-0.016443542412652945,0.011006631776098553,-0.009905931595391621]]
[[0.021958294279724674,-0.010141847812416087,-0.01633645920199612],[-0.0062807765615785155,-0.0003413708388760456,0.02581400608693639],[-0.01567751771814616,0.010483218651292132,-0.00947754688494027]]
[[0.02102994491239157,-0.009489581820755676,-0.015674872743135698],[-0.006063646745644009,-0.0005079821916176516,0.02475323519435432],[-0.014966298166747561,0.009997564012373329,-0.009078362451218618]]
[[0.020163091977670786,-0.008891635772017834,-0.015058197313676313],[-0.005858489461012627,-0.0006544083002303345,0.023763862910659267],[-0.014304602516658157,0.00954604407224817,-0.00870566559698295]]
[[0.0193522396517308,-0.008342250721004071,-0.01448230546315499],[-0.005664453152396188,-0.0007832151749168877,0.022839365617975976],[-0.013687786499334612,0.00912546589592096,-0.008357060154820985]]
[[0.01859250539206607,-0.0078364080073598,-0.013943538701788716],[-0.0054807543176526256,-0.0008965987011096011,0.021973961135795597],[-0.013111751074413444,0.008733006708469401,-0.008030422434006881]]
[[0.01787953847486643,-0.007369718038567601,-0.013438644906959814],[-0.005306672515339459,-0.000996444989540669,0.02116250913428866],[-0.012572865959526973,0.00836616302810827,-0.007723864227328845]]
[[0.01720945100076502,-0.006938328083739715,-0.012964725221538534],[-0.005141545436318018,-0.0010843797526708398,0.020400426829064556],[-0.012067905564447003,0.008022707836410556,-0.007435701607526024]]
[[0.016578759221071465,-0.006538845454375454,-0.012519188847760628],[-0.0049847641640779995,-0.001161808903062727,0.01968361734258696],[-0.011593995056993465,0.007700654357438181,-0.007164428494826333]]
[[0.01598433344573313,-0.0061682732067857415,-0.012099714432518584],[-0.004835768695749299,-0.0012299520914771014,0.01900840860723623],[-0.011148564749983832,0.007398225298262843,-0.006908694174717644]]
[[0.015423355118412552,-0.00582395608717706,-0.011704216974807257],[-0.004694043760729059,-0.0012898705366689526,0.01837150107584207],[-0.010729311357683492,0.0071138266238460115,-0.006667284101034814]]
[[0.014893279902266538,-0.005503534896449999,-0.011330819375530014],[-0.004559114950842623,-0.0013424902170113067,0.017769922818683268],[-0.010334164951423915,0.006846025113461306,-0.006439103443153254]]
[[0.014391805826742772,-0.005204907808698017,-0.010977827903216402],[-0.004430545161138574,-0.0013886212755814945,0.01720099083793245],[-0.009961260665604198,0.006593529084279511,-0.006223162934716048]]
[[0.013916845712054891,-0.004926197458367589,-0.010643710973737567],[-0.004307931331167025,-0.0014289743199746086,0.016662277634095064],[-0.009608914380887866,0.006355171778342197,-0.006018566660357496]]
[[0.01346650322248202,-0.004665722833456257,-0.010327080743590886],[-0.004190901471106139,-0.0014641741645206627,0.016151582224109787],[-0.009275601751375883,0.00612989699797692,-0.005824501480518901]]
[[0.013039052008864595,-0.00442197518912322,-0.010026677099309503],[-0.0040791119541487425,-0.0014947714572742662,0.015666904945230237],[-0.008959940054715853,0.005916746646397486,-0.005640227845920736]]
[[0.012632917489766703,-0.004193597337658965,-0.009741353693638469],[-0.003972245055287559,-0.0015212525507066323,0.01520642548870798],[-0.008660672434479145,0.005714849888365597,-0.00546507179506951]]
[[0.01224666089376308,-0.003979365784549224,-0.009470065735168317],[-0.0038700067164600766,-0.001544047908593829,0.014768483697462483],[-0.008376654177303003,0.005523413693143053,-0.005298417962294167]]
[[0.011878965245340444,-0.0037781752722535673,-0.009211859284408845],[-0.0037721245185313302,-0.0015635392884487374,0.014351562736166758],[-0.008106840726809113,0.005341714560702305,-0.005139703451757913]]
[[0.011528623026471565,-0.003589025367849432,-0.00896586184764262],[-0.0036783458415313277,-0.0015800658961369683,0.013954274303525072],[-0.007850277184940238,0.0051690912639864,-0.004988412455882453]]
[[0.011194525287002217,-0.0034110087914055133,-0.00873127409177948],[-0.003588436195737987,-0.0015939296748499056,0.013575345607384893],[-0.007606089091264231,0.005004938466255418,-0.0048440715156054135]]
[[0.010875652011163372,-0.003243301231610728,-0.008507362530015486],[-0.0035021777074821653,-0.0016053998626752398,0.013213607865640666],[-0.007373474303681206,0.0048487010942859675,-0.00470624533562518]]
[[0.010571063576043399,-0.00308515243596846,-0.008293453050329446],[-0.0034193677448663418,-0.001614716930277614,0.01286798613120279],[-0.0071516958311770564,0.004699869366246074,-0.004574533080873342]]
[[0.010279893161742663,-0.0029358783964862313,-0.008088925177495215],[-0.0033398176698805062,-0.0016220959916379589,0.012537490268871897],[-0.006940075491862156,0.00455797438812419,-0.004448565091376682]]
[[0.010001339993002673,-0.0027948544796078056,-0.007893206974970922],[-0.0032633517046348173,-0.0016277297655809468,0.012221206936787452],[-0.006737988288367856,0.004422584245188752,-0.004327999961816531]]
[[0.009734663309017573,-0.0026615093722316954,-0.007705770506254739],[-0.0031898059005901203,-0.0016317911532982756,0.011918292446031525],[-0.006544857408427454,0.004293300525529971,-0.004212521939776785]]
[[0.009479176972435072,-0.002535319734902904,-0.0075261277864852386],[-0.003119027200744901,-0.001634435486737753,0.011627966389631995],[-0.006360149771690171,0.004169755221640657,-0.0041018386031467565]]
[[0.00923424464067741,-0.00241580546934969,-0.007353827164552436],[-0.003050872585727204,-0.001635802494165067,0.011349505947170515],[-0.006183372054950205,0.004051607963514756,-0.003995678782618079]]
[[0.008999275433020232,-0.0023025255210248853,-0.007188450084052438],[-0.0029852082956432994,-0.0016360180220892932,0.011082240783906913],[-0.006014067137376933,0.003938543543114179,-0.003893790699854475]]
[[0.008773720035654414,-0.0021950741486558368,-0.0070296081782944405],[-0.002921909120354848,-0.0016351955468117318,0.010825548474151677],[-0.005851810915299566,0.0038302696954675684,-0.0037959402958572365]]
[[0.008557067194466809,-0.0020930776023772766,-0.0068769406604437255],[-0.002860857751597271,-0.001633437503898594,0.010578850387855193],[-0.005696209442869538,0.0037265151062758706,-0.0037019097274114685]]
[[0.008348840551712255,-0.001996191160117799,-0.006730111974915808],[-0.002801944191020055,-0.0016308364597200648,0.010341607987287416],[-0.005546896360692201,0.003627027619837864,-0.0036114960123716073]]
[[0.008148595788278305,-0.001904096478779147,-0.006588809680456438],[-0.002745065208830203,-0.0016274761457021035,0.010113319487463426],[-0.0054035305794481025,0.0035315726244812507,-0.003524509807006988]]
[[0.007955918038005395,-0.0018164992225899706,-0.0064527425390583475],[-0.002690123848259261,-0.0016234323729897489,0.009893516839801653],[-0.0052657941897461345,0.0034399315955797195,-0.0034407743007433054]]
[[0.007770419544634496,-0.0017331269359982019,-0.00632163878807027],[-0.002637028971557694,-0.0016187738427291152,0.009681763003527246],[-0.005133390573076801,0.003351900778727317,-0.003360124215456977]]
[[0.007591737535509062,-0.0016537271327260535,-0.006195244575622702],[-0.0025856948436534487,-0.0016135628650637164,0.009477649473673987],[-0.005006042691855613,0.0032672899977897697,-0.003282404898051284]]
[[0.007419532289239776,-0.0015780655762623929,-0.0060733225418927745],[-0.002536040749999309,-0.0016078559981469796,0.009280794038295605],[-0.004883491539240467,0.0031859215744093725,-0.003207471496402831]]
[[0.00725348537721783,-0.0015059247302035015,-0.005955650530811004],[-0.0024879906454807277,-0.0016017046169452512,0.009090838740756564],[-0.004765494731737103,0.0031076293471487527,-0.0031351882099455606]]
[[0.007093298061193156,-0.001437102359553509,-0.00584202041862154],[-0.002441472831566538,-0.001595155420301815,0.008907448025805221],[-0.004651825229626618,0.003032257779855324,-0.003065427607183681]]
[[0.0069386898311669006,-0.0013714102664260062,-0.005732237047282936],[-0.002396419659162998,-0.0015882508836171047,0.008730307050599285],[-0.004542270172003903,0.002959661150043111,-0.002998070003316349]]
[[0.00678939706962426,-0.0013086731456033352,-0.0056261172520716985],[-0.0023527672548807107,-0.001581029663544121,0.00855912014400634],[-0.00443662981474355,0.002889702809147456,-0.0029330028919346413]]
[[0.00664517182968945,-0.00124872754715639,-0.0055234889739526945],[-0.0023104552686469305,-0.0015735269602765757,0.008393609399383809],[-0.0043347165610425195,0.0028222545074329656,-0.0028701204254311134]]
[[0.006505780716149341,-0.0011914209348440033,-0.00542419044833369],[-0.0022694266407956563,-0.001565774842300105,0.008233513387691174],[-0.0042363540753536846,0.0027571957771441082,-0.0028093229393574837]]
[[0.006371003859491542,-0.0011366108303303673,-0.005328069462744875],[-0.0022296273869470717,-0.0015578025378668388,0.008078585979233058],[-0.004141376472544471,0.002694413368197206,-0.0027505165164881835]]
[[0.006240633974158449,-0.001084164034408957,-0.005234982676796298],[-0.0021910063991486305,-0.0015496366969263925,0.007928595263602818],[-0.0040496275750098185,0.0026338007313353494,-0.002693612586806521]]
[[0.006114475493149708,-0.0010339559174258675,-0.005144794998480756],[-0.0021535152618943586,-0.0015413016267898027,0.0077833225585150385],[-0.003960960231255349,0.00257525754421567,-0.002638527560034283]]
[[0.005992343771927758,-0.0009858697719743017,-0.005057379011519949],[-0.002117108081768489,-0.001532819504406854,0.00764256149920198],[-0.0038752356901592686,0.0025186892763811555,-0.002585182487682031]]
[[0.0058740643553085465,-0.0009397962217021634,-0.004972614449008335],[-0.002081741329576115,-0.0015242105677930958,0.007506117200920488],[-0.003792323025732431,0.0024640067894952595,-0.0025335027519121523]]
[[0.005759472301663944,-0.0008956326807510386,-0.004890387709101326],[-0.0020473736939282316,-0.0015154932888431837,0.007373805487886678],[-0.003712098607735712,0.0024111259695942223,-0.0024834177787853525]]
[[0.005648411559334345,-0.0008532828589396113,-0.004810591408930642],[-0.002013965945342907,-0.0015066845295058824,0.007245452182638775],[-0.0036344456139914385,0.002359967388445494,-0.0024348607737081336]]
[[0.005540734390658171,-0.000812656308328485,-0.004733123973316453],[-0.001981480810009299,-0.0014977996830678542,0.007120892450434418],[-0.003559253580648872,0.002310455991396339,-0.0023877684771179647]]
[[0.0054363008394773295,-0.0007736680072656647,-0.004657889255189713],[-0.0019498828524378408,-0.0014888528020936677,0.0069999701938273685],[-0.0034864179870394887,0.0022625208093593327,-0.0023420809386376553]]
[[0.005334978238380861,-0.0007362379784204585,-0.00458479618494379],[-0.001919138366289058,-0.0014798567143944911,0.006882537493047625],[-0.0034158398720918024,0.0022160946928149496,-0.002297741308103835]]
[[0.005236640752308713,-0.0007002909376750651,-0.004513758446206987],[-0.0018892152727359155,-0.0014708231282443997,0.006768454088236068],[-0.003347425479572797,0.002171114065919465,-0.00225469564202908]]
[[0.005141168955459232,-0.0006657559710635687,-0.0044446941757705204],[-0.0018600830257710411,-0.0014617627279282642,0.006657586899965735],[-0.0032810859296881914,0.0021275186989918333,-0.0022128927241952135]]
[[0.005048449438731567,-0.0006325662372324468,-0.004377525685623613],[-0.0018317125239211982,-0.0014526852605864112,0.006549809584822317],[-0.003216736914810368,0.002085251497818858,-0.0021722838991987035]]
[[0.004958374445192068,-0.000600658693149508,-0.004312179205241505],[-0.0018040760278776333,-0.0014435996152165555,0.0064450021231210455],[-0.0031542984173144346,0.0020442583083660638,-0.0021328229178795397]]
[[0.004870841531284979,-0.0005699738410131924,-0.004248584642446035],[-0.0017771470835927484,-0.0014345138946010852,0.006343050436109971],[-0.00309369444769223,0.0020044877356142775,-0.0020944657936639356]]
[[0.0047857532517154786,-0.0005404554945146686,-0.004186675361314392],[-0.0017509004504315932,-0.0014254354808461316,0.006243846030254456],[-0.003034852801283885,0.0019658909753608005,-0.0020571706689400627]]
[[0.00470301686611992,-0.0005120505627841833,-0.004126387975751464],[-0.0017253120340010573,-0.0014163710951465478,0.006147285666417311],[-0.002977704832118862,0.001928421657930731,-0.0020208976906658477]]
[[0.004622544065806341,-0.0004847088505129856,-0.004067662157467121],[-0.0017003588233110343,-0.001407326852326897,0.006053271051946779],[-0.002922185242495307,0.0018920357028398827,-0.0019856088944796586]]
[[0.004544250718999884,-0.0004583828728852568,-0.004010440457212865],[-0.0016760188319502134,-0.0013983083106517238,0.005961708553862288],[-0.0028682318870496704,0.0018566911835369805,-0.0019512680966494232]]
[[0.004468056633164576,-0.0004330276840826371,-0.003954668138234178],[-0.0016522710429850828,-0.0013893205173478745,0.005872508931488194],[-0.0028157855901794933,0.0018223482014305115,-0.001917840793254016]]
[[0.004393885333096552,-0.0004086007182388874,-0.00390029302098695],[-0.0016290953573143108,-0.0013803680502367764,0.005785587087030381],[-0.0027647899757822407,0.001788968768475664,-0.0018852940660434307]]
[[0.004321663853595505,-0.0003850616418254215,-0.003847265338249277],[-0.0016064725452321368,-0.0013714550558345854,0.005700861832721105],[-0.0027151913083633674,0.0017565166976600067,-0.001853596494471828]]
[[0.0042513225456223425,-0.00036237221654126,-0.0037955375998349125],[-0.0015843842009739782,-0.001362585284242462,0.005618255673275529],[-0.002666938344648364,0.0017249575007837218,-0.001822718073440616]]
[[0.004182794894942761,-0.00034049617186441173,-0.0037450644661826105],[-0.0015628127000353923,-0.001353762121117463,0.00553769460251031],[-0.0026199821949073683,0.0016942582929818746,-0.0017926301363276993]]
[[0.00411601735233956,-0.00031939908649694974,-0.003695802630156918],[-0.0015417411590718012,-0.0013449886169860875,0.005459107913071325],[-0.002574276193267759,0.0016643877034830373,-0.0017633052829144067]]
[[0.004050929174552104,-0.00029904827800387025,-0.0036477107064517957],[-0.001521153398201371,-0.0013362675141371217,0.005382428018305474],[-0.0025297757763507326,0.001635315792140992,-0.001734717311853678]]
[[0.00398747227516992,-0.0002794127000070951,-0.0036007491280388966],[-0.0015010339055470342,-0.001327601271307656,0.00530759028539114],[-0.0024864383696228862,0.0016070139713147509,-0.0017068411573522425]]
[[0.003925591084769953,-0.00026046284635132197,-0.00355488004914832],[-0.0014813678038662077,-0.0013189920863557682,0.005234532878914359],[-0.0024442232809037453,0.00157945493270709,-0.0016796528297660387]]
[[0.0038652324196437908,-0.0002421706617085214,-0.00351006725431135],[-0.001462140819128159,-0.0013104419170950642,0.005163196614143581],[-0.002403091600515632,0.0015526125788035857,-0.0016531293598322306]]
[[0.003806345358513049,-0.00022450945813323612,-0.0034662760730326562],[-0.001443339250909498,-0.0013019525004498197,0.005093524819315837],[-0.002363006107603551,0.0015264619585830558,-0.0016272487462831804]]
[[0.003748881126678385,-0.00020745383712194188,-0.003423473299694069],[-0.0014249499444878892,-0.0012935253700747326,0.005025463206301838],[-0.0023239311821904958,0.0015009792071966745,-0.0016019899066077687]]
[[0.00369279298709078,-0.00019097961676703954,-0.003381627118323559],[-0.0014069602645229483,-0.0012851618725699693,0.004958959749067308],[-0.0022858327225678318,0.0014761414893370087,-0.0015773326307437488]]
[[0.0036380361378731676,-0.00017506376362991921,-0.0033407070318917775],[-0.0013893580702213709,-0.001276863182410246,0.004893964569393313],[-0.0022486780676517965,0.0014519269460401653,-0.0015532575375015356]]
[[0.0035845676158566078,-0.00015968432898834394,-0.0033006837958248613],[-0.0013721316918908493,-0.0012686303156958796,0.004830429829359984],[-0.0022124359239657585,0.0014283146446842235,-0.0015297460335351228]]
[[0.0035323462057282014,-0.00014482038914140046,-0.0032615293554461616],[-0.0013552699087941798,-0.0012604641428240254,0.004768309630135943],[-0.0021770762969340217,0.0014052845319654258,-0.001506780274689781]]
[[0.0034813323544182232,-0.00013045198948079208,-0.0032232167870815407],[-0.0013387619282213047,-0.0012523654001695252,0.004707559916650568],[-0.0021425704261969184,0.0013828173896503174,-0.001484343129569028]]
[[0.003431488090381676,-0.00011656009206049132,-0.003185720242582991],[-0.0013225973657028443,-0.0012443347008568397,0.004648138387758061],[-0.0021088907246788317,0.0013608947929173313,-0.0014624181451750708]]
[[0.0033827769474549492,-0.00010312652641799593,-0.0031490148970437486],[-0.0013067662262940631,-0.001236372544697368,0.004590004411531462],[-0.0020760107211608863,0.001339499071115364,-0.0014409895144877134]]
[[0.0033351638929916168,-0.00009013394341977074,-0.0031130768994949553],[-0.0012912588868631656,-0.0012284793273599395,0.004533118945351549],[-0.002043905006128451,0.0013186132707797102,-0.0014200420458565935]]
[[0.003288615260002911,-0.00007756577192117762,-0.0030778833263894324],[-0.0012760660793223822,-0.0012206553488363935,0.004477444460480139],[-0.002012549180680529,0.001298221120757571,-0.0013995611340907065]]
[[0.003243098683048138,-0.00006540617804735264,-0.0030434121376923854],[-0.0012611788747445341,-0.0012129008212587939,0.0044229448708299],[-0.0019819198083036037,0.0012783069993061464,-0.001379532733137515]]
[[0.0031985830376385243,-0.00005364002691630738,-0.0030096421354118856],[-0.0012465886683116951,-0.0012052158761200016,0.00436958546566353],[-0.0019519943693268292,0.001258855903036309,-0.0013599433302516441]]
[[0.0031550383829346646,-0.00004225284663908848,-0.002976552924414027],[-0.0012322871650461212,-0.00119760057094491,0.0043173328459742465],[-0.0019227512178885435,0.0012398534175839986,-0.0013407799215602197]]
[[0.0031124359075332493,-0.00003123079444424491,-0.0029441248753787888],[-0.0012182663662770323,-0.0011900548954556713,0.004266154864317236],[-0.0018941695412562172,0.0012212856898999162,-0.0013220299889384476]]
[[0.0030707478781529015,-0.000020560624785276988,-0.0029123390897627006],[-0.0012045185567998596,-0.0011825787772705696,0.004216020567877727],[-0.0018662293213530423,0.0012031394020558467,-0.0013036814781150262]]
[[0.003029947591042156,-0.000010229659300168658,-0.0028811773666439513],[-0.0011910362926874816,-0.0011751720871729316,0.004166900144576504],[-0.0018389112983546742,0.0011854017464731003,-0.0012857227779325524]]
[[0.0029900093259446975,-2.2575850175084785e-7,-0.0028506221713341245],[-0.0011778123897156043,-0.001167834643983412,0.004118764872027313],[-0.0018121969362290935,0.0011680604024851627,-0.0012681427006931882]]
[[0.0029509083024682,9.462704913545841e-6,-0.002820656605648814],[-0.0011648399123669112,-0.0011605662190662639,0.0040715870691734185],[-0.001786068390101289,0.0011511035141527181,-0.001250930463524605]]
[[0.0029126206387134752,0.000018846871242862023,-0.0027912643797367563],[-0.0011521121633808998,-0.0011533665404977068,0.004025340050442342],[-0.0017605084753325754,0.0011345196692548448,-0.0012340756707055857]]
[[0.0028751233120302214,0.000027937417536822947,-0.0027624297853738873],[-0.0011396226738184373,-0.001146235296922195,0.00397999808226862],[-0.001735500638211784,0.0011182978793853721,-0.0012175682968947328]]
[[0.0028383941217745537,0.00003674458003213757,-0.0027341376706351084],[-0.0011273651936120406,-0.0011391721411203252,0.003935536341844572],[-0.001711028928162513,0.0011024275610881876,-0.0012013986712094634]]
[[0.002802411653951704,0.00004527817534048524,-0.002706373415862366],[-0.0011153336825747311,-0.0011321766933102162,0.0038919308779683222],[-0.0016870779713769727,0.001086898517969731,-0.001185557462105956]]
[[0.0027671552476349246,0.000053547620471393266,-0.002679122910852998],[-0.0011035223018419933,-0.0011252485442024166,0.0038491585738669367],[-0.0016636329457929313,0.0010717009237310234,-0.0011700356630139387]]
[[0.0027326049630586975,0.00006156195176146729,-0.002652372533197426],[-0.0010919254057229896,-0.00111838725782686,0.0038071971118806094],[-0.0016406795573357077,0.0010568253060653928,-0.0011548245786831834]]
[[0.002698741551290889,0.00006932984277728082,-0.0026261091276997897],[-0.0010805375339386194,-0.0011115923741488677,0.003766024939901141],[-0.0016182040173522694,0.0010422625313715869,-0.0011399158122013513]]
[[0.0026655464253946422,0.00007685962125466683,-0.002600319986819516],[-0.001069353404225426,-0.0011048634114899077,0.003725621239464927],[-0.0015961930211692162,0.001028003790235241,-0.001125301252645411]]
[[0.002633001632996397,0.00008415928513285731,-0.0025749928320757745],[-0.0010583679052856094,-0.0010981998687675644,0.003685965895407011],[-0.0015746337277107874,0.001014040583634707,-0.0011109730633312366]]
[[0.0026010898301817463,0.00009123651773799187,-0.002550115796360477],[-0.0010475760900646065,-0.0010916012275680737,0.0036470394669887002],[-0.0015535137401171402,0.0010003647098300818,-0.0010969236706282232]]
[[0.0025697942566457045,0.00009809870216684932,-0.0025256774071089486],[-0.001036973169338826,-0.0010850669540637219,0.003608823160416769],[-0.0015328210873068785,0.0009869682518968725,-0.0010831457533078202]]
[[0.0025390987120285265,0.00010475293491828467,-0.00250166657028059],[-0.0010265545055971456,-0.00107859650078649,0.003571298802677407],[-0.0015125442064313805,0.0009738435658682053,-0.0010696322323968167]]
[[0.002508987533372485,0.00011120603881670645,-0.0024780725551048276],[-0.0010163156072007756,-0.0010721893082684304,0.0035344488166128268],[-0.0014926719261717093,0.000960983269451724,-0.0010563762615079992]]
[[0.0024794455736389287,0.00011746457526903538,-0.0024548849795504413],[-0.0010062521228069823,-0.0010658448065584808,0.003498256197172913],[-0.0014731934508319465,0.0009483802312894455,-0.0010433712176224719]]
[[0.00245045818122866,0.00012353485589387467,-0.00243209379647892],[-0.0009963598360430174,-0.001059562416624683,0.0034627044887784193],[-0.0014540983451856427,0.0009360275607308083,-0.0010306106922994996]]
[[0.0024220111804521055,0.00012942295355912253,-0.0024096892804449225],[-0.000986634660417407,-0.0010533415516500923,0.0034277777637360934],[-0.0014353765200346982,0.0009239185980909699,-0.001018088483291171]]
[[0.002394090852898945,0.0001351347128619424,-0.0023876620151091605],[-0.0009770726344564757,-0.0010471816182300573,0.003393460601649704],[-0.0014170182184424693,0.0009120469053681149,-0.0010057985865405436]]
[[0.0023666839196598744,0.00014067576008281715,-0.002366002881231088],[-0.0009676699170546855,-0.0010410820174779549,0.0033597380697742837],[-0.0013990140026051887,0.0009004062573951376,-0.0009937351885431962]]
[[0.0023397775243559783,0.00014605151264343813,-0.002344703045210792],[-0.0009584227830280385,-0.001035042146045966,0.003326595704264094],[-0.0013813547413279398,0.000888990633402528,-0.0009818926590533018]]
[[0.0023133592169337835,0.00015126718809627896,-0.002323753948151231],[-0.0009493276188603627,-0.0010290613970669684,0.0032940194922676594],[-0.0013640315980734206,0.0008777942089706896,-0.0009702655441164283]]
[[0.002287416938186524,0.00015632781267198238,-0.002303147295413718],[-0.0009403809186329073,-0.0010231391610231845,0.0032619958548260356],[-0.0013470360195536168,0.0008668113483512023,-0.0009588485594123178]]
[[0.002261939004964445,0.0001612382294090606,-0.0022828750466411317],[-0.000931579280128196,-0.0010172748265468196,0.0032305116305329914],[-0.0013303597248362489,0.0008560365971377589,-0.00094763658389186]]
[[0.002236914096039066,0.00016600310588890362,-0.0022629294062248115],[-0.0009229194010995849,-0.0010114677811575204,0.003199554059918184],[-0.0013139946949394814,0.0008454646752686168,-0.0009366246536933725]]
[[0.002212331238588397,0.00017062694159766952,-0.0022433028141924686],[-0.0009143980756984505,-0.0010057174119411584,0.0031691107705166307],[-0.0012979331628899461,0.0008350904703434889,-0.0009258079563241618]]
[[0.0021881797952719093,0.00017511407493534187,-0.0022239879374958177],[-0.0009060121910513844,-0.0010000231061740984,0.003139169762589935],[-0.0012821676042205246,0.0008249090312387566,-0.0009151818250941174]]
[[0.0021644494518658604,0.0001794686898909868,-0.0022049776616777433],[-0.0008977587239801534,-0.0009943842518968203,0.0031097193954665874],[-0.0012666907278857068,0.0008149155620058336,-0.0009047417337888441]]
[[0.0021411302054312187,0.0001836948224021172,-0.0021862650829000655],[-0.0008896347378576251,-0.0009888002384404872,0.003080748374470604],[-0.0012514954675735934,0.00080510541603837,-0.0008944832915705388]]
[[0.0021182123529879552,0.00018779636641500072,-0.002167843500313958],[-0.0008816373795931831,-0.000983270456909787,0.0030522457384094155],[-0.001236574973394772,0.0007954740904947863,-0.0008844022380954574]]
[[0.002095686480670942,0.0001917770796617431,-0.0021497064087561196],[-0.0008737638767415176,-0.0009777943006251482,0.0030242008475935664],[-0.0012219226039294246,0.000786017220963405,-0.0008744944388374466]]
[[0.0020735434533440565,0.00019564058916905173,-0.00213184749175473],[-0.0008660115347290129,-0.0009723711655271997,0.002996603372362314],[-0.0012075319186150438,0.0007767305763581481,-0.0008647558806075839]]
[[0.002051774404650355,0.00019939039651271505,-0.0021142606148300885],[-0.0008583777341922359,-0.0009670004505461549,0.0029694432820906017],[-0.0011933966704581191,0.0007676100540334399,-0.0008551826672605132]]
[[0.0020303707274773953,0.0002030298828310078,-0.0020969398190756852],[-0.0008508599284233428,-0.0009616815579385943,0.002942710834654254],[-0.0011795107990540522,0.0007586516751075865,-0.0008457710155785685]]
[[0.002009324064817903,0.00020656231360947355,-0.0020798793150062136],[-0.000843455640917462,-0.0009564138935939611,0.0029163965663314743],[-0.0011658684239004408,0.0007498515799844876,-0.0008365172513252609]]
[[0.001988626301007058,0.0002099908432488236,-0.0020630734766597715],[-0.0008361624630174049,-0.0009511968673129158,0.002890491282119923],[-0.001152463837989653,0.0007412060240640922,-0.0008274178054601519]]
[[0.0019682695533186404,0.00021331851942702222,-0.0020465168359422017],[-0.0008289780516512588,-0.000946029893059549,0.0028649860464497554],[-0.0011392915016673816,0.0007327113736325266,-0.0008184692105075537]]
[[0.001948246163903258,0.00021654828726598227,-0.0020302040772021126],[-0.0008219001271586684,-0.0009409123891893031,0.002839872174274022],[-0.0011263460367445894,0.0007243641019233208,-0.0008096680970719097]]
[[0.0019285486920527246,0.00021968299331273774,-0.00201413003202581],[-0.0008149264712018192,-0.0009358437786543424,0.0028151412225188724],[-0.0011136222208509054,0.0007161607853416047,-0.0008010111904930626]]
[[0.0019091699067755109,0.00022272538934437998,-0.0019982896742418658],[-0.0008080549247573322,-0.0009308234891879691,0.002790784981876854],[-0.0011011149820181786,0.0007080980998435892,-0.0007924953076349881]]
[[0.001890102779668966,0.00022567813600553777,-0.0019826781151256337],[-0.0008012833861854762,-0.0009258509534695934,0.002766795468927532],[-0.0010888193934834897,0.0007001728174640556,-0.0007841173538018982]]
[[0.0018713404780747547,0.0002285438062867019,-0.0019672905987945127],[-0.0007946098093732901,-0.000920925609271645,0.0027431649185704395],[-0.0010767306687014648,0.0006923818029849431,-0.000775874319775927]]
[[0.0018528763585046308,0.0002313248888512171,-0.0019521224977852318],[-0.0007880322019483518,-0.0009160468995897251,0.0027198857767561464],[-0.001064844156556279,0.000684722010738508,-0.0007677632789709146]]
[[0.0018347039603243624,0.0002340237912183631,-0.0019371693088048913],[-0.0007815486235601344,-0.0009112142727572132,0.0026969506935019738],[-0.0010531553367642281,0.0006771904815388501,-0.0007597813846970827]]
[[0.0018168169996841965,0.0002366428428095176,-0.0019224266486479072],[-0.000775157184225989,-0.0009064271825454484,0.002674352516179559],[-0.0010416598154582074,0.0006697843397359309,-0.0007519258675316514]]
[[0.0017992093636848782,0.0002391842978640322,-0.001907890250271422],[-0.0007688560427389877,-0.0009016850882505379,0.0026520842830621257],[-0.0010303533209458904,0.0006625007903865057,-0.0007441940327907036]]
[[0.0017818751047687649,0.00024165033823108994,-0.0018935559590220934],[-0.0007626434051349589,-0.0008969874547677726,0.0026301392171199293],[-0.001019231699633806,0.0006553371165366826,-0.0007365832580978358]]
[[0.001764808435326103,0.00024404307604347262,-0.001879419729007562],[-0.0007565175232161929,-0.0008923337526545512,0.0026085107200529084],[-0.0010082909121099102,0.0006482906766110785,-0.0007290909910453466]]
[[0.0017480037225070409,0.00024636455627886385,-0.0018654776196062146],[-0.0007504766931294157,-0.0008877234581826771,0.002587192366550156],[-0.0009975270293776253,0.0006413589019038132,-0.0007217147469439414]]
[[0.0017314554832303921,0.00024861675921399983,-0.0018517257921091754],[-0.0007445192539957379,-0.0008831560533808018,0.0025661778987662856],[-0.0009869362292346542,0.000634539294166802,-0.00071445210665711]]
[[0.001715158379380627,0.00025080160277671866,-0.0018381605064887794],[-0.0007386435865904025,-0.0008786310260677689,0.0025454612210053136],[-0.0009765147927902245,0.0006278294232910502,-0.0007073007145165342]]
[[0.0016991072131849676,0.000252920944800671,-0.001824778118288019],[-0.0007328481120702443,-0.0008741478698775277,0.002525036394603073],[-0.0009662591011147232,0.0006212269250768567,-0.0007002582763150541]]
[[0.0016832969227628795,0.00025497658518723853,-0.0018115750756257927],[-0.0007271312907469027,-0.0008697060842762771,0.0025048976329996825],[-0.0009561656320159768,0.0006147294990890386,-0.0006933225573738898]]
[[0.0016677225778405844,0.0002569702679789399,-0.0017985479163129634],[-0.0007214916209038699,-0.0008653051745724193,0.002485039296993937],[-0.0009462309569367145,0.0006083349065934793,-0.0006864913806809733]]
[[0.0016523793756236206,0.00025890368334840634,-0.0017856932650745358],[-0.0007159276376556038,-0.0008609446519198915,0.0024654558901719328],[-0.000936451737968017,0.0006020409685714853,-0.0006797626250973968]]
[[0.0016372626368207693,0.0002607784695067865,-0.0017730078308734324],[-0.0007104379118469688,-0.0008566240333153883,0.002446142054502556],[-0.0009268247249738005,0.0005958455638086018,-0.0006731342236291234]]
[[0.0016223678018130096,0.0002625962145352581,-0.0017604884043316258],[-0.0007050210489913833,-0.0008523428415899629,0.0024270925660928675],[-0.0009173467528216263,0.0005897466270547049,-0.0006666041617612419]]
[[0.001607690426961445,0.00026435845814311347,-0.0017481318552445163],[-0.0006996756882460952,-0.0008481006053954523,0.0024083023310966932],[-0.0009080147387153501,0.0005837421472523388,-0.0006601704758521772]]
[[0.0015932261810484433,0.00026606669335574714,-0.0017359351301847088],[-0.0006944005014231097,-0.0008438968591861551,0.0023897663817700897],[-0.0008988256796253336,0.000577830165830408,-0.0006538312515853811]]
[[0.0015789708418464834,0.0002677223681356693,-0.0017238952501914676],[-0.0006891941920343344,-0.0008397311431961463,0.0023714798726676223],[-0.000889776649812149,0.000572008775060477,-0.0006475846224761545]]
[[0.0015649202928094802,0.00026932688693954006,-0.0017120093085423232],[-0.0006840554943695876,-0.0008356030034125959,0.0023534380769736707],[-0.0008808647984398926,0.0005662761164730559,-0.0006414287684313473]]
[[0.0015510705198815812,0.0002708816122140601,-0.001700274468603484],[-0.0006789831726061705,-0.0008315119915454371,0.0023356363829632842],[-0.0008720873472754108,0.000560630379331377,-0.0006353619143598003]]
[[0.0015374176084186591,0.0002723878658334172,-0.0016886879617558316],[-0.0006739760199487587,-0.0008274576649936944,0.0023180702905873053],[-0.0008634415884699004,0.0005550697991602773,-0.0006293823288314736]]
[[0.00152395774021796,0.00027384693048084884,-0.001677247085393449],[-0.0006690328577984345,-0.0008234395868087687,0.002300735408176765],[-0.0008549248824195256,0.0005495926563279199,-0.0006234883227833161]]
[[0.0015106871906515546,0.0002752600509767672,-0.0016659492009917503],[-0.0006641525349497155,-0.0008194573256549594,0.0022836274492617596],[-0.000846534655701839,0.0005441972746781923,-0.0006176782482700095]]
[[0.0014976023258994452,0.0002766284355557664,-0.0016547917322424443],[-0.0006593339268145108,-0.0008155104557674754,0.002266742229500247],[-0.0008382683990849346,0.000538882020211709,-0.0006119504972578026]]
[[0.0014846996002783651,0.00027795325709471943,-0.0016437721632526483],[-0.0006545759346719501,-0.0008115985569081738,0.0022500756637123874],[-0.0008301236656064149,0.0005336452998134545,-0.000606303500459739]]
[[0.001471975553662483,0.00027923565429407386,-0.0016328880368056285],[-0.0006498774849431117,-0.0008077212143192538,0.0022336237630162744],[-0.0008220980687193713,0.00052848556002518,-0.0006007357262106459]]
[[0.0014594268089924015,0.00028047673281434137,-0.00162213695268073],[-0.0006452375284896857,-0.000803878018675104,0.00221738263206107],[-0.0008141892805027159,0.0005234012858607625,-0.0005952456793803402]]
[[0.0014470500698689883,0.0002816775663697006,-0.0016115165660301803],[-0.0006406550399356784,-0.0008000685660325071,0.002201348466353734],[-0.0008063950299333099,0.0005183909996628066,-0.0005898319003235537]]
[[0.0014348421182287323,0.00028283919778051674,-0.001601024585810544],[-0.0006361290170112742,-0.0007962924577793714,0.002185517549675713],[-0.0007987131012174581,0.0005134532599988546,-0.0005844929638651691]]
[[0.0014227998120974767,0.0002839626399865255,-0.0015906587732667239],[-0.0006316584799180389,-0.0007925493005821632,0.002169886251586121],[-0.0007911413321794379,0.0005085866605956378,-0.0005792274783193971]]
[[0.001410920083419488,0.0002850488770223195,-0.001580416940466458],[-0.000627242470714651,-0.0007888387063321904,0.0021544510250080615],[-0.000783677612704837,0.0005037898293098708,-0.0005740340845416035]]
[[0.0013991999359589894,0.0002860988649567158,-0.0015702969488833986],[-0.0006228800527224103,-0.0007851602920908823,0.002139208403894937],[-0.0007763198832365791,0.0004990614271341667,-0.0005689114550115385]]
[[0.0013876364432713825,0.00028711353279751176,-0.0015602967080269063],[-0.0006185703099497912,-0.0007815136800342062,0.0021241550009736816],[-0.0007690661333215913,0.0004944001472366944,-0.0005638582929467753]]
[[0.0013762267467415045,0.0002880937833630482,-0.0015504141741167785],[-0.0006143123465353272,-0.0007778984973963315,0.0021092875055620038],[-0.0007619144002061774,0.0004898047140332834,-0.0005588733314452253]]
[[0.0013649680536864024,0.0002890404941219583,-0.0015406473488012377],[-0.0006101052862081754,-0.0007743143764126744,0.0020946026814568693],[-0.0007548627674782269,0.000485273882290716,-0.0005539553326556318]]
[[0.0013538576355201783,0.0002899545180023979,-0.0015309942779165237],[-0.000605948271765698,-0.000770760954262413,0.0020800973648915236],[-0.0007479093637544804,0.0004808064362600151,-0.0005491030869749999]]
[[0.0013428928259786002,0.0002908366841720044,-0.0015214530502865571],[-0.0006018404645674562,-0.0007672378730105865,0.0020657684625585196],[-0.000741052361411144,0.00047640118883858203,-0.0005443154122719626]]
[[0.0013320710194012382,0.00029168779878977223,-0.0015120217965611717],[-0.0005977810440450174,-0.0007637447795498609,0.0020516129496962934],[-0.0007342899753562207,0.0004720569807600887,-0.0005395911531351215]]
[[0.0013213896690690012,0.00029250864573098043,-0.0015026986880914957],[-0.0005937692072270123,-0.0007602813255420548,0.00203762786823694],[-0.0007276204618419889,0.0004677726798110744,-0.0005349291801454443]]
[[0.0013108462855950275,0.00029329998728625043,-0.0014934819358410963],[-0.0005898041682788905,-0.0007568471673594935,0.002023810325012933],[-0.000721042117316137,0.00046354718007324307,-0.0005303283891718364]]
[[0.0013004384353669687,0.0002940625648357769,-0.0014843697893316007],[-0.000585885158056859,-0.0007534419660262765,0.002010157490020644],[-0.0007145532773101097,0.00045937940119049965,-0.0005257877006890435]]
[[0.0012901637390387946,0.00029479709949971556,-0.0014753605356215178],[-0.0005820114236754968,-0.0007500653871595183,0.001996666594738592],[-0.0007081523153632978,0.00045526828765980276,-0.0005213060591170742]]
[[0.0012800198700703104,0.0002955042927656736,-0.0014664524983170595],[-0.0005781822280885637,-0.0007467171009106247,0.0019833349304984238],[-0.0007018376419817467,0.00045121280814495107,-0.0005168824321813645]]
[[0.0012700045533126647,0.0002961848270942105,-0.0014576440366138135],[-0.0005743968496825439,-0.0007433967819066671,0.001970159846906752],[-0.0006956077036301209,0.00044721195481245657,-0.0005125158102929389]]
[[0.0012601155636381913,0.00029683936650320856,-0.0014489335443681518],[-0.0005706545818824758,-0.0007401041091919039,0.001957138750316008],[-0.0006894609817557155,0.00044326474268869534,-0.0005082052059478563]]
[[0.0012503507246129867,0.0002974685571319421,-0.0014403194491973059],[-0.0005669547327696409,-0.0007368387661694958,0.0019442691023425528],[-0.0006833959918433457,0.0004393702090375537,-0.000503949653145247]]
[[0.0012407079072107152,0.00029807302778563647,-0.0014318002116071062],[-0.000563296624710709,-0.0007336004405434678,0.0019315484184303964],[-0.000677411282500006,0.0004355274127578313,-0.0004997482068232903]]
[[0.001231185028566156,0.000298653390461273,-0.0014233743241463882],[-0.0005596795939979342,-0.0007303888242609483,0.0019189742664588792],[-0.0006715054345682219,0.00043173543379967537,-0.0004955999423124912]]
[[0.001221780050767102,0.0002992102408553593,-0.0014150403105871292],[-0.0005561029905000294,-0.000727203613454729,0.0019065442653927855],[-0.0006656770602670726,0.00042799337259936975,-0.0004915039548056565]]
[[0.0012124909796832543,0.0002997441588543682,-0.0014067967251294251],[-0.0005525661773233567,-0.0007240445083861826,0.0018942560839734063],[-0.0006599248023598975,0.0004243003495318145,-0.0004874593588439813]]
[[0.0012033158638308189,0.00030025570900849653,-0.0013986421516304194],[-0.00054906853048308,-0.0007209112133885619,0.0018821074394491082],[-0.0006542473333477388,0.0004206555043800654,-0.00048346528781868857]]
[[0.0011942527932715542,0.00030074544098938823,-0.0013905752028563739],[-0.0005456094385839395,-0.0007178034368107155,0.001870096096344054],[-0.0006486433546876145,0.0004170579958213272,-0.00047952089348767994]]
[[0.0011852998985450816,0.000301213890032425,-0.0013825945197570616],[-0.0005421883025103358,-0.0007147208909612418,0.0018582198652637445],[-0.0006431115960347457,0.00041350700092881683,-0.0004756253455066831]]
[[0.0011764553496333018,0.00030166157736416857,-0.0013746987707617246],[-0.000538804535125397,-0.0007116632920531084,0.0018464766017361215],[-0.0006376508145079048,0.00041000171468893987,-0.0004717778309743972]]
[[0.0011677173549558162,0.000302089010615515,-0.0013668866510958577],[-0.0005354575609787416,-0.0007086303601487545,0.0018348642050870143],[-0.0006322597939770747,0.00040654134953323944,-0.00046797755399115683]]
[[0.0011590841603952896,0.00030249668422109067,-0.001359156882118096],[-0.0005321468160226412,-0.0007056218191056962,0.0018233806173487523],[-0.0006269373443726484,0.0004031251348846055,-0.00046422373523065613]]
[[0.001150554048351735,0.00030288507980541247,-0.001351508210676551],[-0.000528871747336309,-0.0007026373965226578,0.001812023822200841],[-0.000621682301015426,0.00039975231671724533,-0.00046051561152428975]]
[[0.001142125336824735,0.000303254666556288,-0.0013439394084838962],[-0.0005256318128580437,-0.0006996768236862295,0.0018007918439415826],[-0.0006164935239666911,0.00039642215712994144,-0.0004568524354576863]]
[[0.0011337963785226562,0.00030360590158594704,-0.0013364492715106128],[-0.0005224264811249726,-0.0006967398355180844,0.0017896827464896363],[-0.0006113698973976835,0.0003931339339321374,-0.0004532334749790236]]
[[0.0011255655599979539,0.0003039392302803394,-0.0013290366193957647],[-0.0005192552310201498,-0.0006938261705227511,0.0017786946324144972],[-0.0006063103289778041,0.00038988694024241164,-0.0004496580130187326]]
[[0.0011174313008076805,0.00030425508663704104,-0.0013217002948747202],[-0.0005161175515267607,-0.000690935570735958,0.0017678256419949314],[-0.0006013137492809198,0.0003866804840989169,-0.0004461253471202113]]
[[0.0011093920526983703,0.0003045538935921842,-0.0013144391632232669],[-0.0005130129414892169,-0.0006880677816735614,0.00175707395230445],[-0.0005963791112091534,0.00038351388808137714,-0.0004426347890811831]]
[[0.0011014462988144813,0.00030483606333680613,-0.0013072521117175693],[-0.0005099409093809052,-0.0006852225522810588,0.0017464377763229196],[-0.0005915053894335763,0.0003803864889442526,-0.00043918566460535017]]
[[0.0010935925529296196,0.0003051019976230055,-0.0013001380491094521],[-0.0005069009730783885,-0.0006823996348836981,0.001735915362073452],[-0.0005866915798512309,0.0003772976372606927,-0.0004357773129639998]]
[[0.0010858293586997908,0.0003053520880602693,-0.0012930959051165114],[-0.0005038926596418468,-0.0006795987851371878,0.001725504991783754],[-0.000581936699057944,0.0003742466970769185,-0.0004324090866672427]]
[[0.0010781552889379663,0.0003055867164023262,-0.0012861246299265589],[-0.0005009155051015615,-0.0006768197619790106,0.0017152049810711262],[-0.0005772397838364049,0.0003712330455766845,-0.00042908035114456707]]
[[0.0010705689449092542,0.0003058062548248623,-0.0012792231937159494],[-0.0004979690542502511,-0.0006740623275803453,0.0017050136781503558],[-0.000572599890659003,0.0003682560727554831,-0.0004257904844344063]]
[[0.001063068955646015,0.00030601106619442784,-0.0012723905861813261],[-0.0004950528604410739,-0.0006713262472985981,0.0016949294630637555],[-0.0005680160952049409,0.00036531518110417024,-0.0004225388768824294]]
[[0.0010556539772822774,0.00030620150432884564,-0.0012656258160843722],[-0.0004921664853911239,-0.000668611289630547,0.001684950746932647],[-0.0005634874918911533,0.00036240978530170133,-0.00041932493084827465]]
[[0.001048322692406821,0.0003063779142494233,-0.0012589279108091345],[-0.000489309498990239,-0.0006659172261661005,0.0016750759712295892],[-0.0005590131934165821,0.00035953931191667725,-0.00041614806042045475]]
[[0.001041073809434339,0.0003065406324252525,-0.001252295915931521],[-0.00048648147911496545,-0.0006632438315426646,0.0016653036070706949],[-0.0005545923303193735,0.000356703199117412,-0.00041300769113917374]]
[[0.0010339060619940915,0.0003066899870098826,-0.001245728894800604],[-0.00048368201144751333,-0.0006605908834001275,0.0016556321545274071],[-0.0005502240505465782,0.000353900896390245,-0.0004099032597268031]]
[[0.0010268182083355045,0.00030682629807062206,-0.0012392259281313249],[-0.0004809106892995524,-0.0006579581623364514,0.0016460601419571016],[-0.000545907519035952,0.00035113186426582934,-0.00040683421382577665]]
[[0.0010198090307501654,0.0003069498778107381,-0.001232786113608273],[-0.00047816711344069514,-0.0006553454518638784,0.0016365861253519428],[-0.0005416419173094703,0.00034839557405314035,-0.0004038000117436699]]
[[0.0010128773350097048,0.00030706103078478766,-0.0012264085655001667],[-0.0004754508919315281,-0.0006527525383657402,0.0016272086877054035],[-0.0005374264430781767,0.00034569150758095244,-0.0004008001222052367]]
[[0.0010060219498190595,0.0003071600541073256,-0.0012200924142847182],[-0.0004727616399610479,-0.0006501792110538733,0.0016179264383959068],[-0.0005332603098580117,0.00034301915694654773,-0.0003978340241111888]]
[[0.0009992417262846445,0.00030724723765521427,-0.001213836806283554],[-0.0004700989796883764,-0.00064762526192664,0.001608738012587061],[-0.000529142746596268,0.00034037802427142565,-0.00039490120630350696]]
[[0.000992535537396953,0.00030732286426375503,-0.0012076409033068823],[-0.00046746254008861454,-0.0006450904857275418,0.0015996420706439617],[-0.0005250729973083384,0.0003377676214637867,-0.0003920011673370794]]
[[0.0009859022775271528,0.00030738720991684975,-0.0012015038823075981],[-0.000464851956802719,-0.0006425746799044322,0.0015906372975650752],[-0.0005210503207244338,0.0003351874699875825,-0.00038913341525747706]]
[[0.000979340861937235,0.0003074405439313979,-0.0011954249350445499],[-0.00046226687199127673,-0.0006400776445693175,0.0015817224024292221],[-0.0005170739899459582,0.0003326371006379196,-0.0003862974673846722]]
[[0.000972850226303299,0.0003074831291361258,-0.0011894032677546825],[-0.0004597069341920624,-0.0006375991824587444,0.0015728961178572026],[-0.0005131432921112364,0.0003301160533226186,-0.00038349285010251993]]
[[0.0009664293262515764,0.00030751522204502973,-0.001183438100833777],[-0.00045717179818126623,-0.0006351390988947682,0.0015641571994876064],[-0.0005092575280703102,0.00032762387684973847,-0.0003807190986538293]]
[[0.000960077136906797,0.00030753707302562047,-0.0011775286685255443],[-0.00045466112483828205,-0.0006326972017464974,0.0015555044254663944],[-0.0005054160120685151,0.00032516012872087696,-0.00037797575694085007]]
[[0.0009537926524525245,0.00030754892646214066,-0.0011716742186188066],[-0.00045217458101395256,-0.0006302733013922103,0.001546936595949821],[-0.0005016180714385719,0.0003227243749300696,-0.00037526237733101454]]
[[0.0009475748857030967,0.00030755102091392194,-0.0011658740121525287],[-0.0004497118394021669,-0.0006278672106820355,0.0015384525326203027],[-0.0004978630463009298,0.0003203161897681135,-0.00037257852046777406]]
[[0.0009414228676868253,0.0003075435892690428,-0.0011601273231284669],[-0.0004472725784147169,-0.0006254787449011928,0.0015300510782148464],[-0.0004941502892721083,0.00031793515563214995,-0.0003699237550863796]]
[[0.000935335647240107,0.00030752685889344836,-0.001154433438231201],[-0.00044485648205931227,-0.0006231077217337907,0.0015217310960656562],[-0.0004904791651807947,0.00031558086284034234,-0.00036729765783445525]]
[[0.0009293122906121272,0.0003075010517756731,-0.0011487916565553397],[-0.0004424632398206669,-0.0006207539612271686,0.0015134914696525636],[-0.0004868490507914603,0.00031325290945149553,-0.00036469981309722384]]
[[0.0009233518810798358,0.000307466384667315,-0.0011432012893396785],[-0.0004400925465445635,-0.000618417285756782,0.0015053311021669272],[-0.0004832593345352723,0.000310950901089467,-0.00036212981282724896]]
[[0.0009174535185728883,0.00030742306921940606,-0.0011376616597081107],[-0.0004377441023248136,-0.0006160975199916266,0.0014972489160866643],[-0.0004797094162480748,0.00030867445077222054,-0.00035958725637855367]]
[[0.0009116163193082626,0.00030737131211480294,-0.0011321721024170942],[-0.0004354176123930304,-0.00061379449086019,0.0014892438527620876],[-0.0004761987069152322,0.0003064231787453871,-0.0003570717503449934]]
[[0.0009058394154342589,0.0003073113151967317,-0.001126731963609477],[-0.0004331127870111294,-0.0006115080275169266,0.0014813148720122322],[-0.0004727266284231295,0.00030419671232019487,-0.000354582908402755]]
[[0.0009001219546836102,0.0003072432755936139,-0.0011213406005745011],[-0.00043082934136648286,-0.0006092379613092505,0.001473460951731363],[-0.0004692926133171273,0.0003019946857156366,-0.0003521203511568619]]
[[0.0008944631000354383,0.000307167385840291,-0.0011159973815138059],[-0.00042856699546965464,-0.00060698412574504,0.0014656810875053735],[-0.00046589610456578364,0.0002998167399047491,-0.00034968370599156777]]
[[0.0008888620293857933,0.0003070838339957613,-0.0011107016853132566],[-0.0004263254740546353,-0.000604746356460645,0.001457974292237786],[-0.00046253655533115795,0.0002976625224648838,-0.00034727260692452944]]
[[0.0008833179352265278,0.0003069928037575467,-0.0011054529013204285],[-0.00042410450648151473,-0.0006025244911893929,0.0014503395957850733],[-0.0004592134287450131,0.0002955316874318462,-0.00034488669446464473]]
[[0.0008778300243322686,0.0003068944745727893,-0.0011002504291275866],[-0.00042190382664151853,-0.000600318369730584,0.0014427760446010414],[-0.0004559261976907501,0.0002934238951577947,-0.0003425256154734548]]
[[0.0008723975174552451,0.0003067890217461908,-0.0010950936783600067],[-0.0004197231728643445,-0.0005981278339189752,0.0014352827013900116],[-0.00045267434459090054,0.00029133881217278436,-0.00034018902303000484]]
[[0.0008670196490277546,0.00030667661654488684,-0.0010899820684694824],[-0.00041756228782773567,-0.0005959527275947375,0.0014278586447685482],[-0.00044945736120001895,0.00028927611104985056,-0.00033787657629906574]]
[[0.000861695666872043,0.00030655742630035754,-0.0010849150285328706],[-0.0004154209184692236,-0.0005937928965738883,0.001420502968935494],[-0.0004462747484028194,0.00028723547027353067,-0.00033558794040262354]]
[[0.0008564248319173908,0.0003064316145074675,-0.0010798919970555387],[-0.00041329881589999013,-0.0005916481886191871,0.001413214783350077],[-0.00044312601601740074,0.0002852165741117195,-0.0003333227862945381]]
[[0.0008512064179241957,0.00030629934092072183,-0.0010749124217795693],[-0.0004111957353207782,-0.0005895184534114885,0.0014059932124178577],[-0.00044001068260341743,0.00028321911249076673,-0.0003310807906382884]]
[[0.0008460397112148585,0.0003061607616478309,-0.0010699757594965944],[-0.0004091114359398054,-0.0005874035425215503,0.0013988373951843063],[-0.0004369282752750531,0.0002812427808737194,-0.00032886163568771173]]
[[0.0008409240104112789,0.0003060160292406623,-0.0010650814758651267],[-0.00040704568089262037,-0.0005853033093822827,0.0013917464850357836],[-0.0004338783295186586,0.00027928728014162043,-0.000326665009170657]]
[[0.0008358586261787728,0.00030586529278366434,-0.0010602290452322656],[-0.00040499823716384884,-0.0005832176092614404,0.0013847196494077333],[-0.0004308603890149239,0.00027735231647777603,-0.0003244906041754678]]
[[0.0008308428809762321,0.00030570869797983877,-0.0010554179504596553],[-0.0004029688755107805,-0.0005811462992347435,0.0013777560694998735],[-0.00042787400546545157,0.0002754376012549047,-0.00032233811904021803]]
[[0.0008258761088123592,0.00030554638723433717,-0.0010506476827535794],[-0.0004009573703887468,-0.000579089238159427,0.0013708549399982033],[-0.00042491873842361234,0.0002735428509250898,-0.0003202072572446238]]
[[0.0008209576550077947,0.00030537849973575617,-0.0010459177414990758],[-0.00039896349987823777,-0.000577046286648209,0.0013640154688036323],[-0.00042199415512955696,0.00027166778691245286,-0.00031809772730455647]]
[[0.0008160868759629848,0.0003052051715352001,-0.0010412276340979638],[-0.000396987045613714,-0.0005750173070436715,0.0013572368767670493],[-0.0004190998303492708,0.00026981213550847133,-0.0003160092426690854]]
[[0.0008112631389316297,0.00030502653562317983,-0.0010365768758106785],[-0.00039502779271407065,-0.0005730021633930493,0.0013505183974306617],[-0.000416235346217559,0.00026797562776986934,-0.0003139415216199832]]
[[0.0008064858217995514,0.000304842722004414,-0.0010319649896018042],[-0.00039308552971470303,-0.0005710007214234184,0.0013438592767754266],[-0.0004134002920848484,0.00026615799941900447,-0.0003118942871736224]]
[[0.0008017543128688424,0.00030465385777059647,-0.0010273915059892124],[-0.00039116004850113783,-0.000569012848517281,0.0013372587729744137],[-0.0004105942643677046,0.00026435899074668453,-0.00030986726698520117]]
[[0.0007970680106471435,0.00030446006717119097,-0.0010228559628967047],[-0.0003892511442441841,-0.0005670384136885368,0.0013307161561519386],[-0.00040781686640295933,0.0002625783465173459,-0.00030786019325523405]]
[[0.0007924263236419159,0.00030426147168231273,-0.0010183579055100653],[-0.0003873586153365678,-0.0005650772875588388,0.0013242307081483113],[-0.0004050677083053482,0.0002608158158765261,-0.00030587280263824596]]
[[0.0007878286701595673,0.0003040581900737528,-0.00101389688613643],[-0.00038548226333100314,-0.0005631293423343229,0.0013178017222900413],[-0.00040234640682856415,0.0002590711522605701,-0.0003039048361536112]]
[[0.0007832744781093052,0.0003038503384742054,-0.001009472464066896],[-0.0003836218928796749,-0.0005611944517827113,0.0013114285031653734],[-0.0003996525852296304,0.00025734411330850587,-0.0003019560390984774]]
[[0.0007787631848115905,0.0003036380304347465,-0.001005084205442266],[-0.00038177731167508535,-0.0005592724912107785,0.0013051103664049881],[-0.00039698587313650524,0.00025563446077603205,-0.0003000261609627221]]
[[0.0007742942368110608,0.0003034213769906182,-0.0010007316831218609],[-0.0003799483303922324,-0.0005573633374421767,0.0012988466384677452],[-0.00039434590641882833,0.0002539419604515585,-0.0002981149553458843]]
[[0.000769867089693813,0.00030320048672136975,-0.0009964144765553125],[-0.0003781347626320878,-0.0005554668687956139,0.0012926366564313338],[-0.0003917323270617251,0.0002522663820742441,-0.0002962221798760214]]
[[0.0007654812079089229,0.00030297546580940226,-0.0009921321716572587],[-0.0003763364248663372,-0.0005535829650633805,0.0012864797677876961],[-0.00038914478304258565,0.00025060749925397824,-0.00029434759613043764]]
[[0.0007611360645940919,0.00030274641809696623,-0.0009878843606848675],[-0.00037455313638335374,-0.0005517115074902179,0.0012803753302431044],[-0.0003865829282107382,0.00024896508939325167,-0.0002924909695582369]]
[[0.0007568311414053105,0.0003025134451416536,-0.0009836706421181122],[-0.00037278471923537056,-0.0005498523787525218,0.0012743227115227628],[-0.00038404642216994004,0.0002473389336108682,-0.0002906520694046507]]
[[0.0007525659283504319,0.0003022766462704335,-0.0009794906205427307],[-0.000371030998186822,-0.0005480054629378785,0.001268321289179826],[-0.0003815349301636099,0.000245728816667445,-0.00028883066863709525]]
[[0.0007483399236265555,0.00030203611863226904,-0.0009753439065357935],[-0.0003692918006638258,-0.0005461706455249255,0.001262370450408706],[-0.0003790481229627297,0.0002441345268926564,-0.0002870265438729125]]
[[0.0007441526334611181,0.00030179195724936163,-0.0009712301165538254],[-0.0003675669567047755,-0.0005443478133635334,0.0012564695918625749],[-0.0003765856767563426,0.0002425558561141717,-0.0002852394753087495]]
[[0.0007400035719565966,0.0003015442550670564,-0.0009671488728233939],[-0.0003658562989120132,-0.0005425368546553016,0.0012506181194749317],[-0.00037414727304458344,0.00024099259958824525,-0.0002834692466515378]]
[[0.0007358922609387269,0.00030129310300245417,-0.0009630998032341253],[-0.00036415966240456,-0.0005407376589343649,0.0012448154482851508],[-0.00037173259853416694,0.00023944455593191073,-0.00028171564505102554]]
[[0.0007318182298081532,0.00030103858999176334,-0.0009590825412340698],[-0.0003624768847718747,-0.0005389501170485054,0.0012390610022678977],[-0.00036934134503627844,0.000237911527056742,-0.00027997846103382793]]
[[0.0007277810153954096,0.00030078080303642637,-0.0009550967257273629],[-0.00036080780602861363,-0.0005371741211405618,0.0012333542141663158],[-0.000366973209366796,0.00023639331810413548,-0.000278257488438953]]
[[0.000723780161819158,0.0003005198272480606,-0.0009511420009741193],[-0.00035915226857036935,-0.0005354095646301364,0.0012276945253288864],[-0.0003646278932487887,0.00023488973738207576,-0.000276552524354767]]
