[[0.016277490683353574,-0.019868607041508276,0.016848280356793265],[0.004741980762463046,0.0012956226332401426,0.0010463061412446404],[-0.02101947144581662,0.018572984408268132,-0.017894586498037907]]
[[0.01623121859323857,-0.020914937432482943,0.016582972115052802],[0.0045683093887824095,0.0017869745194334199,0.0014183168539064401],[-0.020799527982020984,0.019127962913049523,-0.018001288968959243]]
[[0.016254153916489933,-0.021895011862320693,0.0163733186758349],[0.004270980432024691,0.001998487102083121,0.001659460414131286],[-0.02052513434851462,0.019896524760237573,-0.018032779089966186]]
[[0.016332362985176384,-0.022904222119665123,0.016242503429265413],[0.0039021902185708912,0.0020358999352483773,0.0017694782439624484],[-0.020234553203747275,0.020868322184416747,-0.018011981673227862]]
[[0.01643691464751627,-0.02400424963331418,0.01617474724415502],[0.003510288648902866,0.001980166895431896,0.0017787171327005547],[-0.019947203296419136,0.022024082737882287,-0.017953464376855573]]
[[0.016539774088757724,-0.025224241184565645,0.016141234563961687],[0.003128561956036209,0.0018807687497627802,0.0017226453034430592],[-0.019668336044793934,0.023343472434802864,-0.017863879867404748]]
[[0.016618638707143765,-0.026573282351418582,0.016113698875870695],[0.0027753281847420685,0.0017645996247441518,0.0016299608084465065],[-0.019393966891885835,0.024808682726674428,-0.017743659684317202]]
[[0.016656379634791548,-0.0280507036600922,0.016068418555377207],[0.0024582473599418586,0.0016453564643603537,0.0015203493041295328],[-0.019114626994733406,0.026405347195731847,-0.017588767859506742]]
[[0.016639175832609696,-0.029651833015531058,0.015986027612714483],[0.002178621471157393,0.0015296908307523996,0.0014060533932654764],[-0.01881779730376709,0.028122142184778657,-0.01739208100597996]]
[[0.016554890252944078,-0.031370506624563914,0.015850220015748914],[0.0019344442877478978,0.001420626223669474,0.0012941277440537858],[-0.018489334540691977,0.02994988040089444,-0.0171443477598027]]
[[0.016391986673190827,-0.033199829591627296,0.015646511943231203],[0.001722258722290256,0.001319337154047679,0.0011883061413828463],[-0.018114245395481083,0.03188049243757962,-0.01683481808461405]]
[[0.01613890223714775,-0.035132113916490834,0.015361350448670518],[0.0015381846705091017,0.0012260591750318673,0.001090305166020834],[-0.01767708690765685,0.03390605474145896,-0.016451655614691352]]
[[0.015783740653768072,-0.037158466621145164,0.014981563690149106],[0.0013784407604003617,0.001140557371296973,0.001000665867009751],[-0.01716218141416843,0.03601790924984819,-0.015982229557158858]]
[[0.015314186758986199,-0.03926824678172624,0.014494084656862452],[0.0012395794225810654,0.0010623715620602385,0.000919274406025701],[-0.016553766181567266,0.038205875219666,-0.015413359062888154]]
[[0.014717584486169352,-0.041448489760759905,0.013885887606928172],[0.0011185684010066427,0.000990946793443605,0.0008456753388112864],[-0.015836152887175995,0.0404575429673163,-0.014731562945739459]]
[[0.013981149491320509,-0.04368334717087878,0.01314409693136795],[0.0010127947852257625,0.0009257033748252732,0.0007792558614574039],[-0.01499394427654627,0.042757643796053506,-0.013923352792825356]]
[[0.013092304648983548,-0.045953575444042744,0.012256245070914485],[0.0009200333318786647,0.0008660741570769611,0.0007193514519253266],[-0.014012337980862212,0.04508750128696578,-0.012975596522839812]]
[[0.012039134328360691,-0.048236105773448175,0.011210666058670616],[0.0008384011854874706,0.0008115236253189122,0.0006653043048248532],[-0.012877535513848163,0.04742458214812926,-0.01187597036349547]]
[[0.010810954147942363,-0.050503734506809686,0.009997014493572973],[0.0007663101851917577,0.0007615567286005111,0.0006164937661793276],[-0.011577264333134121,0.049742177778209176,-0.0106135082597523]]
[[0.009398988206419876,-0.052724980929398375,0.008606897132289374],[0.000702422020046912,0.0007157218882845092,0.0005723504005931884],[-0.010101410226466788,0.052009259041113864,-0.009179247532882564]]
[[0.007797136455241097,-0.05486416556684603,0.007034596653733194],[0.0006456083658398937,0.0006736107400187431,0.000532360688503901],[-0.008442744821080992,0.05419055482682728,-0.007566957342237095]]
[[0.006002801705070828,-0.05688176394055158,0.005277855403285748],[0.0005949165421912867,0.0006348561058908968,0.000496066536414324],[-0.006597718247262115,0.05624690783466069,-0.005773921939700072]]
[[0.00401772990041489,-0.05873508554732283,0.0033386723272512482],[0.0005495404646498739,0.0005991290816950785,0.0004630620799171641],[-0.004567270365064763,0.058135956465627754,-0.003801734407168412]]
[[0.0018488005957913761,-0.06037931343165098,0.0012240507631362816],[0.000508796342163057,0.0005661357619787369,0.00043298923131651396],[-0.0023575969379544333,0.05981317766967225,-0.0016570399944527956]]
[[-0.0004913102942334873,-0.06176891458995881,-0.0010533790627377019],[0.0004721024718941726,0.0005356139071292441,0.0004055328047868426],[0.00001920782233931468,0.06123330068282957,0.0006478462579508592]]
[[-0.002983682991620289,-0.06285939560660989,-0.0034749476980619294],[0.00043896249511574586,0.0005073297236578027,0.00038041568109351687],[0.0025447204965045435,0.062352065882952085,0.0030945320169684125]]
[[-0.005603009690038173,-0.0636093336034491,-0.0060158291394398836],[0.00040895153823019816,0.0004810748474884516,0.0003573942533079723],[0.005194058151807975,0.06312825875596065,0.005658434886131911]]
[[-0.008317830060909264,-0.06398256469116469,-0.008645291443620503],[0.00038170473991962786,0.00045666357066482513,0.0003362542654850654],[0.007936125320989636,0.06352590112049987,0.008309037178135437]]
[[-0.011091196823731565,-0.06395036809082749,-0.011327362630312829],[0.00035690774317181755,0.000433930322476449,0.00031680708194586107],[0.010734289080559747,0.06351643776835104,0.011010555548366968]]
[[-0.013881782298344254,-0.06349345299050731,-0.014021920718425243],[0.00033428880225167543,0.00041272739918745804,0.00029888638369501705],[0.01354749349609258,0.06308072559131986,0.013723034334730226]]
[[-0.016645387647544092,-0.06260354584049779,-0.016686169034726656],[0.00031361221686577643,0.0003929229276703188,0.0002823452671997049],[0.016331775430678316,0.062210622912827473,0.016403823767526953]]
[[-0.019336764472871755,-0.0612843944151589,-0.019276407765421798],[0.0002946728583432424,0.0003743990443201795,0.00026705371107069105],[0.019042091614528512,0.06090999537083872,0.019009354054351106]]
[[-0.021911612500154866,-0.059552052976202245,-0.02174996875631381],[0.00027729159623232137,0.0003570502696994326,0.00025289637310850976],[0.021634320903922543,0.05919500270650281,0.021497072383205303]]
[[-0.024328586384076402,-0.05743438547424997,-0.024067151556549187],[0.00026131146932962363,0.0003407820601381561,0.00023977068066908906],[0.024067274914746778,0.057093603414111814,0.0238273808758801]]
[[-0.02655113608988427,-0.05496981022921692,-0.02619299122917282],[0.00024659447398222596,0.00032550951912411536,0.00022758517954837588],[0.026304541615902045,0.054644300710092804,0.02596540604962444]]
[[-0.02854902160692539,-0.05220539541735194,-0.028098705020558074],[0.00023301886566887714,0.0003111562531820971,0.00021625810953588664],[0.028316002741256514,0.051894239164169846,0.02788244691102219]]
[[-0.0302993815038616,-0.04919448502008348,-0.02976270311775349],[0.00022047688841778608,0.0002976533587100483,0.0002057161778746247],[0.030078904615443814,0.04889683166137344,0.029556986939878863]]
[[-0.03178728899012542,-0.04599407796016014,-0.031171101490648678],[0.0002088728614740803,0.0002849385277183813,0.00019589350481776782],[0.031578416128651345,0.04570913943244176,0.03097520798583091]]
[[-0.033005788801238306,-0.04266219325841491,-0.03231773258666291],[0.00019812156457515626,0.0002729552615446417,0.00018673071819369562],[0.032807667236663146,0.04238923799687026,0.03213100186846921]]
[[-0.03395546314524924,-0.03925543243793549,-0.03320370253816251],[0.00018814687287620446,0.0002616521824140483,0.00017817417637557356],[0.03376731627237304,0.03899378025552145,0.03302552836178694]]
[[-0.03464361695178035,-0.03582690429023939,-0.03383658371459467],[0.00017888060050962523,0.0002509824332672124,0.00017017530133358474],[0.03446473635127073,0.03557592185697218,0.03366640841326109]]
[[-0.03508319716400564,-0.0324246172462768,-0.034229354566746834],[0.00017026151835909534,0.00024090315668190548,0.00016269000556622367],[0.03491293564564654,0.032183714089594896,0.034066664561180605]]
[[-0.035291567188936696,-0.029090382326160333,-0.034399204279906996],[0.00016223451717584548,0.00023137504407432711,0.00015567819868962806],[0.03512933267176085,0.028859007282086006,0.03424352608121737]]
[[-0.035289248557054835,-0.025859214460889086,-0.03436631046186074],[0.000154749891871123,0.00022236194675356435,0.0001491033613218938],[0.035134498665183714,0.025636852514135524,0.03421720710053885]]
[[-0.03509872202833476,-0.02275917801683137,-0.03415267853338493],[0.00014776272683137329,0.00021383054086746058,0.00014293217562953014],[0.03495095930150339,0.02254534747596391,0.0340097463577554]]
[[-0.034743355091351756,-0.019811596050134096,-0.03378110678505167],[0.00014123236552425215,0.00020575003883537758,0.0001371342034940046],[0.0346021227258275,0.01960584601129872,0.03364397258155766]]
[[-0.034246496743882034,-0.017031531495484725,-0.033274315760718744],[0.00013512195056969857,0.00019809194050514494,0.00013168160469406408],[0.03411137479331233,0.016833439554979582,0.033142634156024676]]
[[-0.033630757082267225,-0.014428449408760164,-0.03265425804918692],[0.00012939802290119109,0.00019082981797331278,0.0001265488887737222],[0.033501359059366034,0.01423761959078685,0.0325277091604132]]
[[-0.032917470579368224,-0.012006978856668437,-0.031941606625812094],[0.0001240301706906186,0.00018393912873740083,0.00012171269537224544],[0.032793440408677606,0.011823039727931035,0.031819893930439845]]
[[-0.03212632871276268,-0.009767707384848627,-0.03115540724202875],[0.0001189907204050821,0.00017739705257340026,0.00011715159873410577],[0.032007337992357596,0.009590310332275228,0.031038255643294644]]
[[-0.03127515956809185,-0.007707957083519693,-0.03031287274341918],[0.00011425446375256998,0.0001711823482229993,0.0001128459329031846],[0.03116090510433928,0.007536774735296694,0.030200026810515996]]
[[-0.030379828359875804,-0.005822506836472729,-0.029429293784639786],[0.00010979841540088137,0.0001652752266116077,0.00010877763475089919],[0.030270029944474922,0.005657231609861121,0.029320516149888887]]
[[-0.029454232412383527,-0.004104238978986187,-0.028518040152963414],[0.00010560159726261402,0.00015965723788681816,0.00010493010250973501],[0.029348630815120912,0.003944581741099369,0.028413110050453678]]
[[-0.028510365953629418,-0.002544699630483317,-0.027590628767887336],[0.00010164484586693012,0.0001543111700612431,0.00010128806790035934],[0.028408721107762488,0.002390388460422074,0.027489340699986976]]
[[-0.027558433166946915,-0.00113457027576145,-0.026656837492382658],[0.00009791063992015509,0.00014922095746336435,0.00009783748027013782],[0.02746052252702676,0.0009853493182980855,0.02655900001211252]]
[[-0.02660699159424997,0.00013594604355602333,-0.02572484747526182],[0.00009438294562130731,0.0001443715975490663,0.0000945654014201271],[0.02651260864862866,-0.0002803176411050897,0.025630282073841694]]
[[-0.025663111684063863,0.0012768169047283813,-0.024801400355452745],[0.00009104707766989249,0.00013974907491154988,0.00009145991000110418],[0.025572064606393972,-0.001416565979639931,0.02470994044545164]]
[[-0.024732541704715335,0.002297942034825933,-0.02389195999168731],[0.00008788957420179653,0.00013534029155640517,0.00008851001451927522],[0.02464465213051354,-0.002433282326382338,0.023803449977168035]]
[[-0.023819870226023068,0.0032089744268085614,-0.02300087127246065],[0.00008489808413096546,0.0001311330026902383,0.00008570557411910067],[0.023734972141892102,-0.0033401074294988,0.02291516569834155]]
[[-0.022928680845427322,0.00401919135990451,-0.02213151095094458],[0.00008206126557244653,0.0001271157574135801,0.00008303722641221904],[0.022846619579854874,-0.004146307117318089,0.02204847372453236]]
[[-0.02206169580074868,0.004737406269599564,-0.021286427344674955],[0.00007936869418612827,0.0001232778438193268,0.00008049632170399969],[0.02198232710656255,-0.004860684113418891,0.021205931022970956]]
[[-0.02122090661664393,0.005371913339622703,-0.02046746718601325],[0.00007681078041770097,0.00011960923808320589,0.00007807486303755117],[0.021144095836226232,-0.005491522577705909,0.020389392322975698]]
[[-0.020407691040193954,0.0059304577468206505,-0.019675888970934054],[0.00007437869472969238,0.00011610055719825355,0.0000757654515325962],[0.020333312345464264,-0.006046558304018903,0.019600123519401456]]
[[-0.019622916303565597,0.006420225565174405,-0.018912462900017638],[0.00007206430001524627,0.00011274301505558726,0.00007356123654610052],[0.01955085200355035,-0.006532968580229993,0.018838901663471536]]
[[-0.018867029276169945,0.006847848355460334,-0.018177558002900152],[0.00006986009047385086,0.00010952838161251355,0.00007145587022478584],[0.018797169185696093,-0.0069573767370728476,0.018106102132675366]]
[[-0.018140134395596134,0.0072194183916075745,-0.01747121734464376],[0.00006775913630394716,0.00010644894491912215,0.0000694434660580179],[0.018072375259292187,-0.007325867336526697,0.01740177387858574]]
[[-0.017442060446884476,0.007540511285030574,-0.0167932223790726],[0.00006575503363410312,0.00010349747579820894,0.00006751856107399193],[0.017376305413250373,-0.007644008760828783,0.016725703817998608]]
[[-0.016772417334881693,0.007816213460063849,-0.01614314758020865],[0.00006384185917364851,0.00010066719499234928,0.0000656760813533211],[0.016708575475708042,-0.007916880655056198,0.016077471498855328]]
[[-0.016130643997083582,0.008051152512067332,-0.015520406479997785],[0.00006201412911642094,0.00009795174260748214,0.00006391131056255174],[0.01606862986796716,-0.008149104254674815,0.015456495169435234]]
[[-0.015516048559404156,0.008249528954843016,-0.014924290192506883],[0.00006026676187844088,0.0000953451496954023,0.00006221986123613061],[0.015455781797525716,-0.008344874104538418,0.014862070331270752]]
[[-0.014927841763200193,0.008415148248104125,-0.0143539994294529],[0.000058595044292605,0.00009284181182878196,0.000060597648559198265],[0.014869246718907589,-0.008507990059932908,0.014293401780893701]]
[[-0.014365164601986438,0.008551452301859363,-0.013808670922087892],[0.00005699460092143238,0.00009043646453223465,0.00005904086642547392],[0.014308170001065006,-0.008641888766391596,0.013749630055662418]]
[[-0.013827111009957864,0.008661549895230037,-0.013287399069039077],[0.000055461366182993585,0.00008812416044184648,0.0000575459655645975],[0.01377164964377487,-0.008749674055671884,0.013229853103474479]]
[[-0.013312746348015889,0.00874824563384279,-0.012789253534696317],[0.00005399155901580533,0.00008590024807376281,0.00005610963355173484],[0.013258754789000083,-0.008834145881916554,0.012733143901144583]]
[[-0.012821122340542352,0.008814067212617283,-0.012313293431986873],[0.00005258165983603641,0.00008376035208999871,0.00005472877652915663],[0.012768540680706316,-0.008897827564707281,0.012258564655457717]]
[[-0.012351289030112258,0.008861290858152356,-0.011858578639149698],[0.00005122838956515686,0.0000817003549567454,0.00005340050248497722],[0.012300060640547101,-0.0089429912131091,0.01180517813666472]]
[[-0.011902304238961459,0.008891964904286695,-0.011424178723584947],[0.000049928690528444524,0.00007971637989714192,0.00005212210594838694],[0.011852375548433014,-0.008971681284183837,0.01137205661763656]]
[[-0.011473240955812201,0.008907931511795242,-0.011009179877418653],[0.00004867970904479497,0.00007780477504681875,0.00005089105397363071],[0.011424561246767407,-0.008985736286842062,0.010958288823445022]]
[[-0.011063193004565163,0.008910846583496822,-0.010612690208999851],[0.00004747877954627863,0.0000759620987265241,0.00004970497329676305],[0.011015714225018885,-0.008986808682223346,0.010562985235703088]]
[[-0.010671279297019106,0.008902197953257763,-0.010233843681739858],[0.000046323410082060835,0.00007418510575183585,0.00004856163855993632],[0.010624955886937045,-0.008976383059009599,0.010185282043179922]]
[[-0.010296646924610985,0.008883321944645526,-0.009871802945932278],[0.000045211269075823056,0.0000724707347053511,0.00004745896150773505],[0.01025143565553516,-0.008955792679350877,0.009824343984424543]]
[[-0.0099384733035184,0.008855418404818368,-0.009525761269793454],[0.00004414017321886639,0.00007081609610184317,0.00004639498106893445],[0.009894333130299533,-0.008926234500920211,0.00947936628872452]]
[[-0.009595967552637526,0.008819564323592995,-0.009194943742246033],[0.000043108076392787706,0.0000692184613816891,0.000045367854245109194],[0.009552859476244738,-0.008888782784974684,0.009149575888000923]]
[[-0.009268371254258004,0.008776726148033747,-0.008878607891255805],[0.000042113059526130845,0.00006767525267240446,0.00004437584773481865],[0.009226258194731874,-0.008844401400706152,0.008834232043520986]]
[[-0.008954958722053673,0.00872777090052701,-0.008576043837186527],[0.00004115332129885255,0.00006618403326238857,0.00004341733022871211],[0.00891380540075482,-0.0087939549337894,0.008532626506957814]]
[[-0.008655036879696085,0.008673476204035527,-0.00828657408007173],[0.000040227169616914704,0.00006474249873498496,0.000042490765316893],[0.00861480971007917,-0.008738218702770513,0.008244083314754838]]
[[-0.008367944835436401,0.008614539312743356,-0.008009553002388183],[0.000039333013786920096,0.0000633484687147129,0.000041594704955310064],[0.00832861182164948,-0.00867788778145807,0.007967958297432872]]
[[-0.00809305322290892,0.008551585240104501,-0.007744366154381967],[0.00003846935732753874,0.00006199987918103115,0.000040727783442857766],[0.008054583865581381,-0.008613585119285531,0.00770363837093911]]
[[-0.007829763365763688,0.008485174069766283,-0.007490429376833434],[0.00003763479136060564,0.00006069477530827019,0.00003988871186531677],[0.007792128574403083,-0.008545868845074554,0.007450540664968117]]
[[-0.007577506313166247,0.008415807528217011,-0.007247187805990863],[0.000036827988530280275,0.000059431304793418546,0.000039076272966289474],[0.007540678324635966,-0.00847523883301043,0.007208111533024573]]
[[-0.007335741784391317,0.008343934891494396,-0.007014114796945213],[0.00003604769740360979,0.00005820771163629046,0.000038289316408927805],[0.007299694086987708,-0.008402142603130687,0.006975825480536285]]
[[-0.007103957053408679,0.00826995829201375,-0.00679071079469223],[0.00003529273731028818,0.000057022330339241405,0.00003752675439554544],[0.00706866431609839,-0.008326980622352993,0.006753184040296684]]
[[-0.006881665798279251,0.008194237485615897,-0.006576502176305997],[0.00003456199358340533,0.00005587358049604894,0.00003678755761518798],[0.006847103804695846,-0.008250111066111947,0.006539714618690809]]
[[-0.0066684069351470665,0.008117094133343924,-0.006371040082835602],[0.00003385441316658088,0.0000547599617418513,0.00003607075149193373],[0.006634552521980485,-0.008171854095085775,0.006334969331343668]]
[[-0.006463743452458532,0.008038815647259993,-0.006173899255569295],[0.00003316900055611744,0.0000536800490381424,0.00003537541270913964],[0.0064305744519024145,-0.008092495696298135,0.006138523842860155]]
[[-0.006267261257620502,0.007959658644816594,-0.005984676888049601],[0.0000325048140497257,0.00005263248826877355,0.00003470066598705883],[0.006234756443570777,-0.008012291133085367,0.005949976222062543]]
[[-0.006078568045501424,0.007879852051895547,-0.005802991502550444],[0.00003186096227600247,0.00005161599212471828,0.000034045681093258666],[0.006046707083225422,-0.007931468044020265,0.005768945821457186]]
[[-0.005897292195883783,0.007799599890610008,-0.005628481857545553],[0.00003123660098121248,0.000050629336257026054,0.000033409670067083306],[0.005866055594902571,-0.007850229226867034,0.00559507218747847]]
[[-0.005723081705104324,0.007719083784310503,-0.005460805890922517],[0.00003063093005206128,0.000049671355678935,0.000032791884641048626],[0.005692450775052264,-0.007768755139989438,0.0054280140062814685]]
[[-0.005555603155600085,0.007638465208923855,-0.005299639702260129],[0.000030043190755075788,0.00004874094139953974,0.000032191613843548715],[0.005525559964845009,-0.0076872061503233955,0.00526744808841658]]
[[-0.005394540725851818,0.007557887516759758,-0.005144676576329429],[0.00002947266317494983,0.00004783703727272798,0.000031608181768605375],[0.005365068062676868,-0.007605724554032487,0.005113068394560824]]
[[-0.005239595242232239,0.0074774777562191825,-0.004995626049052919],[0.00002891866383578627,0.00004695863704631642,0.000031040945499619605],[0.005210676578396453,-0.007524436393265499,0.004964585103553299]]
[[-0.005090483273481938,0.007397348308407766,-0.004852213016420988],[0.0000283805434905892,0.00004610478159743922,0.00003048929317519774],[0.005062102729991349,-0.007443453090005205,0.0048217237232457905]]
[[-0.004946936267915981,0.007317598359472058,-0.004714176886286151],[0.00002785768506564731,0.000045274556341279734,0.000029952642186137835],[0.0049190785828503334,-0.007362872915813337,0.004684224244100013]]
[[-0.0048086997329795465,0.007238315225514656,-0.004581270772505621],[0.000027349501747614423,0.00004446708880119263,0.000029430437493581057],[0.004781350231231932,-0.007282782314315848,0.00455184033501204]]
[[-0.004675532456397453,0.007159575545185142,-0.004453260730558509],[0.00002685543520214872,0.000043681546329147216,0.000028922150059169983],[0.0046486770211953046,-0.0072032570915142894,0.0044243385804993395]]
[[-0.00454720576787928,0.00708144635346716,-0.0043299250335050565],[0.000026374953913929118,0.00004291713396623779,0.00002842727537881622],[0.004520830813965351,-0.007124363487433398,0.00430149775812624]]
[[-0.004423502840132732,0.007003986048770464,-0.004211053486966671],[0.00002590755163873498,0.00004217309243375926,0.000027945332112373204],[0.004397595288493997,-0.0070461591412042225,0.004183108154854297]]
[[-0.004304218027788608,0.00692724526417335,-0.004096446781673213],[0.00002545274595906349,0.0000414486962460408,0.000027475860802140733],[0.004278765281829544,-0.006968693960419391,0.004068970920871072]]
[[-0.004189156242739761,0.006851267652530656,-0.003985915882037084],[0.000025010076935474396,0.000040743251936871877,0.000027018422673703222],[0.004164146165804287,-0.006892010904467528,0.00395889745936338]]
[[-0.004078132364334366,0.006776090594151451,-0.0038792814491632765],[0.00002457910584650243,0.000040056096391946065,0.000026572598513128336],[0.0040535532584878645,-0.006816146690543398,0.0038527088506501482]]
[[-0.003970970682832587,0.006701745834846758,-0.0037763732966830006],[0.000024159414010569626,0.00003938659528029587,0.000026137987615031203],[0.003946811268822018,-0.006741132430127054,0.0037502353090679693]]
[[-0.0038675043745289373,0.006628260061339003,-0.0036770298777995575],[0.000023750601683867776,0.000038734141578195584,0.000025714206796446596],[0.0038437537728450693,-0.0066669942029171985,0.0036513156710031107]]
[[-0.0037675750069551227,0.006555655420302407,-0.003581097801954137],[0.000023352287028672554,0.00003809815417947645,0.000025300889471850833],[0.0037442227199264502,-0.006593753574481883,0.0035557969124822863]]
[[-0.0036710320726051292,0.006483949986656987,-0.00348843137955143],[0.0000229641051469973,0.00003747807658662889,0.000024897684785040185],[0.003648067967458132,-0.006521428063243616,0.0034635336947663894]]
[[-0.003577732549662762,0.006413158186160986,-0.003398892193227618],[0.000022585707174902833,0.00003687337567746525,0.00002450425679390665],[0.0035551468424878593,-0.006450031561838451,0.0033743879364337113]]
[[-0.0034875404882583993,0.006343291176829537,-0.003312348694193235],[0.00002221675943315145,0.000036283540542484394,0.000024120283704457367],[0.0034653237288252477,-0.006379574717372022,0.0032882284104887778]]
[[-0.0034003266208343084,0.0062743571932449005,-0.0032286758222386473],[0.000021856942630233583,0.00003570808138842055,0.000023745457150704245],[0.0033784696782040748,-0.006310065274633321,0.0032049303650879433]]
[[-0.0033159679952543793,0.006206361857409696,-0.0031477546480484534],[0.00002150595111410616,0.000035146528503773465,0.000023379481517306816],[0.003294462044140273,-0.006241508385913469,0.0031243751665311465]]
[[-0.00323434762935333,0.006139308459424277,-0.003069472036531896],[0.000021163492169265917,0.000034598431282408546,0.000023022073302086424],[0.003213184137184064,-0.006173906890706685,0.00304644996322981]]
[[-0.0031553541856807377,0.00607319821093763,-0.002993720329937811],[0.00002082928535604107,0.00003406335730158572,0.000022672960515746173],[0.003134524900324697,-0.006107261568239216,0.002971047369422065]]
[[-0.00307888166525595,0.006008030474024149,-0.0029203970495841605],[0.0000205030618892228,0.00003354089145102535,0.0000223318821163288],[0.0030583786033667273,-0.006041571365475174,0.0028980651674678317]]
[[-0.0030048291192102724,0.005943802967872619,-0.002849404615093082],[0.00002018456405337657,0.00003303063510985119,0.00002199858747612722],[0.002984644555156896,-0.0059768336029824695,0.0028274060276169554]]
[[-0.0029331003772520366,0.005880511955435105,-0.0027806500800819037],[0.000019873544652373018,0.000032532205368464645,0.000021672835878929422],[0.002913226832599664,-0.00591304416080357,0.0027589772442029744]]
[[-0.0028636037919479965,0.005818152411969627,-0.002714044883318493],[0.00001956976649086232,0.000032045234292603495,0.000021354396045633767],[0.0028440340254571343,-0.00585019764626223,0.0026926904872728594]]
[[-0.0027962519978705705,0.005756718177218694,-0.0026495046144054306],[0.000019273001885584293,0.00003156936822702275,0.000021043045686412317],[0.002776978995984986,-0.005788287545445717,0.0026284615687190184]]
[[-0.002730961684714434,0.005696202092793615,-0.0025869487931112424],[0.000018983032204561464,0.00003110426713640574,0.000020738571077730186],[0.0027119786525098724,-0.00572730635993002,0.002566210222033512]]
[[-0.0026676533835378723,0.00563659612617997,-0.002526300661518649],[0.000018699647432364937,0.000030649603981272945,0.000020440766662649456],[0.0026489537361055076,-0.005667245730161243,0.0025058598948559992]]
[[-0.002606251265333847,0.00557789148264082,-0.0024674869882089683],[0.000018422645759773912,0.000030205064126802684,0.000020149434672956926],[0.002587828619574073,-0.005608096546767622,0.0024473375535360112]]
[[-0.002546682951183042,0.005520078706169615,-0.0024104378837487873],[0.000018151833196270193,0.000029770344782614976,0.00001986438477175716],[0.002528531117986772,-0.00554984905095223,0.00239057349897703]]
[[-0.0024888793332860826,0.005463147770532582,-0.0023550866267894495],[0.000017887023203920424,0.000029345154471696794,0.000019585433715267],[0.002470992310082162,-0.005492492925004279,0.0023355011930741828]]
[[-0.002432774406214662,0.005407088161339613,-0.0023013695001320895],[0.000017628036351301073,0.000028929212526765192,0.00001931240503263475],[0.002415146369863361,-0.0054360173738663775,0.002282057095099455]]
[[-0.002378305107761731,0.0053518889499919895,-0.0022492256361508083],[0.000017374699986215584,0.000028522248612474217,0.000019045128722687814],[0.002360930407775515,-0.0053804111986044635,0.0022301805074281204]]
[[-0.002325411168808925,0.005297538860273633,-0.0021985968710041674],[0.000017126847926040442,0.00002812400227197405,0.000018783440966587223],[0.002308284320882885,-0.005325662862545607,0.0021798134300375803]]
[[-0.0022740349716654,0.005244026328279075,-0.0021494276071006577],[0.000016884320164617247,0.000027734222496425624,0.00001852718385543635],[0.002257150651500783,-0.0052717605507755,0.0021309004232452212]]
[[-0.0022241214163660488,0.0051913395563051076,-0.002101664683317134],[0.0000166469625946824,0.000027352667316162437,0.000018276205131955116],[0.0022074744537713665,-0.00521869222362127,0.0020833884781851788]]
[[-0.0021756177944489913,0.0051394665612734146,-0.002055257252500613],[0.000016414626744894538,0.00002697910341227364,0.00001803035794538978],[0.002159203167704097,-0.005166445664685688,0.0020372268945552234]]
[[-0.00212847366976213,0.005088395218197581,-0.0020101566658132634],[0.000016187169530583676,0.000026613305747459195,0.00001778950061888365],[0.0021122865002315464,-0.00511500852394504,0.0019923671651943795]]
[[-0.0020826407658767567,0.005038113299159483,-0.0019663163635081473],[0.000015964453017404647,0.00002625505721507946,0.00001755349642858441],[0.002066676312859352,-0.005064368356374562,0.0019487628670795628]]
[[-0.0020380728597125504,0.004988608508216041,-0.0019236917717491472],[0.000015746344197132115,0.00002590414830538811,0.000017322213393811273],[0.002022326515515418,-0.005014512656521429,0.001906369558355336]]
[[-0.001994725681003133,0.004939868512617939,-0.0018822402051129191],[0.00001553271477488474,0.000025560376787999573,0.000017095524077648735],[0.0019791929662282483,-0.004965428889405938,0.0018651446810352705]]
[[-0.0019525568172545434,0.004891880970686064,-0.001841920774433457],[0.000015323440967113002,0.00002522354740969998,0.000016873305397374266],[0.0019372333762874305,-0.004917104518095764,0.0018250474690360828]]
[[-0.0019115256238707791,0.004844633556659168,-0.0018026942996712404],[0.00001511840330972861,0.00002489347160676507,0.000016655438444165267],[0.0018964072205610507,-0.004869527028265932,0.001786038861227075]]
[[-0.0018715931391409322,0.004798113982797036,-0.0017645232275089124],[0.000014917486475793584,0.00002456996723099868,0.000016441808311565522],[0.0018566756526651386,-0.004822683950028035,0.0017480814191973468]]
[[-0.0018327220038015632,0.004752310018997086,-0.001727371553394166],[0.000014720579102224722,0.00002425285828875301,0.000016232303932224165],[0.0018180014246993385,-0.004776562877285838,0.0017111392494619415]]
[[-0.0017948763849058177,0.0047072095101583725,-0.0016912047477680207],[0.000014527573625003627,0.000023941974692235566,0.000016026817922450356],[0.0017803488112808142,-0.004731151484850609,0.0016751779298455702]]
[[-0.0017580219037475362,0.004662800391505394,-0.0016559896862330652],[0.000014338366122415152,0.00002363715202244947,0.00001582524643415553],[0.001743683537625121,-0.004686437543527843,0.00164016443979891]]
[[-0.0017221255676042792,0.0046190707020644945,-0.0016216945834315755],[0.000014152856165866772,0.00002333823130315181,0.000015627489013780998],[0.0017079727114384124,-0.004642408933367647,0.0016060670944177946]]
[[-0.0016871557050778258,0.0045760085964679335,-0.0015882889304177448],[0.000013970946677869671,0.000023045058785251258,0.000015433448467833558],[0.001673184758399956,-0.004599053655253185,0.0015728554819499114]]
[[-0.0016530819048244398,0.004533602355244574,-0.0015557434353216902],[0.00001379254379678817,0.000022757485741099652,0.000015243030734674577],[0.0016392893610276515,-0.004556359840985673,0.0015405004045870156]]
[[-0.0016198749574800261,0.004491840393741671,-0.0015240299671154477],[0.000013617556747988439,0.000022475368268163957,0.000015056144762229364],[0.0016062574007320377,-0.004514315762009834,0.0015089738223532183]]
[[-0.0015875068005973027,0.004450711269808912,-0.0014931215023028905],[0.000013445897721039977,0.000022198567101594752,0.000014872702391303539],[0.0015740609028762626,-0.004472909836910506,0.001478248799911587]]
[[-0.0015559504664233378,0.004410203690363927,-0.0014629920743664813],[0.000013277481752644536,0.000021926947435234853,0.000014692618244211969],[0.0015426729846706934,-0.004432130637799162,0.0014482994561222692]]
[[-0.0015251800323563428,0.0043703065169476375,-0.0014336167258140531],[0.000013112226614986546,0.00002166037875063787,0.000014515809618442786],[0.0015120678057413562,-0.004391966895698275,0.0014191009161956102]]
[[-0.001495170573930425,0.004331008770367893,-0.0014049714626784098],[0.000012950052709217814,0.000021398734653690984,0.000014342196385095893],[0.001482220521221207,-0.0043524075050215836,0.001390629266293314]]
[[-0.0014658981201862073,0.0042922996345208875,-0.0013770332113315041],[0.000012790882963805998,0.000021141892718458726,0.000014171700891849896],[0.0014531072372224014,-0.004313441527239346,0.001362861510439654]]
[[-0.0014373396112938501,0.004254168459471707,-0.0013497797774833832],[0.000012634642737492616,0.000020889734337886366,0.000014004247870226152],[0.0014247049685563575,-0.004275058193809593,0.0013357755296131571]]
[[-0.0014094728583030638,0.004216604763867964,-0.0013231898072439475],[0.000012481259726621196,0.000020642144581021458,0.000013839764346931648],[0.0013969915985764425,-0.004237246908448985,0.0013093500428970157]]
[[-0.0013822765049022589,0.0041795982367537465,-0.001297242750132928],[0.000012330663876610156,0.00002039901205643111,0.000013678179559075047],[0.0013699458410256487,-0.004199997248810178,0.0012835645705738532]]
[[-0.0013557299910760359,0.0041431387388449915,-0.0012719188239303874],[0.000012182787297357996,0.00002016022878151001,0.00001351942487306167],[0.0013435472037786778,-0.004163298967626502,0.0012583993990573257]]
[[-0.0013298135185568283,0.004107216303321791,-0.0012471989812664756],[0.000012037564182380862,0.000019925690057391494,0.000013363433706984559],[0.0013177759543744475,-0.004127141993379183,0.001233835547559491]]
[[-0.0013045080179727568,0.0040718211361882055,-0.0012230648778552666],[0.000011894930731493603,0.00001969529434918899,0.000013210141456338509],[0.0012926130872412632,-0.004091516430537395,0.0012098547363989282]]
[[-0.0012797951175994747,0.0040369436162453675,-0.0011994988422830827],[0.000011754825076856568,0.000019468943171310337,0.000013059485422893986],[0.0012680402925226181,-0.0040564125594166785,0.0011864393568601886]]
[[-0.001255657113629312,0.004002574294719652,-0.001176483847267081],[0.00001161718721222015,0.000019246540977601225,0.00001291140474657668],[0.0012440399264170916,-0.004021820835697253,0.0011635724425205045]]
[[-0.0012320769418760564,0.003968703894583756,-0.0011540034823047996],[0.000011481958925208631,0.000019027995056087,0.000012765840340206899],[0.0012205949829508479,-0.003987731889639843,0.0011412376419645926]]
[[-0.0012090381508385322,0.003935323309605126,-0.0011320419276400317],[0.00001134908373249371,0.000018813215428094408,0.000012622734826961126],[0.0011976890671060384,-0.0039541365250332205,0.0011194191928130706]]
[[-0.0011865248760505715,0.0039024236031529576,-0.0011105839294747381],[0.000011218506817716365,0.000018602114751546507,0.000012482032480425349],[0.001175306369232855,-0.003921025717904504,0.0010981018969943128]]
[[-0.0011645218156492241,0.003869996006792178,-0.0010896147763608255],[0.000011090174972023477,0.000018394608228234597,0.000012343679167116932],[0.0011534316406772006,-0.003888390615020413,0.0010772710971937085]]
[[-0.0011430142070969441,0.0038380319186901357,-0.0010691202767094145],[0.000010964036537092957,0.000018190613514881653,0.000012207622291358333],[0.001132050170559851,-0.0038562225322050173,0.0010569126544180561]]
[[-0.0011219878049972107,0.0038065229018593755,-0.0010490867373588466],[0.000010840041350527977,0.000017990050637821063,0.000012073810742392208],[0.0011111477636466828,-0.0038245129524971965,0.0010370129266164545]]
[[-0.0011014288599464964,0.0037754606822576688,-0.0010295009431460283],[0.000010718140693507373,0.000017792841911123853,0.000011942194843633325],[0.0010907107192529891,-0.003793253524168793,0.0010175587483023949]]
[[-0.0010813240983687646,0.0037448371467645337,-0.0010103501374288983],[0.000010598287240585324,0.000017598911858016026,0.000011812726303958113],[0.0010707258111281794,-0.0037624360586225496,0.0009985374111249402]]
[[-0.0010616607032817177,0.003714644341051621,-0.0009916220035107548],[0.00001048043501153909,0.000017408187135435772,0.000011685358170937947],[0.0010511802682701785,-0.003732052528187057,0.0009799366453398168]]
[[-0.0010424262959468776,0.003684874467362709,-0.0009733046469199706],[0.000010364539325169068,0.00001722059646158809,0.000011560044785927169],[0.0010320617566217086,-0.0037020950638242973,0.0009617446021340435]]
[[-0.0010236089183583061,0.00365551988221757,-0.0009553865785012567],[0.000010250556754960272,0.000017036070546361332,0.000011436741740921258],[0.0010133583616033458,-0.0036725559527639316,0.0009439498367603354]]
[[-0.001005197016527271,0.003626573094052595,-0.0009378566982770804],[0.000010138445086519365,0.00001685454202447731,0.000011315405837105193],[0.0009950585714407518,-0.003643427636077072,0.0009265412924399752]]
[[-0.0009871794245225524,0.0035980267608097835,-0.0009207042800401576],[0.00001002816327670555,0.000016675945391252776,0.000011195995045015846],[0.000977151261245847,-0.003614702706201036,0.0009095082849951417]]
[[-0.0009695453492283237,0.0035698736874846125,-0.0009039189566401122],[9.919671414378143e-6,0.000016500216940856353,0.000011078468466246343],[0.0009596256778139456,-0.003586373904425469,0.0008928404881738658]]
[[-0.0009522843557836437,0.0035421068236422544,-0.0008874907059294452],[9.812930682687333e-6,0.000016327294706950678,0.00001096278629662374],[0.0009424714251009563,-0.003558434118349205,0.0008765279196328215]]
[[-0.000935386353669559,0.0035147192609106324,-0.000871409837335858],[9.70790332283866e-6,0.000016157118405614924,0.000010848909790795043],[0.0009256784503467204,-0.0035308763793162477,0.0008605609275450629]]
[[-0.0009188415834116907,0.003487704230457999,-0.0008556669790297948],[9.604552599265065e-6,0.00001598962938044812,0.00001073680122815962],[0.0009092370308124257,-0.003503693859838447,0.0008449301778016352]]
[[-0.0009026406038679151,0.003461055100461872,-0.0008402530656577604],[9.50284276614381e-6,0.000015824770549758392,0.000010626423880089221],[0.0008931377611017714,-0.0034768798710116304,0.0008296266417776711]]
[[-0.0008867742800724113,0.0034347653735755422,-0.0008251593266135743],[9.402739035198728e-6,0.000015662486355748084,0.000010517741978379808],[0.0008773715410372126,-0.00345042785993129,0.0008146415846351945]]
[[-0.0008712337716088726,0.0034088286843975903,-0.0008103772748212139],[9.304207544731136e-6,0.000015502722715608765,0.000010410720684881898],[0.0008619295640641415,-0.003424331407113199,0.000799966554136332]]
[[-0.0008560105214871678,0.0033832387969493895,-0.0007958986960043332],[9.207215329825678e-6,0.000015345426974444573,0.00001030532606225895],[0.0008468033061573421,-0.003398584223923834,0.0007855933699420743]]
[[-0.0008410962454990874,0.0033579896021649334,-0.0007817156384188634],[9.111730293679913e-6,0.000015190547859946003,0.000010201525045825621],[0.0008319845152054074,-0.003373180150024879,0.0007715141133730378]]
[[-0.000826482922030117,0.0033330751153968735,-0.0007678204030263611],[9.017721180009052e-6,0.000015038035438740129,0.00001009928541642012],[0.0008174652008501079,-0.0033481131508356137,0.0007577211176099409]]
[[-0.0008121627823054028,0.0033084894739422365,-0.0007542055340869622],[8.925157546479604e-6,0.000014887841074346618,9.998575774267024e-6],[0.0008032376247589232,-0.0033233773150165833,0.0007442069583126952]]
[[-0.0007981283010492135,0.0032842269345908066,-0.0007408638101519058],[8.83400973912782e-6,0.00001473991738667226,9.899365513788986e-6],[0.0007892942913100856,-0.0032989668519774785,0.0007309644446381168]]
[[-0.000784372187538297,0.003260281871198869,-0.000727788235436645],[8.744248867721183e-6,0.000014594218212980037,9.801624799327869e-6],[0.0007756279386705758,-0.003274876089411849,0.0007179866106373172]]
[[-0.0007708873770305519,0.0032366487722906324,-0.0007149720315565658],[8.655846782022964e-6,0.000014450698570271388,9.705324541737447e-6],[0.0007622315302485289,-0.0032510994708609036,0.0007052667070148283]]
[[-0.0007576670225513907,0.0032133222386893433,-0.0007024086296082495],[8.568776048921876e-6,0.000014309314619023633,9.610436375811865e-6],[0.0007490982465024688,-0.0032276315533083665,0.0006927981932324376]]
[[-0.0007447044870210949,0.00319029698117985,-0.0006900916625801222],[8.483009930390687e-6,0.000014170023628226744,9.51693263851548e-6],[0.0007362214770907042,-0.0032044670048080766,0.0006805747299416067]]
[[-0.0007319933357073074,0.0031675678182040926,-0.0006780149580771431],[8.398522362239277e-6,0.00001403278394166656,9.424786347981465e-6],[0.0007235948133450681,-0.003181600602145759,0.0006685901717291616]]
[[-0.0007195273289876356,0.003145129673590811,-0.0006661725313449949],[8.31528793362931e-6,0.000013897554945403767,9.333971183247968e-6],[0.0007112120410540064,-0.0031590272285362147,0.0006568385601617469]]
[[-0.0007073004154080853,0.0031229775743205047,-0.0006545585785799576],[8.233281867319172e-6,0.000013764297036400331,9.244461464702063e-6],[0.0006990671335407662,-0.003136741871356905,0.0006453141171152556]]
[[-0.0006953067250237879,0.0031011066483265354,-0.0006431674705113706],[8.152480000609334e-6,0.000013632971592247257,9.156232135203118e-6],[0.0006871542450231787,-0.0031147396199187826,0.0006340112383761675]]
[[-0.0006835405630091506,0.0030795121223330594,-0.0006319937462442318],[8.0728587669596e-6,0.00001350354094194961,9.069258741858438e-6],[0.0006754677042421911,-0.0030930156632750093,0.0006229244875023735]]
[[-0.0006719964035252243,0.003058189319730375,-0.0006210321073501278],[7.994395178251101e-6,0.000013375968337726701,8.98351741842531e-6],[0.0006640020083469732,-0.003071565288068102,0.0006120485899317025]]
[[-0.000660668883832672,0.0030371336584880597,-0.0006102774121952609],[7.91706680766709e-6,0.000013250217927787304,8.898984868314735e-6],[0.0006527518170250049,-0.003050383876415847,0.0006013784273269461]]
[[-0.0006495527986393226,0.0030163406491062216,-0.000599724670494917],[7.840851773167697e-6,0.00001312625473004133,8.815638348173155e-6],[0.0006417119468661549,-0.003029466903836263,0.0005909090321467438]]
[[-0.0006386430946718178,0.002995805892605026,-0.000589369038084233],[7.765728721535093e-6,0.000013004044606711397,8.733455652019678e-6],[0.0006308773659502827,-0.0030088099372117378,0.0005806355824322133]]
[[-0.0006279348654613954,0.0029755250785525786,-0.0005792058118956322],[7.691676812966413e-6,0.000012883554239809075,8.65241509591715e-6],[0.0006202431886484289,-0.0029884086327923876,0.000570553396799715]]
[[-0.0006174233463343324,0.0029554939831311763,-0.0005692304251337689],[7.6186757061928704e-6,0.000012764751107442256,8.57249550315646e-6],[0.0006098046706281395,-0.002968258734238619,0.0005606579296306125]]
[[-0.0006071039095980346,0.002935708467241806,-0.0005594384426392646],[7.546705544104445e-6,0.000012647603460921488,8.493676189934339e-6],[0.0005995572040539301,-0.002948356070702727,0.0005509447664493303]]
[[-0.0005969720599142011,0.002916164474646758,-0.0005498255564329542],[7.475746939860462e-6,0.000012532080302634687,8.415936951505781e-6],[0.0005894963129743407,-0.0029286965549493926,0.0005414096194814484]]
[[-0.0005870234298509004,0.0028968580301501064,-0.0005403875814327502],[7.405780963467163e-6,0.000012418151364660605,8.339258048793e-6],[0.0005796176488874333,-0.002909276181514767,0.0005320483233839572]]
[[-0.0005772537756057973,0.0028777852378157917,-0.0005311204513356229],[7.3367891288042994e-6,0.000012305787088093083,8.263620195433635e-6],[0.000569916986476993,-0.002890091024903885,0.0005228568311401893]]
[[-0.000567658972893138,0.002858942279222978,-0.0005220202146575532],[7.268753381083515e-6,0.0000121949586030491,8.189004545251695e-6],[0.0005603902195120544,-0.002871137237826027,0.0005138312101123015]]
[[-0.0005582350129874473,0.0028403254117582892,-0.0005130830309246509],[7.20165608472198e-6,0.000012085637709334763,8.115392680135336e-6],[0.0005510333569027253,-0.002852411049467624,0.0005049676382445156]]
[[-0.0005489779989172371,0.00282193096694453,-0.0005043051670089608],[7.135480011615573e-6,0.000011977796857744638,8.042766598306346e-6],[0.0005418425189056215,-0.0028339087638022745,0.0004962624004106545]]
[[-0.000539884141802339,0.0028037553488054405,-0.0004956829936027873],[7.070208329796431e-6,0.000011871409131970614,7.971108702966755e-6],[0.0005328139334725426,-0.002815626757937411,0.00048771188489982057]]
[[-0.0005309497573287686,0.0027857950322660112,-0.0004872129818256517],[7.005824592460494e-6,0.000011766448231097813,7.900401791308714e-6],[0.000523943932736308,-0.0027975614804971087,0.000479312580034343]]
[[-0.0005221712623553245,0.0027680465615878467,-0.00047889169995828134],[6.942312727351123e-6,0.000011662888452665617,7.830629043874211e-6],[0.0005152289496279733,-0.0027797094500405122,0.0004710610709144071]]
[[-0.0005135451716463847,0.0027505065488390617,-0.0004707158102982829],[6.879657026485584e-6,0.000011560704676273118,7.761774014251902e-6],[0.0005066655146198991,-0.0027620672535153346,0.000462954036284031]]
[[-0.0005050680947256346,0.0027331716723981822,-0.0004626820661324134],[6.817842136211662e-6,0.000011459872347708985,7.69382061909873e-6],[0.0004982502525894229,-0.0027446315447458916,0.0004549882455133147]]
[[-0.0004967367328456865,0.0027160386754914775,-0.0004547873088205811],[6.756853047582277e-6,0.0000113603674635866,7.626753128474662e-6],[0.0004899798797981042,-0.002727399042955064,0.0004471605556921065]]
[[-0.0004885478760687997,0.0026991043647631623,-0.0004470284649869491],[6.696675087036386e-6,0.000011262166556466103,7.560556156479153e-6],[0.0004818512009817634,-0.0027103665313196286,0.0004394679088304699]]
[[-0.00048049840045411696,0.0026823656088778955,-0.0004394025438137166],[6.637293907375016e-6,0.000011165246680445716,7.495214652178608e-6],[0.000473861106546742,-0.002693530855558341,0.000431907329161538]]
[[-0.0004725852653470502,0.0026658193371549947,-0.00043190663443336014],[6.578695479021715e-6,0.00001106958539720549,7.430713890814403e-6],[0.0004660065698680285,-0.0026768889225522,0.00042447592054254573]]
[[-0.0004648055107666439,0.002649462538233769,-0.00042453790341530654],[6.520866081557114e-6,0.000010975160762487218,7.367039465281531e-6],[0.0004582846446850868,-0.0026604376989962566,0.00041717086395002504]]
[[-0.00045715625488693037,0.002633292258769369,-0.0004172935923431905],[6.463792295517754e-6,0.000010881951312994972,7.304177277868307e-6],[0.00045069246259141265,-0.002644174210082364,0.00040998941506532215]]
[[-0.0004496346916084783,0.0026173056021585876,-0.0004101710154790297],[6.407460994449719e-6,0.000010789936053701311,7.242113532247918e-6],[0.00044322723061402856,-0.002628095538212289,0.0004029289019467818]]
[[-0.00044223808821649646,0.002601499727294984,-0.0004031675575108062],[6.351859337207976e-6,0.00001069909444554482,7.180834725713047e-6],[0.0004358862288792885,-0.002612198821740529,0.00039598672278509314]]
[[-0.0004349637831220252,0.002585871847352754,-0.0003962806713801058],[6.296974760492718e-6,0.000010609406393505219,7.120327641645073e-6],[0.00042866680836153246,-0.0025964812537462596,0.0003891603437384607]]
[[-0.00042780918368289905,0.0025704192285987584,-0.00038950787618661527],[6.242794971614354e-6,0.000010520852235042768,7.060579342209687e-6],[0.0004215663887112847,-0.002580940080833801,0.00038244729684440556]]
[[-0.0004207717641013059,0.002555139189232094,-0.00038284675516641535],[6.189307941479097e-6,0.0000104334127288893,7.0015771612711866e-6],[0.0004145824561598268,-0.0025655726019609836,0.0003758451780051442]]
[[-0.0004138490633949183,0.002540029098250654,-0.0003762949537411477],[6.136501897787442e-6,0.000010347069044178679,6.943308697517844e-6],[0.00040771256149713087,-0.0025503761672948325,0.00036935164504362986]]
[[-0.000407038683438696,0.0025250863743440776,-0.0003698501776352596],[6.0843653184381146e-6,0.000010261802749904837,6.885761807791172e-6],[0.0004009543181202579,-0.0025353481770939825,0.00036296441582746845]]
[[-0.0004003382870745912,0.002510308484812527,-0.00036351019105865267],[6.032886925130394e-6,0.000010177595804696288,6.828924600612162e-6],[0.0003943054001494608,-0.0025204860806172236,0.0003566812664580405]]
[[-0.0003937455962864982,0.002495692944510689,-0.0003572728149521746],[5.982055677157942e-6,0.00001009443054689611,6.7727854298977806e-6],[0.00038776354060934023,-0.0025057873750575855,0.0003505000295222768]]
[[-0.00038725839043792697,0.00248123731481651,-0.0003511359252935166],[5.931860765387576e-6,0.000010012289684937042,6.717332888861315e-6],[0.0003813265296725394,-0.0024912496045014472,0.0003444185924046553]]
[[-0.00038087450456995517,0.0024669392026240144,-0.00034509745146116375],[5.882291606416681e-6,9.931156288001672e-6,6.66255580409042e-6],[0.0003749922129635385,-0.002476870358912016,0.0003384348956570733]]
[[-0.0003745918277571534,0.002452796259359759,-0.0003391553746541704],[5.833337836903144e-6,9.851013776958045e-6,6.608443229796892e-6],[0.0003687584899202503,-0.0024626472731367173,0.00033254693142437347]]
[[-0.00036840830151924753,0.0024388061800222995,-0.00033330772636560473],[5.78498930806201e-6,9.771845915561406e-6,6.554984442232454e-6],[0.0003626233122111855,-0.0024485780259378607,0.00032675274192337227]]
[[-0.0003623219182863977,0.0024249667022441996,-0.0003275525869076191],[5.737236080323212e-6,9.69363680191318e-6,6.502168934265085e-6],[0.00035658468220607447,-0.0024346603390461127,0.000321050417973354]]
[[-0.00035633071991605046,0.0024112756053760232,-0.0003218880839861729],[5.690068418144993e-6,9.616370860168585e-6,6.449986410110557e-6],[0.0003506406514979055,-0.002420891976236192,0.0003154380975760623]]
[[-0.000350432796259417,0.0023977307095918287,-0.000316312391323532],[5.64347678497778e-6,9.540032832484575e-6,6.398426780214101e-6],[0.00034478931947443917,-0.002407270742424313,0.0003099139645433179]]
[[-0.00034462628377569836,0.00238432987501562,-0.00031082372732673275],[5.597451838373546e-6,9.464607771200203e-6,6.347480156277292e-6],[0.00033902883193732486,-0.0023937944827868204,0.00030447624717045547]]
[[-0.0003389093641922768,0.0023710710008683147,-0.0003054203538002917],[5.551984425235825e-6,9.390081031241716e-6,6.297136846425414e-6],[0.00033335737976704095,-0.002380461081899556,0.00029912321695386626]]
[[-0.0003332802632091455,0.0023579520246346936,-0.00030010057470149833],[5.507065577205722e-6,9.316438262744972e-6,6.247387350510772e-6],[0.0003277731976319398,-0.0023672684628974383,0.00029385318735098754]]
[[-0.0003277372492459356,0.002344970921249881,-0.0002948627349367049],[5.4626865061795085e-6,9.24366540388814e-6,6.198222355547531e-6],[0.0003222745627397561,-0.0023542145866537693,0.00028866451258115737]]
[[-0.00032227863222996256,0.002332125702304899,-0.00028970521919709615],[5.418838599953424e-6,9.171748673927758e-6,6.149632731273893e-6],[0.00031685979363000916,-0.0023412974509788268,0.00028355558646582225]]
[[-0.00031690276242377346,0.002319414415270799,-0.0002846264508324717],[5.3755134179916286e-6,9.100674566431608e-6,6.101609525837498e-6],[0.00031152724900578184,-0.0023285150898372307,0.0002785248413066342]]
[[-0.000311608029290753,0.002306835142740985,-0.0002796248907616524],[5.332702687313242e-6,9.030429842702024e-6,6.0541439616001515e-6],[0.0003062753266034397,-0.002315865572583687,0.00027357074680005224]]
[[-0.00030639286039738426,0.0022943860016912242,-0.0002746990364181592],[5.290398298494676e-6,8.961001525383516e-6,6.007227431058082e-6],[0.00030110246209888957,-0.002303347003216608,0.00026869180898710115]]
[[-0.00030125572035083915,0.002282065142756967,-0.00026984742072988385],[5.248592301783537e-6,8.892376892248795e-6,5.960851492874069e-6],[0.0002960071280490556,-0.0022909575196492157,0.0002638865692370098]]
[[-0.00029619510977061054,0.00226987074952753,-0.000265068611131513],[5.207276903320532e-6,8.824543470157543e-6,5.915007868017949e-6],[0.00029098783286729004,-0.0022786952929976876,0.000259153603263495]]
[[-0.0002912095642929576,0.002257801037856737,-0.00026036120860852116],[5.166444461465926e-6,8.757489029182356e-6,5.869688436012053e-6],[0.00028604311983149167,-0.0022665585268859196,0.0002544915201725091]]
[[-0.0002862976536069867,0.0022458542551896375,-0.00025572384677159676],[5.1260874832272695e-6,8.691201576896702e-6,5.824885231278379e-6],[0.00028117156612375945,-0.002254545456766534,0.00024989896154031837]]
[[-0.0002814579805212282,0.0022340286799048593,-0.0002511551909604045],[5.086198620785146e-6,8.625669352819637e-6,5.780590439584248e-6],[0.0002763717819004431,-0.002242654349257679,0.0002453746005208202]]
[[-0.0002766891800596282,0.0022223226206722867,-0.0002466539373756422],[5.046770668113909e-6,8.560880823012485e-6,5.7367963945834745e-6],[0.0002716424093915143,-0.002230883501495299,0.00024091714098105872]]
[[-0.00027198991858590443,0.002210734415825619,-0.00024221881223837835],[5.007796557694379e-6,8.496824674822644e-6,5.693495574450056e-6],[0.00026698212202821005,-0.0022192312405004415,0.0002365253166639283]]
[[-0.00026735889295526413,0.0021992624327494856,-0.00023784857097570793],[4.969269357315697e-6,8.433489811769986e-6,5.650680598601577e-6],[0.0002623896235979484,-0.0022076959225612557,0.00023219789037710634]]
[[-0.00026279482969252037,0.0021879050672807456,-0.00023354199743179458],[4.93118226696349e-6,8.370865348571416e-6,5.608344224509551e-6],[0.00025786364742555684,-0.002196275932629317,0.00022793365320728504]]
[[-0.0002582964841956802,0.0021766607431236372,-0.00022929790310340992],[4.8935286157917394e-6,8.30894060629931e-6,5.5664793445940916e-6],[0.0002534029555798885,-0.0021849696837299365,0.00022373142375881584]]
[[-0.00025386263996411164,0.0021655279112784117,-0.0002251151263991076],[4.856301859175746e-6,8.247705107669722e-6,5.525078983200326e-6],[0.0002490063381049359,-0.0021737756163860813,0.0002195900474159073]]
[[-0.0002494921078504375,0.0021545050494831464,-0.00022099253192121225],[4.8194955758436956e-6,8.18714857245638e-6,5.4841362936540975e-6],[0.0002446726122745938,-0.0021626921980556026,0.00021550839562755816]]
[[-0.00024518372533532885,0.002143590661668397,-0.0002169290097698277],[4.783103465084448e-6,8.12726091302664e-6,5.4436445553945655e-6],[0.00024040062187024442,-0.0021517179225814236,0.00021148536521443313]]
[[-0.00024093635582441138,0.0021327832774243756,-0.00021292347486810402],[4.747119344029202e-6,8.068032229995675e-6,5.403597171181417e-6],[0.0002361892364803822,-0.0021408513096543716,0.0002075198776969226]]
[[-0.0002367488879665205,0.002122081451480349,-0.00020897486630803142],[4.711537145004827e-6,8.009452807995324e-6,5.363987664374434e-6],[0.00023203735082151568,-0.002130090904288344,0.00020361087864365697]]
[[-0.00023262023499257654,0.002111483763195961,-0.00020508214671605566],[4.676350912956649e-6,7.951513111554136e-6,5.324809676283281e-6],[0.00022794388407961988,-0.002119435276307515,0.00019975733703977237]]
[[-0.0002285493340743724,0.002100988816064162,-0.00020124430163783567],[4.641554802938667e-6,7.8942037810853e-6,5.286056963585463e-6],[0.00022390777927143373,-0.002108883019845247,0.00019595824467425022]]
[[-0.00022453514570260126,0.0020905952372254973,-0.00019746033894149637],[4.607143077669119e-6,7.83751562897914e-6,5.247723395810368e-6],[0.00021992800262493213,-0.0020984327528544766,0.00019221261554568602]]
[[-0.00022057665308347006,0.0020803016769934436,-0.0001937292882387444],[4.573110105149493e-6,7.781439635797202e-6,5.209802952887563e-6],[0.00021600354297832055,-0.002088083116629241,0.00018851948528585683]]
[[-0.00021667286155327152,0.002070106808390527,-0.00019005020032324563],[4.53945035634505e-6,7.72596694656476e-6,5.172289722757347e-6],[0.00021213341119692648,-0.0020778327753370918,0.00018487791060048828]]
[[-0.00021282279801031374,0.002060009326694978,-0.0001864221466256846],[4.5061584029251055e-6,7.671088867158935e-6,5.135177899041839e-6],[0.00020831663960738865,-0.0020676804155621373,0.00018128696872664278]]
[[-0.00020902551036362321,0.00205000794899763,-0.00018284421868494313],[4.473228915061225e-6,7.616796860789558e-6,5.098461778774787e-6],[0.00020455228144856198,-0.0020576247458584194,0.00017774575690616834]]
[[-0.00020528006699786574,0.0020401014137688455,-0.00017931552763486466],[4.440656659281708e-6,7.563082544570076e-6,5.062135760188434e-6],[0.000200839410338584,-0.0020476644963134155,0.00017425339187467624]]
[[-0.0002015855562539436,0.002030288480435196,-0.00017583520370608206],[4.408436496380655e-6,7.509937686175843e-6,5.026194340555774e-6],[0.00019717711975756296,-0.0020377984181213717,0.0001708090093655263]]
[[-0.00019794108592475205,0.0020205679289656696,-0.00017240239574241144],[4.376563379380074e-6,7.45735420058728e-6,4.99063211408663e-6],[0.00019356452254537198,-0.002028025283166257,0.0001674117636283248]]
[[-0.00019434578276559492,0.002010938559467171,-0.0001690162707313312],[4.345032351543434e-6,7.405324146915389e-6,4.955443769875983e-6],[0.0001900007504140515,-0.002018343883614086,0.00016406082696145523]]
[[-0.000190798792018779,0.002001399191789083,-0.00016567601334808345],[4.313838544439239e-6,7.3538397253073084e-6,4.92062408990311e-6],[0.00018648495347433976,-0.00200875303151439,0.00016075538925818035]]
[[-0.0001872992769519223,0.00199194866513667,-0.00016238082551295048],[4.282977176053123e-6,7.302893273929522e-6,4.886167947080051e-6],[0.00018301629977586915,-0.0019992515584105995,0.00015749465756587043]]
[[-0.00018384641840953064,0.001982585837693113,-0.00015912992596127802],[4.2524435489471075e-6,7.252477266026568e-6,4.852070303348013e-6],[0.00017959397486058353,-0.0019898383149591393,0.00015427785565793]]
[[-0.0001804394143774109,0.001973309586249944,-0.00015592254982582925],[4.2222330484646675e-6,7.202584307053022e-6,4.8183262078204005e-6],[0.0001762171813289462,-0.001980512170556997,0.00015110422361800887]]
[[-0.0001770774795595067,0.001964118805845708,-0.00015275794823107203],[4.1923411409802876e-6,7.153207131876705e-6,4.7849307949711015e-6],[0.0001728851384185264,-0.0019712720129775848,0.00014797301743610093]]
[[-0.00017375984496675637,0.00195501240941262,-0.00014963538789901286],[4.162763372192264e-6,7.104338602051093e-6,4.7518792828668326e-6],[0.0001695970815945641,-0.0019621167480146713,0.00014488350861614606]]
[[-0.00017048575751758686,0.0019459893274310462,-0.00014655415076620786],[4.1334953654575066e-6,7.055971703154939e-6,4.719166971442249e-6],[0.00016635226215212933,-0.0019530452991342012,0.00014183498379476562]]
[[-0.00016725447964967207,0.0019370485075916005,-0.00014351353361159117],[4.104532820167187e-6,7.008099542197237e-6,4.686789240816694e-6],[0.00016314994682950487,-0.0019440566071337977,0.00013882674437077448]]
[[-0.0001640652889425968,0.0019281889144646864,-0.0001405128476947779],[4.075871510162051e-6,6.960715345085694e-6,4.654741549651387e-6],[0.00015998941743243473,-0.0019351496298097722,0.00013585810614512653]]
[[-0.0001609174777510803,0.0019194095291772957,-0.00013755141840450662],[4.047507282186323e-6,6.913812454156916e-6,4.623019433545977e-6],[0.00015686997046889396,-0.0019263233416314525,0.00013292839897096064]]
[[-0.00015781035284842567,0.001910709349096889,-0.00013462858491690205],[4.019436054379094e-6,6.867384325766597e-6,4.5916185034733424e-6],[0.00015379091679404658,-0.0019175767334226558,0.0001300369664134287]]
[[-0.00015474323507987236,0.0019020873875221893,-0.0001317436998632468],[3.991653814802169e-6,6.821424527938036e-6,4.56053444425162e-6],[0.0001507515812650702,-0.0019089088120501274,0.0001271831654189952]]
[[-0.00015171545902554234,0.0018935426733807186,-0.00012889612900696473],[3.964156620003371e-6,6.775926738067381e-6,4.529763013052452e-6],[0.00014775130240553898,-0.001900318600118786,0.00012436636599391228]]
[[-0.00014872637267267867,0.0018850742509329192,-0.00012608525092952568],[3.936940593614309e-6,6.730884740684007e-6,4.499300037944428e-6],[0.00014478943207906438,-0.0018918051356736033,0.00012158595089158125]]
[[-0.00014577533709688784,0.0018766811794826961,-0.00012331045672499505],[3.910001924981671e-6,6.68629242526455e-6,4.4691414164708245e-6],[0.00014186533517190618,-0.0018833674719079608,0.00011884131530852424]]
[[-0.00014286172615210588,0.001868362533094229,-0.00012057114970295826],[3.883336867831126e-6,6.642143784099094e-6,4.439283114260675e-6],[0.00013897838928427476,-0.0018750046768783281,0.00011613186658869759]]
[[-0.00013998492616901884,0.0018601174003149029,-0.0001178667450995611],[3.856941738962938e-6,6.598432910208084e-6,4.409721163672287e-6],[0.0001361279844300559,-0.0018667158332251108,0.0001134570239358888]]
[[-0.0001371443356616772,0.0018519448839042136,-0.00011519666979641566],[3.83081291697845e-6,6.555153995308635e-6,4.380451662468361e-6],[0.00013331352274469877,-0.0018585000378995222,0.0001108162181339473]]
[[-0.0001343393650420526,0.0018438441005685013,-0.00011256036204713],[3.8049468410365746e-6,6.512301327828831e-6,4.351470772521831e-6],[0.00013053441820101602,-0.00185035640189633,0.00010820889127460816]]
[[-0.00013156943634229308,0.0018358141807013732,-0.00010995727121122716],[3.779340009639492e-6,6.469869290968747e-6,4.322774718551623e-6],[0.00012779009633265357,-0.0018422840499923419,0.00010563449649267554]]
[[-0.00012883398294444347,0.0018278542681296802,-0.00010738685749522907],[3.753988979446796e-6,6.427852360806974e-6,4.294359786887572e-6],[0.00012507999396499668,-0.0018342821204904872,0.0001030924977083415]]
[[-0.00012613244931740375,0.001819963519864921,-0.00010484859170068676],[3.7288903641172753e-6,6.386245104451334e-6,4.2662223242636695e-6],[0.00012240355895328647,-0.0018263497649693725,0.00010058236937642309]]
[[-0.00012346429076090566,0.0018121411058599358,-0.00010234195497894644],[3.7040408331776404e-6,6.3450421782327025e-6,4.238358736638938e-6],[0.00011976024992772804,-0.0018184861480381685,0.00009810359624230751]]
[[-0.00012082897315629653,0.001804386208770766,-0.0000998664385924476],[3.6794371109174485e-6,6.304238325940718e-6,4.210765488045206e-6],[0.00011714953604537909,-0.0018106904470967067,0.0000956556731044024]]
[[-0.0001182259727239262,0.0017966980237235696,-0.00009742154368235763],[3.6550759753095513e-6,6.26382837710032e-6,4.183439099461059e-6],[0.00011457089674861666,-0.0018029618521006698,0.00009323810458289657]]
[[-0.00011565477578693807,0.0017890757580864545,-0.00009500678104235147],[3.630954256955364e-6,6.223807245287966e-6,4.156376147711298e-6],[0.0001120238215299827,-0.0017952995653317423,0.00009085040489464018]]
[[-0.00011311487854127425,0.001781518631246125,-0.00009262167089835382],[3.6070688380543545e-6,6.18416992648658e-6,4.129573264391265e-6],[0.0001095078097032199,-0.0017877028011726115,0.00008849209763396255]]
[[-0.00011060578683170963,0.0017740258743892282,-0.0000902657426940655],[3.5834166513970427e-6,6.144911497478099e-6,4.103027134815336e-6],[0.00010702237018031258,-0.0017801707858867064,0.00008616271555925016]]
