[[-0.0032481008355651135,0.002678256703921319,0.002717700280113004],[-0.00953071682980057,0.019566051534227,-0.03461757720384119],[0.012778817665365682,-0.022244308238148318,0.03189987692372819]]
[[-0.002924996517800725,0.002674672630232867,0.002434827357651775],[-0.01039298467894601,0.021247099626155144,-0.03577101647179304],[0.013317981196746735,-0.023921772256388012,0.03333618911414126]]
[[-0.0026687998806492292,0.002668443151463724,0.0022308027585436134],[-0.011228994571405854,0.02313544009369053,-0.0371588552453046],[0.013897794452055084,-0.025803883245154254,0.03492805248676099]]
[[-0.00245728935574639,0.002657268363626241,0.002088925044780931],[-0.01206767306359506,0.02527314768368039,-0.03879405216188176],[0.014524962419341451,-0.02793041604730663,0.036705127117100826]]
[[-0.0022754319179906462,0.0026385986475990853,0.0019954649491828107],[-0.012932789905620343,0.027714321738169203,-0.04069918656751052],[0.01520822182361099,-0.030352920385768287,0.03870372161832771]]
[[-0.0021131110156869318,0.002610237737057072,0.001938853952822383],[-0.01384564559831284,0.03052855308789352,-0.04290717564581457],[0.015958756613999772,-0.03313879082495059,0.040968321692992186]]
[[-0.00196368526473082,0.0025706727663292934,0.0019092237140420122],[-0.014826966132190094,0.03380627402407076,-0.045462891610707254],[0.016790651396920916,-0.03637694679040005,0.04355366789666524]]
[[-0.0018230120479446022,0.002519220817052946,0.0018981731015614218],[-0.01589839050078752,0.03766675970647395,-0.04842584058262822],[0.017721402548732123,-0.04018598052352689,0.0465276674810668]]
[[-0.0016887394031852494,0.0024560388921854273,0.001898661988897959],[-0.017083774297757676,0.04227016531611283,-0.051874212315056525],[0.018772513700942926,-0.04472620420829825,0.049975550326158566]]
[[-0.0015597639972972778,0.002382032481836409,0.0019049551752360206],[-0.018410427140053615,0.04783599751034517,-0.0559108140244552],[0.019970191137350893,-0.05021802999218158,0.05400585884921917]]
[[-0.0014358051428564845,0.0022986969393459502,0.0019125647559133144],[-0.01991029168720571,0.05467223775980274,-0.060671693154302084],[0.021346096830062194,-0.05697093469914869,0.05875912839838877]]
[[-0.0013170715722616941,0.0022079257601246615,0.001918162987143898],[-0.021620871815910624,0.06322278072810968,-0.06633866794038927],[0.022937943388172316,-0.06543070648823433,0.06442050495324536]]
[[-0.0012040090681561724,0.0021118164608067104,0.001919457490611425],[-0.023585235271950594,0.07414771318646533,-0.07315752139298244],[0.024789244340106764,-0.07625952964727205,0.07123806390237102]]
[[-0.001097119846038162,0.0020124977221824027,0.0019150343995907545],[-0.025849135453957343,0.0884653913310737,-0.08146407446573395],[0.026946255299995503,-0.0904778890532561,0.07954904006614319]]
[[-0.0009968435017020045,0.001911992362658075,0.0019041820266826794],[-0.028449692226142246,0.10781758924254438,-0.0917196674644894],[0.02944653572784425,-0.10972958160520245,0.08981548543780671]]
[[-0.0009034872946213586,0.0018121215611318943,0.001886708473908186],[-0.03137923634039752,0.13499687986088513,-0.10455101810775416],[0.03228272363501888,-0.13680900142201702,0.10266430963384597]]
[[-0.0008171917956787553,0.0017144478996014923,0.001862762600044983],[-0.0344724029162306,0.17508042183911812,-0.12075623693812451],[0.03528959471190935,-0.1767948697387196,0.11889347433807954]]
[[-0.0007379160854401982,0.0016202481401123838,0.0018326596873383246],[-0.03703383147705051,0.23811447457811907,-0.14108085120164063],[0.03777174756249071,-0.23973472271823146,0.13924819151430232]]
[[-0.0006654219148753513,0.0015304981505694243,0.0017966994892109978],[-0.036461667815241905,0.3462912997018822,-0.16475339040639092],[0.03712708973011725,-0.34782179785245165,0.16295669091717993]]
[[-0.0005992189187760497,0.001445829526103436,0.0017549374629365786],[-0.022131711424686333,0.5562502601349437,-0.18075877744748647],[0.022730930343462383,-0.5576960896610471,0.17900383998454988]]
[[-0.0005383660835628803,0.0013663217057628748,0.0017068091410993801],[0.06047029259065067,1.039273300789359,-0.10493987786065943],[-0.059931926507087785,-1.0406396224951218,0.10323306871956006]]
[[-0.0004807561235512441,0.0012904776800167972,0.0016504546102004054],[0.5978608358419117,2.225302167682657,0.8411130927712632],[-0.5973800797183605,-2.226592645362674,-0.8427635473814636]]
[[-0.0004214845860986175,0.0012100828908544919,0.0015845252054353597],[1.6702168643208435,-0.628108748448963,3.938325600289604],[-1.669795379734745,0.6268986655581086,-3.9399101254950395]]
[[-0.0003695749455845384,0.0011233846311334643,0.0015324480916493334],[0.07421528299840856,-2.078919226351281,0.6492248841298548],[-0.07384570805282402,2.0777958417201474,-0.6507573322215041]]
[[-0.0003324776263063495,0.001048766608986465,0.0014916481550519356],[-0.1482813706145626,-0.9840794321200067,-0.10970825738578703],[0.14861384824086893,0.9830306655110203,0.1082166092307351]]
[[-0.0003029061007165365,0.0009844243869849075,0.0014538529247226709],[-0.13511313034482372,-0.5393299574244292,-0.18273040504575327],[0.13541603644554026,0.5383455330374444,0.1812765521210306]]
[[-0.0002775516179263759,0.0009276633078849807,0.0014171853522242396],[-0.10957302663913435,-0.33999203560964925,-0.17081476482524902],[0.10985057825706072,0.3390643723017643,0.16939757947302475]]
[[-0.0002549240408545585,0.0008767682778653891,0.0013812495667909026],[-0.0895190816762543,-0.23533006045564556,-0.14944288386342705],[0.08977400571710886,0.23445329217778016,0.14806163429663616]]
[[-0.00023426358986186228,0.0008306136211870528,0.0013460019731235207],[-0.07476351507146131,-0.173640966293429,-0.13016243355180052],[0.07499777866132316,0.17281035267224196,0.12881643157867698]]
[[-0.00021514252421682702,0.0007884108948942678,0.0013114811969012572],[-0.06379218458691481,-0.13412819181228586,-0.11434921122352312],[0.06400732711113165,0.1333397809173916,0.11303773002662186]]
[[-0.0001973004895181293,0.0007495775219466335,0.00127773559840237],[-0.055442844993468667,-0.10721029779892324,-0.10158094925574107],[0.05564014548298679,0.1064607202769766,0.1003032136573387]]
[[-0.00018056809847096878,0.0007136651743269081,0.0012448040475840814],[-0.0489364722838329,-0.0879858455289285,-0.09122219526583156],[0.04911704038230388,0.0872721803546016,0.08997739121824747]]
[[-0.00016482820093555362,0.0006803179852789905,0.0012127124256796026],[-0.0437566260731605,-0.0737354270246229,-0.08272881126506436],[0.04392145427409605,0.07305510903934391,0.08151609883938475]]
[[-0.0001499949315585416,0.0006492466055368059,0.0011814747480488334],[-0.03955517464410837,-0.06285010497725882,-0.0756819629789235],[0.039705169575666915,0.06220085837172201,0.07450048823087467]]
[[-0.00013600181120539947,0.0006202112310388522,0.0011510953834132673],[-0.0360918891352224,-0.05432718468921135,-0.06976764898960965],[0.036227890946427796,0.05370697345817249,0.06861655360619638]]
[[-0.00012279474052488633,0.0005930100087533416,0.0011215712490171158],[-0.03319698408944205,-0.0475144645991969,-0.06475081211300543],[0.03331977882996694,0.046921454590443556,0.06362924086398832]]
[[-0.0001103277610220618,0.0005674708284121608,0.001092893668375089],[-0.03074772733708559,-0.04197225271597692,-0.06045414191573854],[0.030858055098107653,0.04140478188756476,0.059361248247363455]]
[[-0.00009856043847343576,0.0005434453365878189,0.0010650498509398643],[-0.02865355615310705,-0.03739497572546813,-0.056742403389683685],[0.028752116591580487,0.03685153038888031,0.05567735353874382]]
[[-0.00008745622389238395,0.0005208044618872218,0.001038024038137251],[-0.026846392886468663,-0.03356465147996291,-0.05351120106381784],[0.026933849110361046,0.03304384701807569,0.05247317702568059]]
[[-0.00007698141597041266,0.0004994349990080183,0.001011798378847055],[-0.025274200488807696,-0.030322217054328245,-0.0506789704564419],[0.025351181904778107,0.029822782055320227,0.04966717207759485]]
[[-0.00006710449932757724,0.00047923695405105297,0.0009863535936007481],[-0.023896601014783535,-0.02754927559602839,-0.048181244984941154],[0.023963705514111113,0.027070038641977337,0.04719489139134041]]
[[-0.00005779572004114177,0.00046012144933207786,0.0009616694767524494],[-0.022681836477088522,-0.025156140338656537,-0.0459665154023921],[0.022739632197129666,0.024696018889324458,0.04500484592563965]]
[[-0.000049026811871211834,0.0004420090473256736,0.0009377252754601059],[-0.02160462149045762,-0.023073804084118382,-0.04399320713649098],[0.02165364830232883,0.022631795036792707,0.04305548186103087]]
[[-0.00004077081832242415,0.00042482839385048763,0.000914499975327236],[-0.02064460004276933,-0.021248423536871695,-0.04222744847842646],[0.02068537086109175,0.020823595143021206,0.041312948503099224]]
[[-0.00003300197543579493,0.0004085151079858048,0.0008919725153586601],[-0.019785219014211413,-0.019637454513718688,-0.040641403847195244],[0.01981822098964721,0.019228939405732882,0.03974943133183658]]
[[-0.000025695632708608732,0.0003930108651579914,0.0008701219493202628],[-0.01901289405473205,-0.01820689480605034,-0.03921201521083915],[0.01903858968744066,0.017813883940892346,0.038341893261518885]]
[[-0.000018828197557583028,0.00037826263321605585,0.000848927566369294],[-0.018316383768642277,-0.016929285003277627,-0.037920041598280455],[0.01833521196619986,0.01655102237006157,0.03707111403191116]]
[[-0.000012377093932727624,0.00036422203093614165,0.0008283689806447762],[-0.01768631446709938,-0.01578223732649055,-0.03674931870361019],[0.01769869156103211,0.01541801529555441,0.03592094972296541]]
[[-6.320729075792177e-6,0.00035084478542400915,0.0008084261971279632],[-0.017114815210663974,-0.014747338309621492,-0.035686182719753955],[0.017121135939739768,0.014396493524197482,0.034877756522625994]]
[[-6.384646351553285e-7,0.00033809027009505866,0.0007890796593026185],[-0.016595234641050324,-0.013809320136919488,-0.03471901796561061],[0.016595873105685482,0.013471229866824428,0.03392993830630799]]
[[4.6894101968370774e-6,0.0003259211088242641,0.0007703102828123863],[-0.016121919165143533,-0.012955427692508995,-0.033837898732836394],[0.016117229754946696,0.012629506583684731,0.033067588450024006]]
[[9.681704907126391e-6,0.0003143028348313808,0.0007520994783133127],[-0.0156900376544913,-0.012174929982938077,-0.033034303505350894],[0.01568035594958417,0.011860627148106697,0.03228220402703758]]
[[0.000014356354011269795,0.0003032035951498938,0.000734429165968377],[-0.015295441764269448,-0.011458739301446223,-0.03230088525737514],[0.01528108541025818,0.01115553570629633,0.031566456091406764]]
[[0.000018730443898378618,0.00029259389329859363,0.0007172817834643645],[-0.014934553783312935,-0.010799111663592733,-0.03163128556578468],[0.014915823339414557,0.01050651777029414,0.03091400378232031]]
[[0.000022820240292701215,0.0002824463641597841,0.0007006402890026349],[-0.014604275950346069,-0.010189409159903837,-0.031019983225442426],[0.014581455710053369,0.009906962795744052,0.03031934293643979]]
[[0.000026641216302276015,0.00027273557616071877,0.0006844881603895873],[-0.014301916645919765,-0.009623909918255307,-0.030462170239801793],[0.014275275429617488,0.009351174342094589,0.029777682079412206]]
[[0.000030208080939106498,0.0002634378567232462,0.000668809391104105],[-0.014025129954835147,-0.009097654990773687,-0.029953649688128157],[0.013994921873896041,0.008834217134050441,0.02928484029702405]]
[[0.00003353480795157646,0.00025453113764169715,0.0006535884840288608],[-0.013771865900411207,-0.008606324108165603,-0.029490751196315893],[0.013738331092459631,0.008351792970523906,0.02883716271228703]]
[[0.00003663466479324227,0.00024599481760902934,0.000638810443385834],[-0.013540329256879006,-0.00814613417099664,-0.02907026066788141],[0.013503694592085764,0.007900139353387611,0.028431450224495575]]
[[0.00003952024155254873,0.00023780963956517487,0.0006244607653030662],[-0.013328945303792203,-0.007713755773414349,-0.02868936164229187],[0.013289425062239655,0.007475946133849175,0.0280649008769888]]
[[0.000042203479678607824,0.00022995758091163532,0.0006105254273516573],[-0.013136331235353573,-0.007306244119759081,-0.02834558619503852],[0.013094127755674966,0.007076286538847445,0.02773506076768686]]
[[0.000044695700354421285,0.00022242175493976092,0.000596990877323234],[-0.012961272205831067,-0.006920981496541493,-0.028036773718405794],[0.012916576505476646,0.006698559741601732,0.02743978284108256]]
[[0.000047007632387844326,0.0002151863220701531,0.0005838440214641762],[-0.012802701200006155,-0.006555629071043689,-0.02776103625358994],[0.012755693567618312,0.006340442748973535,0.027177192232125762]]
[[0.00004914943951025107,0.00020823640970764142,0.0005710722123402904],[-0.012659682079685108,-0.006208086253261004,-0.027516729305825292],[0.012610532640174857,0.005999849843553362,0.026945657093485002]]
[[0.00005113074699207778,0.000201558039688511,0.0005586632364718492],[-0.012531395284661183,-0.005876456216171668,-0.027302427281017085],[0.012480264537669105,0.0056748981764831565,0.026743764044545235]]
[[0.000052960667502465154,0.0001951380624405772,0.0005466053018519748],[-0.012417125767299912,-0.005559016446761829,-0.02711690284750266],[0.012364165099797446,0.005363878384321252,0.026570297545650684]]
[[0.00005464782615670866,0.00018896409709749158,0.000534887025439751],[-0.012316252820254846,-0.005254193416229177,-0.026959109659408797],[0.012261604994098138,0.005065229319131686,0.026424222633969048]]
[[0.00005620038470997976,0.00018302447691045031,0.000523497420702035],[-0.012228241521341327,-0.004960540626697527,-0.026828167985856338],[0.012172041136631348,0.004777516149787077,0.026304670565154304]]
[[0.00005762606486876227,0.00017730819938659568,0.0005124258852638527],[-0.012152635571836696,-0.0046767194243017745,-0.026723352878548014],[0.012095009506967933,0.0044994112249151785,0.026210926993284162]]
[[0.00005893217070271292,0.00017180488065654214,0.0005016621887157814],[-0.012089051347154715,-0.004401482072669989,-0.026644084583390692],[0.012030119176452001,0.004229677192013447,0.02614242239467491]]
[[0.0000601256101493023,0.00016650471363580428,0.0004911964606173532],[-0.012037173014071069,-0.004133656662674777,-0.026589920963151933],[0.011977047403921765,0.003967151949038973,0.02609872450253458]]
[[0.00006121291561175602,0.00016139842959824114,0.00048101917872781896],[-0.011996748598109027,-0.003872133498402307,-0.02656055175044795],[0.011935535682497271,0.003710735068804066,0.026079532571720132]]
[[0.00006220026365764099,0.00015647726282542042,0.0004711211574892914],[-0.011967586909643882,-0.0036158526490245764,-0.02655579449580152],[0.01190538664598624,0.003459375386199156,0.026084673338312228]]
[[0.00006309349383107342,0.0001517329180352425,0.0004614935367820663],[-0.011949555258809611,-0.0033637923942274415,-0.026575592115914582],[0.011886461764978538,0.0032120594761921987,0.026114098579132515]]
[[0.00006389812659610467,0.00014715754032724296,0.00045212777096761557],[-0.011942577908260255,-0.0031149583189395446,-0.026620011984214407],[0.01187867978166415,0.0029678007786123014,0.02616788421324679]]
[[0.0000646193804325089,0.00014274368741154216,0.0004430156182312078],[-0.011946635229984714,-0.002868372832684383,-0.0266892465405163],[0.011882015849552206,0.002725629145272841,0.026246230922285094]]
[[0.00006526218810806492,0.0001384843039140947,0.00043414913023318404],[-0.011961763548333145,-0.0026230649008531564,-0.026783615430546037],[0.011896501360225081,0.0024845805969390617,0.026349466300312853]]
[[0.0000658312121536203,0.0001343726975733074,0.0004255206420755418],[-0.011988055666761322,-0.0023780597801002583,-0.026903569220281393],[0.011922224454607703,0.002243687082526951,0.02647804857820585]]
[[0.00006633085956883835,0.00013040251716269445,0.0004171227625885483],[-0.012025662091081225,-0.00213236854807766,-0.027049694765818793],[0.011959331231512388,0.0020019660309149655,0.026632572003230246]]
[[0.00006676529578765388,0.00012656773199144224,0.0004089483649405661],[-0.012074792977762901,-0.001884977208689603,-0.027222722358037754],[0.012008027681975246,0.0017584094766981608,0.026813773993097187]]
[[0.00006713845793318381,0.0001228626128498931,0.0004009905775730894],[-0.012135720852632688,-0.0016348351374533645,-0.027423534804160078],[0.012068582394699504,0.0015119725246034712,0.027022544226586988]]
[[0.0000674540673922164,0.00011928171428031751,0.000393242775462101],[-0.012208784163776711,-0.0013808426064906615,-0.027653178657038726],[0.012141330096384495,0.001261560892210344,0.027259935881576627]]
[[0.00006771564173951026,0.00011581985806517219,0.0003856985717062632],[-0.012294391753298219,-0.001121837093784976,-0.027912877859640663],[0.012226676111558709,0.0010060172357198038,0.0275271792879344]]
[[0.00006792650604201801,0.00011247211783554344,0.00037835180944211346],[-0.012393028356631655,-0.0008565780346989064,-0.028204050139119304],[0.012325101850589637,0.0007441059168633629,0.02782569832967719]]
[[0.00006808980357286064,0.00010923380471183462,0.0003711965540863558],[-0.012505261266403837,-0.0005837296127207629,-0.028528326565103197],[0.012437171462830977,0.00047449580800892823,0.02815713001101684]]
[[0.00006820850596446098,0.00010610045389712184,0.00036422708590549166],[-0.012631748331613322,-0.0003018411074537957,-0.02888757478414006],[0.01256353982564886,0.00019574065355667386,0.02852334769823457]]
[[0.00006828542282973259,0.00010306781215111518,0.00035743789291346056],[-0.012773247503757338,-9.324216222415234e-6,-0.029283926561457733],[0.012704962080927605,-0.00009374359592869994,0.028926488668544272]]
[[0.00006832321087965021,0.0001001318260794373,0.00035082366409863784],[-0.012930628191491454,0.0002955733650136934,-0.029719810408563127],[0.012862304980611805,-0.0003957051910931307,0.02936898674446449]]
[[0.00006832438256493118,0.0000972886311790756,0.0003443792829825148],[-0.013104884747056608,0.0006147989840078877,-0.030197990258796353],[0.013036560364491677,-0.0007120876151869632,0.02985361097581384]]
[[0.00006829131426896041,0.00009453454158647471,0.000338099821513685],[-0.013297152484428806,0.0009505317977448007,-0.030721611383418983],[0.013228861170159844,-0.0010450663393312754,0.0303835115619053]]
[[0.00006822625407852678,0.00009186604047990186,0.00033198053430243064],[-0.013508726725359833,0.0013052266430296307,-0.03129425503219533],[0.013440500471281307,-0.0013970926835095326,0.0309622744978929]]
[[0.00006813132915843302,0.00008927977109252594,0.00032601685320331046],[-0.013741085491022985,0.0016816667619588986,-0.031920003653452475],[0.013672954161864552,-0.0017709465330514246,0.03159398680024916]]
[[0.0000680085527556249,0.00008677252829718668,0.00032020438225577666],[-0.013995916611626765,0.0020830276151349203,-0.03260351902443879],[0.01392790805887114,-0.002169800143432107,0.03228331464218301]]
[[0.00006785983085819415,0.00008434125072818604,0.0003145388929961118],[-0.01427515022453676,0.0025129546542013376,-0.033350136237522136],[0.014207290393678565,-0.0025972959049295236,0.033035597344526026]]
[[0.00006768696853448074,0.00008198301340970396,0.0003090163201580113],[-0.014580997887240302,0.0029756587763405786,-0.03416597728792557],[0.014513310918705821,-0.0030576417897502824,0.033856960967767566]]
[[0.00006749167597758398,0.00007969502086474441,0.00030363275778415435],[-0.0149159998641068,0.003476034326854317,-0.03505808905844424],[0.014848508188129215,-0.003555729347719061,0.03475445630066009]]
[[0.00006727557428094193,0.00007747460068298478,0.00029838445577733916],[-0.015283082581733063,0.004019806066113654,-0.03603461188516001],[0.01521580700745212,-0.00409728066679664,0.03573622742938267]]
[[0.00006704020097133684,0.00007531919753071299,0.00029326781692755864],[-0.015685628823317175,0.004613713638897659,-0.0371049867409274],[0.015618588622345839,-0.004689032836428372,0.03681171892399984]]
[[0.00006678701532682128,0.00007322636759140784,0.0002882793944612063],[-0.016127563999186346,0.005265745018154769,-0.038280211568271764],[0.016060776983859527,-0.005338971385746177,0.03799193217381056]]
[[0.00006651740350876849,0.0000711937734317534,0.0002834158901710172],[-0.016613462860653096,0.00598543449738931,-0.03957316068565654],[0.01654694545714433,-0.006056628270821063,0.039289744795485526]]
[[0.00006623268353970268,0.00006921917929538704,0.0002786741532012027],[-0.017148682420995747,0.006784246609398063,-0.040998985851546675],[0.017082449737456044,-0.00685346578869345,0.04072031169834547]]
[[0.00006593411016199667,0.00006730044683603735,0.0002740511795826157],[-0.01773952875931258,0.007676075664429475,-0.04257562404423509],[0.017673594649150585,-0.007743376111265512,0.04230157286465247]]
[[0.00006562287961726092,0.00006543553131372994,0.0002695441126392452],[-0.01839346802700481,0.008677902679103115,-0.044324446113608196],[0.018327845147387552,-0.008743338210416845,0.04405490200096895]]
[[0.00006530013439274559,0.00006362247829361796,0.000265150244422011],[-0.01911939567189758,0.009810669272268896,-0.04627109340978886],[0.019054095537504836,-0.009874291750562515,0.04600594316536685]]
[[0.00006496696798998044,0.00006185942090847426,0.0002608670183717426],[-0.019927983116888013,0.011100454773377523,-0.04844656817246762],[0.019863016148898033,-0.011162314194285998,0.04818570115409587]]
[[0.00006462442978311204,0.00006014457777559248,0.0002566920334747048],[-0.020832128594372282,0.012580083436066532,-0.050888670801902396],[0.020767504164589168,-0.012640228013842125,0.05063197876842769]]
[[0.00006427353005131767,0.00005847625170078954,0.0002526230502573576],[-0.02184754963410179,0.014291351784644739,-0.05364391776836163],[0.021783276104050474,-0.014349828036345528,0.05339129471810427]]
[[0.00006391524529327857,0.00005685282936260861,0.00024865799908142355],[-0.022993570504965595,0.016288166239042612,-0.05677013533978107],[0.02292965525967232,-0.01634501906840522,0.05652147734069965]]
[[0.0000635505239649998,0.000055272782258575565,0.00024479499135960893],[-0.024294181313187974,0.018641043587413583,-0.060340018839097974],[0.024230630789222975,-0.01869631636967216,0.06009522384773836]]
[[0.00006318029282989453,0.00005373466932848653,0.00024103233453745087],[-0.025779480488736344,0.02144369709566488,-0.0644460954771982],[0.02571630019590645,-0.021497431764993365,0.06420506314266075]]
[[0.0000628054641792508,0.000052237141873841845,0.00023736855201028298],[-0.02748766527652497,0.024822893343415205,-0.06920776645905327],[0.027424859812345718,-0.024875130485289047,0.06897039790704299]]
[[0.00006242694428355586,0.00005077895171314482,0.00023380240961756667],[-0.029467815008806703,0.028953580871963407,-0.0747814933541489],[0.029405388064523145,-0.029004359823676554,0.07454769094453133]]
[[0.00006204564358963975,0.000049358964029799454,0.00023033295106265694],[-0.03178383274582732,0.03408278347481514,-0.08137584650561944],[0.031721787102237685,-0.03413214243884494,0.08114551355455678]]
[[0.00006166248941709808,0.00004797617722814644,0.00022695954568090242],[-0.03452008802004008,0.04056858864926687,-0.08927425447606223],[0.034458425530622984,-0.04061656482649501,0.08904729493038133]]
[[0.0000612784422849789,0.0000466297535883501,0.00022368195365248856],[-0.03778954215124377,0.04894621045320761,-0.09887026474838306],[0.03772826370895879,-0.04899284020679596,0.09864658279473057]]
[[0.00006089451761397347,0.00004531906714391692,0.00022050041642291172],[-0.04174537558498889,0.060044954585859164,-0.1107236592322767],[0.04168448106737492,-0.06009027365300308,0.11050315881585379]]
[[0.00006051181557876252,0.00004404378011890028,0.0002174157844396053],[-0.04659701269037996,0.07520632961232666,-0.125652147356188],[0.046536500874801205,-0.07525037339244556,0.12543473157174836]]
[[0.00006013156366356442,0.00004280396891909599,0.00021442970152845718],[-0.052629352812368475,0.09671683506099894,-0.1448845467906702],[0.05256922124870491,-0.09675963902991805,0.14467011708914174]]
[[0.00005975517963187936,0.000041600340857698154,0.00021154487727606473],[-0.06021307938283846,0.12873419340771616,-0.1703180076759927],[0.060153324203206585,-0.12877579374857387,0.17010646279871663]]
[[0.00005938436830432805,0.00004043462821395389,0.00020876549812730316],[-0.06974272962818442,0.17946459881935348,-0.20492544587820413],[0.06968334525988008,-0.17950503344756744,0.20471668038007684]]
[[0.000059021275350349404,0.00003931035789940015,0.00020609785277088586],[-0.08118658183275765,0.2669246951717246,-0.2531786989012989],[0.0811275605574073,-0.266964005529624,0.252972601048528]]
[[0.00005866873340230209,0.000038234500394285564,0.00020355123516871735],[-0.09148628714250873,0.4366730388263416,-0.31956929931669403],[0.09142761840910642,-0.43671127332673587,0.31936574808152535]]
[[0.0000583306045266567,0.00003722144127807589,0.00020113877993449571],[-0.07749659642736821,0.8270435785715297,-0.38601507252087097],[0.07743826582284156,-0.8270808000128077,0.3858139337409365]]
[[0.0000580116332860759,0.00003630378741172427,0.00019887393549112762],[0.15246652420011958,1.9121020363605676,-0.133365322421041],[-0.15252453583340567,-1.9121383401479795,0.13316644848554987]]
[[0.00005770872316962473,0.00003555594342695314,0.00019671816324168576],[1.6392857923389803,2.3900913510175843,3.1491037532525987],[-1.63934350106215,-2.390126906961011,-3.149300471415841]]
[[0.00005735672908750961,0.00003489551592029727,0.00019434936682496853],[0.5304771389276214,-1.9439564436540555,1.7044613051834177],[-0.530534495656709,1.9439215481381353,-1.7046556545502427]]
[[0.000056975556353652136,0.000034093994560841344,0.0001919576030766497],[0.001051906893429659,-1.0038781021070697,0.25559201949209803],[-0.0011088824497833111,1.0038440081125088,-0.2557839770951747]]
[[0.0000565975456765367,0.00003323571019784702,0.00018966613359712914],[-0.05045652441795211,-0.5527122216923865,0.02390072986819697],[0.050399926872275576,0.5526789859821888,-0.024090396001794103]]
[[0.000056227249024342057,0.00003236045810912835,0.00018747316356470707],[-0.05075015600979562,-0.35131525290150134,-0.02756954718748991],[0.05069392876077128,0.3512828924433922,0.0273820740239252]]
[[0.00005586499877743616,0.00003148498479193627,0.00018536673666610208],[-0.0445300303646211,-0.24575261887111075,-0.0399584021918692],[0.044474165365843664,0.2457211338863188,0.039773035455203096]]
[[0.00005551037978905394,0.000030617431912565604,0.0001833361790654321],[-0.0383318109421683,-0.18336096920479078,-0.04150822790905603],[0.03827630056237925,0.1833303517728782,0.0413248917299906]]
[[0.000055162864325312404,0.000029762156265677993,0.0001813728879774031],[-0.03313226262579693,-0.14319500214588954,-0.03973778320363448],[0.03307709976147162,0.14316523998962385,0.03955641031565708]]
[[0.00005482195104687224,0.000028921611274252498,0.0001794699503623631],[-0.028911297796692846,-0.11566491731316624,-0.03701997049188717],[0.028856475845645973,0.11563599570189198,0.0368405005415248]]
[[0.000054487193080470064,0.0000280971968389459,0.00017762173098421086],[-0.02548717376482044,-0.09587628174682844,-0.03417335905496661],[0.02543268657173997,0.09584818454998949,0.033995737323982395]]
[[0.0000541581981917047,0.000027289688167148248,0.00017582355953528993],[-0.022685275333371994,-0.08111302597419259,-0.031483372265280536],[0.02263111713518029,0.08108573628602544,0.031307548705745245]]
[[0.00005383462228152979,0.000026499471066101313,0.00017407150547248408],[-0.0203665701111734,-0.0697653816131975,-0.029037828066140792],[0.020312735488891873,0.06973888214213139,0.028863756560668308]]
[[0.00005351616208666418,0.000025726679650277813,0.00017236221587283349],[-0.018425519537327215,-0.06082743344942683,-0.026848892711268245],[0.018372003375240552,0.06080170676977655,0.026676530495395413]]
[[0.00005320254865990155,0.00002497128112235144,0.00017069279689417132],[-0.016782772221075496,-0.053642746617701,-0.02490051896485438],[0.016729569672415595,0.053617775336578646,0.024729826167960208]]
[[0.000052893541925524404,0.000024233130119358593,0.00016906072548314265],[-0.015378424657875304,-0.0477671796176984,-0.023167624525429375],[0.015325531115949781,0.04774294648757904,0.02299856379994623]]
[[0.00005258892623239283,0.00002351200470166478,0.00016746378237570027],[-0.01416683318171511,-0.04289089762174918,-0.021623888535057725],[0.014114244255482718,0.04286738561704751,0.021456424752682026]]
[[0.0000522885067401737,0.00002280763082314177,0.0001659000003619349],[-0.013112828766727565,-0.03879202355472702,-0.020244778783741122],[0.013060540259987392,0.03876921592390388,0.02007887878337919]]
[[0.00005199210647550708,0.00002211969933026794,0.00016436762369902483],[-0.012188997169676623,-0.03530802432572977,-0.019008543848068816],[0.012137005063201116,0.0352859046263995,0.01884417622436979]]
[[0.00005169956391992405,0.000021447877977942156,0.00016286507581192257],[-0.011373724902135354,-0.03231745538392627,-0.01789634533635036],[0.01132202533821543,0.032296007505948326,0.017733480260538434]]
[[0.00005141073101895852,0.000020791820041166585,0.0001613909332577822],[-0.010649786340806586,-0.029727974583167047,-0.016892047357928822],[0.010598375609787627,0.029707182763125877,0.01673065642467104]]
[[0.00005112547152594325,0.00002015117055331989,0.00015994390449660962],[-0.010003312496937361,-0.02746827084014909,-0.015981892091092197],[0.009952187025411417,0.02744811966959577,0.01582194818659559]]
[[0.00005084365961328995,0.000019525570860305106,0.00015852281240104227],[-0.009423030346655406,-0.025482505688776344,-0.015154160774724946],[0.009372186687042117,0.025462980117916038,0.014995637962323904]]
[[0.00005056517869905519,0.00001891466196143125,0.00015712657971188787],[-0.008899695582933367,-0.023726407919707978,-0.0143988604409304],[0.008849130404234311,0.023707493257746546,0.014241733861218513]]
[[0.000050289920448098755,0.000018318086964760778,0.00015575421684111535],[-0.008425665018206274,-0.02216447983984705,-0.013707449893468908],[0.008375375097758174,0.02214616175288229,0.013551695676627794]]
[[0.00005001778391592785,0.000017735492888845832,0.0001544048115651365],[-0.007994570874665107,-0.0207679659780262,-0.013072606573437236],[0.007944553090749179,0.020750230485137355,0.012918201761872099]]
[[0.0000497486748100445,0.000017166531977407798,0.00015307752025482503],[-0.0076010701965276845,-0.019513354192926984,-0.012488031075586936],[0.007551321521717639,0.019496187660949578,0.012334953555332111]]
[[0.00004948250484877651,0.000016610862648147338,0.0001517715603657889],[-0.007240650223591809,-0.018381254652978424,-0.01194828443789125],[0.007191167718743032,0.018364643790330277,0.01179651287752546]]
[[0.000049219191201561546,0.000016068150164896494,0.0001504862039704528],[-0.00690947586943056,-0.017355551030788993,-0.011448653139521977],[0.0068602566782289985,0.017339482880624094,0.011298166935551524]]
[[0.0000489586559977535,0.0000155380670994733,0.00014922077215772276],[-0.006604269181872118,-0.01642275049170059,-0.010985037158166112],[0.006555310525874365,0.016407212424601116,0.01083581638600839]]
[[0.00004870082589344701,0.000015020293633061144,0.00014797463016005108],[-0.006322213318313975,-0.015571480693139253,-0.010553857056573216],[0.006273512492420528,0.015556460399506191,0.010405882426413165]]
[[0.000048445631687726786,0.000014514517734828656,0.00014674718309418982],[-0.006060875474522754,-0.014792096768210177,-0.010151976708766894],[0.006012429842835027,0.014777582250475348,0.010005229525672706]]
[[0.00004819300798126699,0.000014020435246550733,0.00014553787222270446],[-0.00581814458731286,-0.014076371480996878,-0.009776638862578709],[0.005769951579331593,0.014062351045750328,0.009631100990356004]]
[[0.00004794289287141528,0.000013537749895304122,0.00014434617165976296],[-0.005592180642551896,-0.01341724890801915,-0.009425411241518323],[0.0055442377496804805,0.013403711158123846,0.009281065069858558]]
[[0.00004769522767887209,0.000013066173251274238,0.0001431715854578437],[-0.005381373166469048,-0.012808647093475798,-0.009096141312988077],[0.005333677938790176,0.012795580920224524,0.008952969727530234]]
[[0.00004744995670186355,0.000012605424643886105,0.00014201364502256118],[-0.005184307034257048,-0.012245298788324224,-0.008786918198677104],[0.005136857077555184,0.012232693363680337,0.008644904553654542]]
[[0.00004720702699434768,0.00001215523104654853,0.00014087190681134947],[-0.004999734147531733,-0.011722622046032275,-0.008496040487076008],[0.004952527120537386,0.011710466814985727,0.008355168580264659]]
[[0.00004696638816532085,0.000011715326938050346,0.0001397459502787146],[-0.0048265498483159395,-0.01123661440388838,-0.00822198893817339],[0.004779583460150619,0.01122489907695033,0.008082242987894676]]
[[0.00004672799219672287,0.000011285454146905469,0.000138635376036474],[-0.0046637731783236635,-0.010783765829599565,-0.007963403256300143],[0.00461704518612694,0.01077248037545266,0.007824767880263669]]
[[0.00004649179327779973,0.00001086536168358729,0.00013753980420211747],[-0.004510530277562826,-0.010360986698840464,-0.0077190622571659505],[0.004464038484285026,0.010350121337156877,0.0075815224529638325]]
[[0.00004625774765408035,0.000010454805564532366,0.00013645887291233042],[-0.004366040359580341,-0.009965547889192003,-0.007487866876358462],[0.004319782611926261,0.009955093083627471,0.007351408003446131]]
[[0.00004602581348937491,0.00001005354863095999,0.00013539223698198083],[-0.004229603812267401,-0.009595030699764421,-0.007268825564638839],[0.004183577998778026,0.00958497715113346,0.007133433327656858]]
[[0.000045795950739412034,9.661360364897226e-6,0.00013433956669159987],[-0.004100592060590927,-0.009247284784182424,-0.0070610416948564975],[0.004054796109851515,0.009237623423817527,0.006926702128164898]]
[[0.000045568121035910686,9.278016704279154e-6,0.00013330054668868674],[-0.003978438896555463,-0.00892039265409081,-0.006863702669899404],[0.003932870775519552,0.008911114637386532,0.006730402123210718]]
[[0.00004534228758003272,8.903299858581298e-6,0.000132274874990109],[-0.0038626330363585033,-0.008612639597659132,-0.0066760704737292365],[0.0038172907487784707,0.00860373629780055,0.0065437955987391275]]
[[0.000045118415044291115,8.536998126113237e-6,0.00013126226207451982],[-0.0037527117082771203,-0.008322488082442596,-0.006497473450564884],[0.003707593293232829,0.008313951084316483,0.006366211188490364]]
[[0.00004489646948210003,8.178905713840792e-6,0.00013026243005512052],[-0.003648255109744734,-0.008048555889047867,-0.006327299132538141],[0.0036033586402626342,0.008040376983334027,0.00619703670248302]]
[[0.000044676418244245034,7.828822560395377e-6,0.00012927511192429545],[-0.0035488816002031305,-0.007789597362327785,-0.006164987965139778],[0.0035042051819588853,0.007781768539767389,0.006035712853215482]]
[[0.00004445822990163689,7.486554162762677e-6,0.00012830005086268313],[-0.0034542435190774027,-0.007544487278562786,-0.0060100278036918165],[0.0034097852891757656,0.007537000724400023,0.005881727752829134]]
[[0.00004424187417378023,7.151911407009025e-6,0.0001273369996061322],[-0.003364023536728326,-0.00731220691655864,-0.005861949073872982],[0.003319781662554546,0.00730505500515163,0.0057346120742668505]]
[[0.00004402732186245137,6.824710403298287e-6,0.00012638571986476108],[-0.003277931461349693,-0.007091831992599783,-0.005720320505753048],[0.0032339041394872418,0.007085007282196484,0.005593934785888287]]
[[0.00004381454479013306,6.5047723253664504e-6,0.000125445981789006],[-0.0031957014371721826,-0.0068825221774335915,-0.005584745364470816],[0.0031518868923820498,0.006876017405108225,0.00545929938268181]]
[[0.00004360351574280019,6.191923254554055e-6,0.00012451756347811897],[-0.0031170894795410375,-0.006683511960776677,-0.0054548581121153196],[0.0030734859637982373,0.006677320037522123,0.0053303405486372]]
[[0.000043394208416692614,5.885994028442709e-6,0.00012360025052708396],[-0.0030418713008712613,-0.006494102667447885,-0.005330321444940231],[0.0029984770924545686,0.006488216673419442,0.005206721194413147]]
[[0.00004318659736874643,5.586820094099801e-6,0.00012269383560835784],[-0.0029698403884843936,-0.006313655460878832,-0.005210823658082102],[0.0029266537911156474,0.006308068640784733,0.005088129822473744]]
[[0.00004298065797038811,5.2942413659020106e-6,0.00012179811808523113],[-0.0029008063011605276,-0.006141585195794326,-0.005096076296727747],[0.0028578256431901396,0.006136290954428424,0.004974278178642516]]
[[0.00004277636636442316,5.008102087882508e-6,0.0001209129036539409],[-0.0028345931561108463,-0.005977355003368647,-0.0049858120584003966],[0.002791816789746423,0.005972346901280764,0.004864899154746456]]
[[0.0000425736994247769,4.728250700526503e-6,0.00012003800401196743],[-0.002771038282160795,-0.005820471510003275,-0.004879782915883915],[0.002728464582736018,0.0058157432593027485,0.004759744911871947]]
[[0.00004237263471886698,4.4545397119249134e-6,0.00011917323655021023],[-0.002709991018369971,-0.005670480605718413,-0.004777758434424407],[0.002667618383651104,0.005666026066006489,0.004658585197874197]]
[[0.000042173150472406925,4.186825573184321e-6,0.0001183184240669706],[-0.0026513116402143203,-0.00552696369054953,-0.0046795242603576296],[0.0026091384897419133,0.005522776864976346,0.004561205836290659]]
[[0.00004197522553645854,3.924968557983461e-6,0.00011747339450187563],[-0.0025948703979101657,-0.005389534337729538,-0.004584880761306976],[0.0025528951723737072,0.005385609369171555,0.004467407366805101]]
[[0.000041778839356566014,3.6688326461607266e-6,0.00011663798068806013],[-0.00254054665354256,-0.00525783532117068,-0.004493641800661588],[0.002498767814185994,0.00525416648852452,0.004377003819973527]]
[[0.000041583971943819825,3.4182854112136417e-6,0.00011581202012108746],[-0.002488228105433566,-0.005131535962124852,-0.004405633631245117],[0.002446644133489746,0.005128117676713638,0.004289821611124029]]
[[0.000041390603847710836,3.1731979115891717e-6,0.00011499535474323455],[-0.0024378100896993997,-0.0050103297561298965,-0.004320693894978412],[0.002396419485851689,0.005007156558218308,0.004205698540235178]]
[[0.00004119871613064661,2.933444585643385e-6,0.00011418783074189488],[-0.0023891949502405007,-0.004893932246632803,-0.004238670716971177],[0.002347996234109854,0.004890998802047159,0.004124482886229282]]
[[0.00004100829034401305,2.6989031501488316e-6,0.00011338929836097173],[-0.002342291469519706,-0.004782079116174978,-0.004159421883887373],[0.002301283179175693,0.00477938021302483,0.004046032585526401]]
[[0.000040819308505673044,2.46945450222974e-6,0.00011259961172423443],[-0.002297014353439354,-0.0046745244698578325,-0.00408281409764972],[0.002256195044933681,0.004672055015355603,0.003970214485925485]]
[[0.000040631753078803294,2.244982624606592e-6,0.00011181862866970579],[-0.0022532837644520494,-0.004571039289084827,-0.004008722296607653],[0.002212652011373246,0.004568794306460221,0.0038969036679379464]]
[[0.00004044560695197783,2.025374494034011e-6,0.00011104621059423146],[-0.002211024897751716,-0.004471410036386302,-0.003937029037213904],[0.002170579290799738,0.004469384661892268,0.0038259828266196724]]
[[0.0000402608534204137,1.8105199928186806e-6,0.00011028222230745647],[-0.0021701675960081844,-0.004375437394548489,-0.003867623930056972],[0.0021299067425877708,0.00437362687455567,0.003757341707749516]]
[[0.00004007747616830147,1.6003118233067978e-6,0.00010952653189450357],[-0.002130645998643632,-0.0042829351253486385,-0.003800403124796894],[0.0020905685224753305,0.004281334813525332,0.0036908765929023904]]
[[0.00003989545925214796,1.3946454252338693e-6,0.00010877901058670688],[-0.0020923982221147212,-0.004193729034994576,-0.003735268839164035],[0.0020525027628625733,0.004192334389569342,0.003626489828577328]]
[[0.000039714787085065465,1.193418895832707e-6,0.00010803953263981153],[-0.0020553660680699064,-0.004107656034921586,-0.003672128927717087],[0.002015651280984841,0.004106462616025753,0.003564089395077275]]
[[0.00003953544442194512,9.965329125990654e-7,0.00010730797521909842],[-0.0020194947566056633,-0.0040245632879476875,-0.0036108964865272965],[0.001979959312183718,0.004023566755035088,0.003503588511308198]]
[[0.00003935741634545777,8.038906586175309e-7,0.00010658421829093861],[-0.001984732682155341,-0.003944307430960033,-0.0035514894903699488],[0.0019453752658098828,0.003943503540301415,0.00344490527207901]]
[[0.0000391806882528293,6.153977503537885e-7,0.00010586814452032367],[-0.001951031189816129,-0.0038667538663254993,-0.003493830459368764],[0.0019118505015632997,0.0038661384685751456,0.0033879623148484403]]
[[0.00003900524584334114,4.3096216782265647e-7,0.00010515963917395422],[-0.0019183443701582296,-0.0037917761151088766,-0.0034378461523605778],[0.0018793391243148885,0.003791345152941054,0.0033326865131866235]]
[[0.00003883107510651031,2.5049418704467565e-7,0.00010445859002850299],[-0.0018866288707702816,-0.003719255225960412,-0.0033834672845319234],[0.0018477977956637714,0.0037190047317733673,0.0032790086945034204]]
[[0.00003865816231090668,7.390631470720313e-8,0.00010376488728370023],[-0.0018558437229801608,-0.0036490792342162336,-0.003330628267130732],[0.001817185560669254,0.0036490053279015265,0.003226863379847032]]
[[0.00003848649399356784,-9.888677505082961e-8,0.00010307842347991597],[-0.0018259501823536005,-0.0035811426663534154,-0.003279266967279416],[0.0017874636883600328,0.0035812415531284664,0.0031761885437995]]
[[0.0000383160569499746,-2.6796830180822435e-7,0.00010239909341993998],[-0.001796911581717543,-0.003515346085467344,-0.003229324486113562],[0.0017585955247675685,0.0035156140537691526,0.003126925392693622]]
[[0.000038146838224553424,-4.3341943805958914e-7,0.0001017267940946835],[-0.0017686931955830634,-0.003451595673902089,-0.003180744953646554],[0.0017305463573585099,0.0034520290933401487,0.0030790181595518706]]
[[0.000037978825101672974,-5.953193665140662e-7,0.00010106142461254651],[-0.0017412621149561595,-0.0033898028495729588,-0.0031334753389171332],[0.0017032832898544866,0.003390398168939473,0.0030324139143045868]]
[[0.000037812005097105934,-7.537453355636952e-7,0.00010040288613221698],[-0.001714587131625575,-0.0033298839128812385,-0.0030874652741166957],[0.0016767751265284693,0.0033306376582168023,0.0029870623879844787]]
[[0.000037646365949927484,-9.087727129876707e-7,0.00009975108179868213],[-0.0016886386311064621,-0.0032717597214404663,-0.0030426668915178945],[0.0016509922651565345,0.003272668494153454,0.002942915809719212]]
[[0.00003748189561482499,-1.060475037956264e-6,0.00009910591668225153],[-0.0016633884934986558,-0.0032153553901165892,-0.0029990346721376925],[0.0016259065978838309,0.0032164158651545455,0.002899928755455441]]
[[0.00003731858225479434,-1.2089240713954299e-6,0.00009846729772040449],[-0.0016388100015896074,-0.003160600014135519,-0.002956525305167853],[0.0016014914193348132,0.0031618089382069144,0.002858058007447448]]
[[0.000037156414234200335,-1.35418984477092e-6,0.0000978351336622889],[-0.0016148777555957683,-0.003107426413234933,-0.0029150975572954188],[0.001577721341361568,0.003108780603079704,0.00281726242363313]]
[[0.000036995380112179966,-1.496340707348322e-6,0.00009720933501571132],[-0.0015915675939932054,-0.0030557708950359344,-0.0028747121511160704],[0.0015545722138810255,0.0030572672357432828,0.002777502816100359]]
[[0.00003683546863636853,-1.6354433719830033e-6,0.00009658981399646829],[-0.0015688565199392752,-0.0030055730359873473,-0.0028353316519154218],[0.0015320210513029067,0.0030072084793593304,0.0027387418379189537]]
[[0.00003667666873693028,-1.7715629594922558e-6,0.00009597648447988151],[-0.001546722632833054,-0.0029567754783936867,-0.002796920362158345],[0.0015100459640961237,0.0029585470413531793,0.0027009438776784637]]
[[0.00003651896952087579,-1.9047630416593508e-6,0.0000953692619544075],[-0.0015251450646032762,-0.0029093237421791438,-0.0027594442230848373],[0.0014886260950824003,0.002911228505220803,0.00266407496113043]]
[[0.00003636236026665017,-2.0351056829175936e-6,0.00009476806347720223],[-0.00150410392034962,-0.002863166050166576,-0.002722870722863813],[0.0014677415600829699,0.002865201155849494,0.002628102659386611]]
[[0.000036206830418976474,-2.1626514807605067e-6,0.00009417280763152918],[-0.0014835802229963917,-0.00281825316576383,-0.0026871688108037243],[0.0014473733925774153,0.0028204158172445907,0.0025929960031721953]]
[[0.00003605236958393991,-2.287459604922298e-6,0.00009358341448590673],[-0.0014635558616477905,-0.0027745382420515685,-0.0026523088171620866],[0.0014275034920638507,0.002776825701656491,0.00255872540267618]]
[[0.00003589896752429991,-2.409587835371306e-6,0.00009299980555489907],[-0.0014440135433609036,-0.002731976681358146,-0.002618262378134837],[0.0014081145758366037,0.002734386269193517,0.002525262572579938]]
[[0.00003574661415501665,-2.5290925991571975e-6,0.00009242190376145867],[-0.0014249367480771793,-0.002690526004489377,-0.002585002365641818],[0.0013891901339221626,0.002693055097088534,0.0024925804618803594]]
[[0.00003559529953898076,-2.646029006151258e-6,0.00009184963340073774],[-0.00140630968647515,-0.002650145728855047,-0.0025525028215565826],[0.0013707143869361692,0.002652791757861198,0.0024606531881558448]]
[[0.00003544501388293483,-2.7604508837175503e-6,0.00009128292010528867],[-0.0013881172605273039,-0.0026107972548008347,-0.0025207388960578436],[0.0013526722466443688,0.0026135577056845523,0.002429455975952555]]
[[0.00003529574753357616,-2.8724108103512077e-6,0.00009072169081158043],[-0.001370345026562107,-0.0025724437595145704,-0.002489686789806187],[0.0013350492790285308,0.0025753161703249215,0.0023989650989946066]]
[[0.00003514749097383106,-2.981960148318866e-6,0.00009016587372776214],[-0.0013529791606486843,-0.0025350500979301805,-0.002459323699673684],[0.001317831669674853,0.0025380320580784994,0.0023691578259459217]]
[[0.00003500023481929141,-3.0891490753347153e-6,0.00008961539830260912],[-0.001336006426136624,-0.0024985827101019747,-0.002429627767775882],[0.0013010061913173326,0.0025016718591773096,0.002340012369473273]]
[[0.00003485396981480462,-3.194026615304526e-6,0.00008907019519559116],[-0.0013194141431969687,-0.0024630095345664882,-0.0024005780335755117],[0.001284560173382164,0.0024662035611817926,0.0023115078383799206]]
[[0.000034708686831209,-3.296640668168704e-6,0.00008853019624800662],[-0.0013031901602228429,-0.0024282999272495385,-0.0023721543888454177],[0.0012684814733916337,0.0024315965679177075,0.002283624192597411]]
[[0.000034564376862206673,-3.3970380388743014e-6,0.00008799533445512919],[-0.0012873228269594313,-0.002394424585512847,-0.0023443375352947622],[0.0012527584500972245,0.002397821623551721,0.002256342200839633]]
[[0.000034421031021366805,-3.4952644655047304e-6,0.00008746554393931754],[-0.0012718009692433004,-0.00236135547696785,-0.0023171089446776595],[0.0012373799382219336,0.0023648507414333548,0.0022296434007383417]]
[[0.00003427864053925236,-3.59136464659485e-6,0.00008694075992404159],[-0.0012566138652404474,-0.0023290657727146626,-0.002290450821217271],[0.0012223352247011951,0.0023326571373612575,0.0022035100612932297]]
[[0.00003413719676066389,-3.68538226765818e-6,0.00008642091870878063],[-0.0012417512230809952,-0.0022975297846916575,-0.0022643460661909915],[0.0012076140263203314,0.0023012151669593154,0.0021779251474822107]]
[[0.000033996691141994206,-3.7773600269518246e-6,0.00008590595764475315],[-0.001227203159796315,-0.0022667229068462796,-0.0022387782445340005],[0.001193206468654321,0.0022705002668732314,0.0021528722868892473]]
[[0.00003385711524868836,-3.867339660503891e-6,0.00008539581511143865],[-0.001212960181471502,-0.002236621559860549,-0.002213731553329037],[0.0011791030662228136,0.002240488899521053,0.0021283357382175985]]
[[0.000033718460752803496,-3.955361966427224e-6,0.00008489043049385569],[-0.001199013164532669,-0.0022072031391856058,-0.0021891907920600136],[0.0011652947037798654,0.002211158501152033,0.002104300361566158]]
[[0.00003358071943066328,-4.041466828542334e-6,0.00008438974416056098],[-0.0011853533380945865,-0.002178445966158734,-0.002165141334516062],[0.0011517726186639232,0.0021824874329872766,0.002080751590355501]]
[[0.000033443883160602516,-4.125693239331787e-6,0.00008389369744233815],[-0.0011719722672996415,-0.0021503292419936845,-0.0021415691022407713],[0.001138528384139039,0.0021544549352330166,0.0020576754047984328]]
[[0.0000333079439207969,-4.208079322247182e-6,0.00008340223261154469],[-0.0011588618375841988,-0.0021228330044511033,-0.002118460539428978],[0.001125553893663402,0.0021270410837733508,0.0020350583068174336]]
[[0.00003317289378717412,-4.288662353389437e-6,0.00008291529286208872],[-0.0011460142398130731,-0.002095938087010448,-0.0020958025891804357],[0.001112841346025899,0.0021002267493638377,0.002012887296318347]]
[[0.000033038724931401886,-4.367478782582059e-6,0.00008243282229000854],[-0.0011334219562270844,-0.0020696260803781483,-0.00207358267102603],[0.0011003832312956826,0.0020739935591607304,0.0019911498487360214]]
[[0.000032905429618949354,-4.444564253856604e-6,0.00008195476587462897],[-0.0011210777471526278,-0.002043879296179042,-0.0020517886596482047],[0.0010881723175336783,0.0020483238604328984,0.001969833893773576]]
[[0.00003277300020721808,-4.519953625368667e-6,0.00008148106946027011],[-0.0011089746384257634,-0.0020186807326893655,-0.002030408864722627],[0.0010762016382185454,0.0020232006863147344,0.0019489277952623569]]
[[0.00003264142914373943,-4.593680988762282e-6,0.00008101167973848631],[-0.0010971059094867178,-0.0019940140424799177,-0.002009432011813178],[0.0010644644803429785,0.00199860772346868,0.0019284203320746914]]
[[0.000032510708964434806,-4.665779687999725e-6,0.00008054654423081247],[-0.0010854650821037115,-0.001969863501847527,-0.0019888472242570072],[0.0010529543731392767,0.0019745292815355267,0.0019083006800261948]]
[[0.00003238083229193607,-4.7362823376734815e-6,0.00008008561127199827],[-0.001074045909687899,-0.0019462139819216805,-0.001968644005980643],[0.001041665077395963,0.001950950264259354,0.0018885583947086445]]
[[0.000032251791833963,-4.8052208408161065e-6,0.00007962882999371006],[-0.0010628423671638107,-0.0019230509213412287,-0.0019488122251921489],[0.0010305905753298476,0.0019278561421820447,0.0018691833951984388]]
[[0.000032123580381755205,-4.872626406223625e-6,0.00007917615030868243],[-0.0010518486413620988,-0.0019003603004034808,-0.0019293420988979557],[0.0010197250609803438,0.0019052329268097045,0.0018501659485892733]]
[[0.00003199619080855577,-4.938529565307179e-6,0.00007872752289530151],[-0.0010410591219036454,-0.0018781286165948595,-0.0019102241781964154],[0.0010090629310950895,0.0018830671461601666,0.0018314966553011139]]
[[0.00003186961606814449,-5.002960188487435e-6,0.00007828289918260407],[-0.0010304683925461354,-0.001856342861418554,-0.0018914493343032658],[0.000998598776477991,0.0018613458216070417,0.0018131664351206617]]
[[0.00003174384919341814,-5.065947501145512e-6,0.00007784223133567596],[-0.0010200712229661377,-0.0018349904984404648,-0.0018730087452671032],[0.0009883273737727196,0.0018400564459416103,0.001795166513931427]]
[[0.000031618883295015446,-5.127520099143937e-6,0.00007740547224143523],[-0.0010098625609514854,-0.0018140594424800624,-0.0018548938833356753],[0.00097824367765647,0.0018191869625792064,0.00177748841109424]]
[[0.00003149471155998534,-5.1877059639305335e-6,0.00007697257549478584],[-0.00099983752498041,-0.0017935380398778082,-0.001837096502936318],[0.0009683428134204247,0.0017987257458417388,0.0017601239274415321]]
[[0.00003137132725049574,-5.246532477237757e-6,0.00007654349538512827],[-0.0009899913971654082,-0.0017734150497753151,-0.0018196086292361852],[0.0009586200699149124,0.001778661582252553,0.001743065133851057]]
[[0.000031248723702581596,-5.3040264353896155e-6,0.00007611818688321401],[-0.0009803196165412158,-0.0017536796263487302,-0.0018024225472501017],[0.0009490708928386341,0.00175898365278412,0.0017263043603668877]]
[[0.000031126894324930206,-5.360214063227828e-6,0.00007569660562833222],[-0.0009708177726776057,-0.0017343213019397248,-0.0017855307914658647],[0.0009396908783526755,0.0017396815160029525,0.0017098341858375326]]
[[0.000031005832597702085,-5.415121027668516e-6,0.00007527870791581591],[-0.0009614815995989263,-0.001715329971032145,-0.0017689261359587227],[0.0009304757670012242,0.0017207450920598134,0.0016936474280429068]]
[[0.000030885532071386,-5.468772450900388e-6,0.00007486445068485782],[-0.00095230696999344,-0.0016966958750257502,-0.001752601584968474],[0.000921421437922054,0.0017021646474766508,0.0016777371342836162]]
[[0.00003076598636568654,-5.521192923235e-6,0.00007445379150662415],[-0.0009432898896965763,-0.0016784095877616129,-0.001736550363914286],[0.0009125239033308897,0.0016839307806848479,0.001662096572407662]]
[[0.00003064718916844287,-5.572406515619226e-6,0.0000740466885726569],[-0.0009344264924331958,-0.0016604620017566455,-0.001720765910823812],[0.000903779303264753,0.0016660344082722648,0.001646719222251155]]
[[0.000030529134234577276,-5.622436791819922e-6,0.00007364310068355484],[-0.0009257130348048842,-0.0016428443151074675,-0.0017052418681546414],[0.0008951839005703069,0.0016484667518992875,0.0016315987674710866]]
[[0.00003041181538507222,-5.671306820290248e-6,0.00007324298723792364],[-0.0009171458915091303,-0.0016255480190262958,-0.0016899720749874044],[0.000886734076124058,0.0016312193258465862,0.0016167290877494808]]
[[0.00003029522650597482,-5.719039185726997e-6,0.0000728463082215869],[-0.0009087215507780548,-0.0016085648859739028,-0.001674950559571072],[0.00087842632427208,0.0016142839251596299,0.0016021042513494849]]
[[0.00003017936154742747,-5.765656000327838e-6,0.00007245302419704925],[-0.0009004366100250893,-0.001591886958356876,-0.0016601715322021905],[0.0008702572484776618,0.001597652614357204,0.0015877185080051413]]
[[0.000030064214522723508,-5.811178914757041e-6,0.00007206309629320353],[-0.0008922877716886974,-0.0015755065377584046,-0.0016456293784208095],[0.0008622235571659739,0.0015813177166731616,0.0015735662821276058]]
[[0.000029949779507387072,-5.855629128828305e-6,0.00007167648619527455],[-0.0008842718392628771,-0.0015594161746737333,-0.0016313186525068893],[0.0008543220597554901,0.0015652718038025614,0.0015596421663116148]]
[[0.00002983605063827593,-5.899027401912497e-6,0.0000712931561349918],[-0.0008763857135047832,-0.0015436086587231692,-0.001617234071261915],[0.0008465496628665072,0.0015495076861250818,0.0015459409151269232]]
[[0.00002972302211270655,-5.9413940630784595e-6,0.00007091306888098417],[-0.0008686263888103825,-0.001528077009317179,-0.0016033705080613146],[0.0008389033666976759,0.0015340184033802576,0.0015324574391803304]]
[[0.00002961068818760033,-5.98274902097423e-6,0.00007053618772938982],[-0.0008609909497495653,-0.001512814466749618,-0.0015897229871640927],[0.000831380261561965,0.0015187972157705923,0.0015191867994347027]]
[[0.000029499043178650417,-6.023111773456269e-6,0.00007016247649467501],[-0.0008534765677526485,-0.0014978144836965963,-0.0015762866782668861],[0.0008239775245739982,0.0015038375954700524,0.001506124201772211]]
[[0.00002938808145950796,-6.062501416973633e-6,0.0000697918995006551],[-0.0008460804979406466,-0.0014830707170997788,-0.0015630568912903293],[0.0008166924164811387,0.0014891332185167523,0.0014932649917896743]]
[[0.00002927779746098741,-6.100936655714159e-6,0.00006942442157171228],[-0.0008388000760921472,-0.0014685770204142157,-0.001550029071386343],[0.0008095222786311598,0.0014746779570699298,0.0014806046498146309]]
[[0.00002916818567028986,-6.138435810519286e-6,0.00006906000802420415],[-0.0008316327157399947,-0.0014543274362018828,-0.0015371987941555317],[0.0008024645300697048,0.001460465872012402,0.0014681387861313277]]
[[0.000029059240630243793,-6.175016827573924e-6,0.00006869862465805728],[-0.0008245759053914064,-0.0014403161890533059,-0.0015245617610645402],[0.0007955166647611627,0.0014464912058808797,0.001455863136406483]]
[[0.00002895095693856282,-6.210697286877842e-6,0.00006834023774854103],[-0.0008176272058654683,-0.001426537678820556,-0.0015121137950537091],[0.0007886762489269054,0.001432748376107434,0.0014437735573051681]]
[[0.000028843329247119387,-6.245494410504492e-6,0.00006798481403821615],[-0.0008107842477423092,-0.0014129864741459293,-0.0014998508363259484],[0.0007819409184951899,0.0014192319685564338,0.0014318660222877322]]
[[0.000028736352261234204,-6.279425070653255e-6,0.00006763232072905337],[-0.0008040447289185612,-0.0013996573062714907,-0.0014877689383082],[0.000775308376657327,0.001405936731342144,0.0014201366175791467]]
[[0.00002863002073898057,-6.312505797500774e-6,0.00006728272547471712],[-0.0007974064122640058,-0.0013865450631154927,-0.0014758642637773553],[0.0007687763915250252,0.0013928575689129937,0.001408581538302638]]
[[0.000028524329490503356,-6.344752786857044e-6,0.00006693599637301023],[-0.0007908671233745846,-0.0013736447836024742,-0.0014641330811428956],[0.0007623427938840814,0.0013799895363893313,0.0013971970847698853]]
[[0.000028419273377351782,-6.376181907631436e-6,0.00006659210195847495],[-0.0007844247484172135,-0.001360951652234579,-0.0014525717608789683],[0.0007560054750398619,0.0013673278341422104,0.0013859796589204933]]
[[0.000028314847311825778,-6.4068087091140525e-6,0.00006625101119514586],[-0.000778077232062076,-0.001348460993892316,-0.001441176772098961],[0.0007497623847502503,0.00135486780260143,0.001374925760903815]]
[[0.000028211046256335315,-6.43664842807736e-6,0.00006591269346945116],[-0.000771822575498316,-0.0013361682688536455,-0.0014299446792660321],[0.0007436115292419807,0.0013426049172817229,0.001364031985796581]]
[[0.000028107865222772376,-6.465715995703082e-6,0.00006557711858325816],[-0.0007656588345292469,-0.0013240690680208546,-0.0014188721390333615],[0.0007375509693064745,0.0013305347840165576,0.0013532950204501034]]
[[0.000028005299271894972,-6.4940260443389835e-6,0.00006524425674705881],[-0.0007595841177434129,-0.0013121591083452948,-0.0014079558972082426],[0.0007315788184715179,0.0013186531343896337,0.0013427116404611838]]
[[0.000027903343512722946,-6.5215929140902944e-6,0.00006491407857329247],[-0.0007535965847580264,-0.0013004342284405619,-0.0013971927858344145],[0.0007256932412453035,0.001306955821354652,0.0013322787072611222]]
[[0.00002780199310194525,-6.548430659250165e-6,0.00006458655506980164],[-0.0007476944445314748,-0.0012888903843752098,-0.001386579720387328],[0.0007198924514295295,0.00129543881503446,0.0013219931653175262]]
[[0.000027701243243337976,-6.5745530545735225e-6,0.00006426165763341753],[-0.0007418759537417744,-0.0012775236456365688,-0.0013761136970773045],[0.0007141747104984364,0.0012840981986911423,0.001311852039443887]]
[[0.000027601089187193294,-6.5999736013985084e-6,0.00006393935804367232],[-0.000736139415228005,-0.0012663301912576891,-0.0013657917902558142],[0.0007085383260408117,0.0012729301648590876,0.001301852432212142]]
[[0.000027501526229758502,-6.6247055336196655e-6,0.00006361962845663484],[-0.0007304831764919012,-0.001255306306099829,-0.0013556111499203165],[0.0007029816502621426,0.0012619310116334488,0.0012919915214636816]]
[[0.000027402549712685127,-6.648761823516674e-6,0.00006330244139886639],[-0.0007249056282569291,-0.0012444483772833304,-0.00134556899931335],[0.000697503078544244,0.001251097139106847,0.0012822665579144837]]
[[0.00002730415502248778,-6.672155187442725e-6,0.00006298776976149415],[-0.0007194052030823108,-0.0012337528907600812,-0.0013356626326117757],[0.0006921010480598231,0.0012404250459475239,0.0012726748628502816]]
[[0.000027206337590012267,-6.694898091376029e-6,0.0000626755867943989],[-0.0007139803740295791,-0.0012232164280211158,-0.0013258894127022621],[0.0006867740364395669,0.0012299113261124918,0.0012632138259078632]]
[[0.00002710909288991285,-6.717002756338237e-6,0.00006236586610051455],[-0.000708629653379368,-0.001212835662933232,-0.0013162467690392996],[0.0006815205604894551,0.0012195526656895701,0.001253880902938785]]
[[0.000027012416440138485,-6.738481163683257e-6,0.00006205858163023675],[-0.0007033515913962616,-0.0012026073586988342,-0.0013067321955822246],[0.000676339174956123,0.0012093458398625175,0.0012446736139519877]]
[[0.00002691630380142741,-6.759345060259845e-6,0.00006175370767593778],[-0.0006981447751396277,-0.0011925283649334825,-0.0012973432488078873],[0.0006712284713382003,0.0011992877099937422,0.0012355895411319496]]
[[0.00002682075057681026,-6.779605963451352e-6,0.00006145121886658546],[-0.0006930078273184618,-0.0011825956148559184,-0.0012880775457957657],[0.0006661870767416515,0.0011893752208193696,0.0012266263269291803]]
[[0.000026725752411121186,-6.799275166095807e-6,0.0000611510901624635],[-0.0006879394051883638,-0.001172806122585595,-0.0012789327623824792],[0.0006612136527772426,0.001179605397751691,0.0012177816722200158]]
[[0.00002663130499051696,-6.8183637412894975e-6,0.000060853296849990927],[-0.000682938199488865,-0.001163156980542998,-0.0012699066313828047],[0.0006563068944983481,0.0011699753442842875,0.0012090533345328136]]
[[0.000026537404042003563,-6.836882547077008e-6,0.0000605578145366382],[-0.0006780029334194019,-0.0011536453569482574,-0.0012609969408744343],[0.0006514655293773984,0.0011604822394953344,0.0012004391263377959]]
[[0.000026444045332970436,-6.854842231030825e-6,0.000060264619145938096],[-0.0006731323616523184,-0.001144268493413792,-0.001252201532543833],[0.000646688316319348,0.0011511233356448227,0.0011919369133978946]]
[[0.00002635122467073187,-6.872253234723212e-6,0.00005997368691258885],[-0.0006683252693813508,-0.0011350237026269212,-0.0012435183000906944],[0.0006419740447106189,0.0011418959558616446,0.0011835446131781054]]
[[0.00002625893790207547,-6.889125798093215e-6,0.000059684994377647524],[-0.0006635804714041303,-0.0011259083661185891,-0.0012349451876885976],[0.0006373215335020549,0.0011327974919166824,0.0011752601933109502]]
