[[-0.20090036559821234,0.33494569920810247,-0.3671768007811951],[0.6283751900347773,-0.8469629844775913,1.1244174695997844],[-0.4274748244365649,0.5120172852694889,-0.7572406688185894]]
[[-0.30609378624729255,0.6860568094447019,-0.5909618184314418],[0.758869762716488,-1.1771714086074043,1.2630193655038682],[-0.45277597646919543,0.4911145991627025,-0.6720575470724264]]
[[-0.5716026291101226,1.468146023617068,-0.9661873648807937],[1.0438671673437416,-1.9496325117294981,1.5672132673447172],[-0.472264538233619,0.48148648811243,-0.6010259024639235]]
[[-1.4310712537483534,4.568021478495083,-1.6710537266758023],[1.9213990873212032,-5.056408897320903,2.210995486411633],[-0.4903278335728498,0.48838741882581893,-0.5399417597358303]]
[[10.30641418213132,16.080936942316505,33.295701622855944],[-9.772585105929743,-16.615299464185682,-32.80109268579958],[-0.5338290762015763,0.5343625218691783,-0.4946089370563631]]
[[0.10035047215487816,-0.6758748188982411,-0.34035568494951224],[0.37462108893739343,0.227594675585442,0.7080103881280053],[-0.4749715610922716,0.44828014331279903,-0.36765470317849314]]
[[0.052670606539640605,-0.2813131872537672,-0.14732116524794997],[0.22634183705239408,0.08003580138595559,0.3577614518309705],[-0.2790124435920347,0.20127738586781158,-0.21044028658302055]]
[[0.016282280947827698,-0.1433295401609436,-0.0975249121990275],[0.1391332607008954,0.08361873651821848,0.22861748889469963],[-0.1554155416487231,0.05971080364272512,-0.13109257669567212]]
[[0.00402950004121647,-0.08170396632489985,-0.065759733660122],[0.08710673277457302,0.07656927674922401,0.15212526978293095],[-0.0911362328157895,0.005134689575675845,-0.08636553612280895]]
[[0.000014306504508875169,-0.051349146771082925,-0.04604605114648205],[0.056949279916030125,0.06477917079773288,0.10535694989700826],[-0.056963586420539,-0.013430024026649959,-0.05931089875052622]]
[[-0.0012936969369199782,-0.03479901418738974,-0.03360357585659604],[0.039028349077533456,0.05347281726517786,0.07595674052069057],[-0.03773465214061347,-0.018673803077788115,-0.04235316466409453]]
[[-0.0016572517563003411,-0.024968421288489515,-0.025436358205887057],[0.02791550992251742,0.04405916013197663,0.05677247996516357],[-0.026258258166217078,-0.01909073884348712,-0.03133612175927651]]
[[-0.001677751416848066,-0.018716067457222638,-0.01985187196405333],[0.020712443581734203,0.03655649701884843,0.04376550650012277],[-0.019034692164886135,-0.017840429561625792,-0.023913634536069442]]
[[-0.0015760553890539369,-0.014517616775337052,-0.015890404377593675],[0.015849965528565196,0.03063655320399331,0.0346296775842193],[-0.01427391013951126,-0.016118936428656257,-0.018739273206625627]]
[[-0.0014375278367934814,-0.011572740309651039,-0.012989655655048296],[0.012448076280231339,0.025950548903413174,0.028009310125929488],[-0.011010548443437858,-0.014377808593762136,-0.01501965447088119]]
[[-0.0012957280395271466,-0.009432477815156534,-0.010807225158420475],[0.009993133196274076,0.02220966330244436,0.023079576118153984],[-0.00869740515674693,-0.012777185487287825,-0.012272350959733511]]
[[-0.0011633521848606748,-0.007830650634502612,-0.009126701313841242],[0.008173430538289917,0.019191998027818746,0.0193211474738587],[-0.007010078353429243,-0.011361347393316132,-0.01019444616001746]]
[[-0.0010444446514512157,-0.006601941985809264,-0.007806582370202854],[0.006792898695836504,0.016731215714880537,0.016396405915496518],[-0.005748454044385289,-0.010129273729071273,-0.008589823545293664]]
[[-0.0009394629744627978,-0.005639556572454574,-0.006751503935649833],[0.00572414944824934,0.014703237520958652,0.014079371553914033],[-0.004784686473786542,-0.009063680948504078,-0.007327867618264201]]
[[-0.0008474500823408784,-0.004872143421460491,-0.005895448630040053],[0.004881986858539629,0.013015152665422473,0.012214766057793553],[-0.00403453677619875,-0.00814300924396198,-0.0063193174277535]]
[[-0.0007669796491117332,-0.004250628029859211,-0.005191616014529018],[0.00420794138537932,0.011596842650592697,0.010693351618429409],[-0.0034409617362675875,-0.0073462146207334865,-0.00550173560390039]]
[[-0.0006965629237351115,-0.0037403937690157186,-0.004606121068859818],[0.0036609484607168026,0.01039488057312875,0.009436640865364172],[-0.002964385536981691,-0.006654486804113032,-0.004830519796504354]]
[[-0.0006348141376993846,-0.003316475197551654,-0.0041139639007269704],[0.003211564739256282,0.00936814014057894,0.008387161526512837],[-0.0025767506015568977,-0.006051664943027286,-0.004273197625785867]]
[[-0.0005805071339748424,-0.002960511205116049,-0.0036963865118480343],[0.002838283201892683,0.008484637748504829,0.007502105003353549],[-0.002257776067917841,-0.00552412654338878,-0.003805718491505514]]
[[-0.0005325838718303142,-0.0026587606245290726,-0.003339099417954365],[0.0025251283081028026,0.007719250650110443,0.006749089370868324],[-0.0019925444362724884,-0.005060490025581371,-0.003409989952913959]]
[[-0.0004901429013525252,-0.0024007782360648423,-0.00303106712169278],[0.0022600518055593813,0.007052055795162321,0.0061032748417571055],[-0.0017699089042068562,-0.004651277559097479,-0.003072207720064326]]
[[-0.0004524208013122055,-0.002178512071079629,-0.0027636606290790153],[0.002033841064513324,0.006467109791103173,0.005545363139104763],[-0.001581420263201119,-0.004288597720023544,-0.0027817025100257474]]
[[-0.0004187724529223412,-0.0019856758466462736,-0.0025300559294460165],[0.0018393625230856362,0.0059515443855723636,0.005060186099260155],[-0.0014205900701632949,-0.00396586853892609,-0.0025301301698141387]]
[[-0.0003886526401660997,-0.001817304912534997,-0.002324800359835956],[0.0016710285455807995,0.005494889452144443,0.004635694286961855],[-0.0012823759054147,-0.003677584539609446,-0.0023108939271258996]]
[[-0.0003615998709555995,-0.0016694369704045226,-0.002143495508710706],[0.0015244159136048817,0.005088561469782021,0.004262221764342919],[-0.0011628160426492822,-0.0034191244993774985,-0.0021187262556322133]]
[[-0.0003372225794326287,-0.0015388791221743548,-0.0019825622805310934],[0.001395988941307911,0.004725473492943348,0.00393194448346997],[-0.0010587663618752824,-0.0031865943707689933,-0.0019493822029388766]]
[[-0.00031518755355059455,-0.001423035611242822,-0.0018390647174750673],[0.0012828958860532336,0.004399735128991985,0.00363847639637481],[-0.0009677083325026392,-0.0029766995177491623,-0.0017994116788997427]]
[[-0.0002952103163880362,-0.0013197788637698063,-0.0017105763994430512],[0.0011828174349829525,0.0041064198005380656,0.0033765648283728537],[-0.0008876071185949163,-0.0027866409367682597,-0.0016659884289298025]]
[[-0.0002770471674334307,-0.0012273518417582861,-0.0015950780779344907],[0.0010938526776134705,0.0038413827479105603,0.003141858285949881],[-0.0008168055101800399,-0.002614030906152274,-0.00154678020801539]]
[[-0.0002604886086759473,-0.0011442933232648383,-0.0014908784835939326],[0.0010144323918887485,0.0036011176188580005,0.002930727732098504],[-0.0007539437832128012,-0.002456824295593162,-0.0014398492485045713]]
[[-0.00024535391411527373,-0.0010693801656612323,-0.0013965525099344216],[0.0009432524581456973,0.0033826426415360044,0.0027401277534231023],[-0.0006978985440304235,-0.0023132624758747723,-0.0013435752434886805]]
[[-0.00023148663817648313,-0.0010015822848841757,-0.0013108925552564727],[0.0008792222633656243,0.003183409653920825,0.002567487789559586],[-0.0006477356251891411,-0.0021818273690366492,-0.0012565952343031133]]
[[-0.00021875089314486092,-0.0009400272515389748,-0.0012328699209661535],[0.0008214243803780928,0.003001230923302504,0.0024106262306742066],[-0.0006026734872332319,-0.0020612036717635295,-0.001177756309708053]]
[[-0.00020702825610414345,-0.0008839722283555687,-0.0011616039623588996],[0.0007690828064833563,0.00283421991040985,0.0022676820639708495],[-0.0005620545503792129,-0.0019502476820542813,-0.00110607810161195]]
[[-0.0001962151915364625,-0.0008327815611580251,-0.0010963372644202192],[0.0007215377567837398,0.0026807430375921752,0.0021370600989734645],[-0.0005253225652472773,-0.0018479614764341503,-0.0010407228345532455]]
[[-0.0001862208969964861,-0.0007859087594186624,-0.0010364155359506503],[0.0006782255183025377,0.0025393801963344794,0.0020173867815126384],[-0.0004920046213060516,-0.0017534714369158168,-0.000980971245561988]]
[[-0.00017696549664931392,-0.0007428819114082287,-0.0009812712253479323],[0.0006386622417165498,0.0024088922379524084,0.0019074743254622094],[-0.0004616967450672359,-0.0016660103265441796,-0.0009262031001142772]]
[[-0.00016837852156607893,-0.0007032918062858534,-0.0009304100918689518],[0.0006024308191886878,0.0022881940767574774,0.0018062914236609037],[-0.00043405229762260894,-0.0015849022704716238,-0.0008758813317919519]]
[[-0.0001603976270739803,-0.0006667822042784265,-0.000883400139006009],[0.0005691701976297015,0.0021763323291280217,0.0017129391969844517],[-0.00040877257055572117,-0.0015095501248495954,-0.0008295390579784427]]
[[-0.00015296750665963918,-0.0006330418225229879,-0.0008398624472183223],[0.000538566626464723,0.0020724666378808673,0.001626631339776727],[-0.0003855991198050838,-0.0014394248153578792,-0.0007867688925584047]]
[[-0.0001460389693486847,-0.0006017976995965251,-0.0007994635427173947],[0.0005103464515277408,0.0019758540060221762,0.0015466776468378537],[-0.00036430748217905614,-0.0013740563064256511,-0.000747214104120459]]
[[-0.00013956815347826055,-0.0005728096743763747,-0.0007619090152873999],[0.0004842701519408082,0.0018858355998224309,0.0014724702806052303],[-0.00034470199846254766,-0.0013130259254460562,-0.0007105612653178305]]
[[-0.00013351585462520536,-0.0005458657705240777,-0.0007269381570286724],[0.00046012738185052224,0.0018018255874535157,0.0014034722706021828],[-0.0003266115272253169,-0.0012559598169294382,-0.0006765341135735103]]
[[-0.00012784694937843186,-0.0005207783208252428,-0.0006943194396966968],[0.0004377328288289931,0.0017233016630487177,0.0013392078405697898],[-0.00030988587945056124,-0.0012025233422234749,-0.0006448884008730929]]
[[-0.00012252989983159638,-0.0004973806989674238,-0.0006638466841135833],[0.00041692273934937444,0.0016497969721881126,0.0012792542392310521],[-0.0002943928395177781,-0.0011524162732206888,-0.0006154075551174687]]
[[-0.00011753632626695292,-0.00047552455240036347,-0.0006353358032939116],[0.00039755199177470804,0.0015808932073967132,0.0012232348137717018],[-0.00028001566550775513,-0.0011053686549963497,-0.0005878990104777903]]
[[-0.00011284063761929394,-0.0004550774504111985,-0.000608622023206297],[0.0003794916207967191,0.0015162146842568102,0.0011708131148996225],[-0.0002666509831774251,-0.001061137233845612,-0.0005621910916933256]]
[[-0.00010841971104261162,-0.0004359208777445176,-0.0005835575028103285],[0.00036262671575301275,0.0014554232424638218,0.0011216878618047882],[-0.0002542070047104011,-0.0010195023647193043,-0.0005381303589944596]]
[[-0.00010425261332539147,-0.0004179485169712265,-0.0005600092891714785],[0.00034685462988238845,0.0013982138433549162,0.00107558862678538],[-0.000242602016556997,-0.0009802653263836897,-0.0005155793376139014]]
[[-0.00010032035807229888,-0.00040106477309553493,-0.0005378575548330315],[0.0003320834492147323,0.0013443107574714636,0.0010322721244865214],[-0.0002317630911424334,-0.0009432459843759288,-0.0004944145696534901]]
[[-0.00009660569353768608,-0.00038518350214706757,-0.0005169940738050904],[0.00031823067909308203,0.0012934642536376268,0.0009915190109595843],[-0.00022162498555539594,-0.0009082807514905593,-0.0004745249371544939]]
[[-0.00009309291679774751,-0.0003702269121660734,-0.0004973208999732074],[0.00030522211379515327,0.0012454477156742811,0.0009531311141278191],[-0.00021212919699740578,-0.0008752208035082078,-0.0004558102141546118]]
[[-0.00008976771061378701,-0.00035612461038702254,-0.00047874921778839766],[0.0002929908607479121,0.0012000551248688624,0.0009169290305406806],[-0.00020322315013412506,-0.0008439305144818398,-0.0004381798127522829]]
[[-0.00008661699989350809,-0.0003428127748181664,-0.0004611983400536789],[0.0002814764957119005,0.0011570988561992737,0.0008827500341397327],[-0.00019485949581839242,-0.0008142860813811073,-0.00042155169408605376]]
[[-0.00008362882512038488,-0.0003302334320039375,-0.00044459483168777755],[0.0002706243292855148,0.0011164077444692634,0.0008504462516329795],[-0.00018699550416512989,-0.0007861743124653259,-0.00040585141994520197]]
[[-0.00008079223050912213,-0.0003183338257018705,-0.0004288717416961436],[0.00026038476832581915,0.0010778253832761208,0.0008198830663667805],[-0.00017959253781669706,-0.0007594915575742504,-0.0003910113246706369]]
[[-0.00007809716497106037,-0.00030706586363104144,-0.00041396792834914615],[0.000250712758545171,0.0010412086253571006,0.0007909377185996235],[-0.00017261559357411064,-0.0007341427617260591,-0.0003769697902504774]]
[[-0.00007553439424780565,-0.0002963856314538768,-0.00039982746486576855],[0.00024156729673504933,0.0010064262575552954,0.0007634980750614592],[-0.0001660329024872437,-0.0007100406261014186,-0.00036367061019569054]]
[[-0.00007309542280307414,-0.0002862529648163467,-0.0003863991148149594],[0.0002329110028797268,0.0009733578275753778,0.0007374615448187372],[-0.00015981558007665267,-0.0006871048627590311,-0.00035106243000377783]]
[[-0.000070772424258895,-0.0002766310716560052,-0.0003736358680456295],[0.0002247097439241874,0.0009418926029992679,0.0007127341219129476],[-0.00015393731966529243,-0.0006652615313432627,-0.0003390982538673182]]
[[-0.00006855817932877895,-0.00026748619814357896,-0.0003614945292962116],[0.00021693230221002944,0.0009119286458105747,0.0006892295381233059],[-0.0001483741228812505,-0.0006444424476669958,-0.0003277350088270943]]
[[-0.00006644602034207143,-0.0002587873325925285,-0.00034993535276106206],[0.0002095500826358293,0.000883371988023557,0.0006668685116223804],[-0.00014310406229375787,-0.0006245846554310285,-0.0003169331588613183]]
[[-0.00006442978157446966,-0.00025050594248512346,-0.0003389217168406469],[0.00020253685347143853,0.0008561358959998902,0.0006455780793278241],[-0.00013810707189696887,-0.0006056299535147668,-0.00030665636248717714]]
[[-0.00006250375470289777,-0.0002426157404497927,-0.00032841983410540924],[0.00019586851648882613,0.0008301402127243447,0.0006252910024699912],[-0.00013336476178592836,-0.000587524472274552,-0.00029687116836458186]]
[[-0.00006066264879135638,-0.00023509247560458166,-0.0003183984921840238],[0.0001895229026895299,0.0008053107687474009,0.0006059452363476687],[-0.0001288602538981735,-0.0005702182931428192,-0.00028754674416364495]]
[[-0.00005890155429027597,-0.00022791374717325298,-0.00030882882186550353],[0.00018347959043031243,0.0007815788537293213,0.000587483456476552],[-0.00012457803614003646,-0.0005536651065560683,-0.00027865463461104837]]
[[-0.00005721591059722288,-0.0002210588376984913,-0.0002996840891979427],[0.00017771974319030816,0.0007588807415695602,0.0005698526343834491],[-0.00012050383259308526,-0.0005378219038710689,-0.00027016854518550643]]
[[-0.000055601476783124034,-0.00021450856353280538,-0.0002909395087881926],[0.00017222596459802952,0.0007371572630053794,0.0005530036571933486],[-0.00011662448781490547,-0.0005226486994725741,-0.000262064148405156]]
[[-0.000054054305136836196,-0.0002082451405919624,-0.0002825720758678267],[0.00016698216865593924,0.0007163534203371735,0.0005368909859209475],[-0.00011292786351910304,-0.0005081082797452111,-0.0002543189100531208]]
[[-0.00005257071722301079,-0.00020225206361634178,-0.00027456041500074126],[0.00016197346337284293,0.000696418039604509,0.0005214723480334339],[-0.00010940274614983213,-0.0004941659759881672,-0.00024691193303269266]]
[[-0.0000511472821847453,-0.0001965139974092505,-0.0002668846435745023],[0.00015718604624754342,0.0006773034561123427,0.0005067084604141433],[-0.00010603876406279811,-0.0004807894587030922,-0.00023982381683964102]]
[[-0.00004978079705426896,-0.000191016678713677,-0.0002595262484476178],[0.00015260711024717215,0.0006589652297047817,0.0004925627793413082],[-0.00010282631319290318,-0.0004679485509911048,-0.00023303653089369033]]
[[-0.000048468268862559993,-0.00018574682755488934,-0.00025246797432376537],[0.00014822475909549268,0.0006413618866154115,0.00047900127451425036],[-0.0000997564902329327,-0.00045561505906052224,-0.000226533300190485]]
[[-0.00004720689836291034,-0.000180692067019681,-0.00024569372259623606],[0.00014402793083453954,0.0006244546850982268,0.00046599222452095124],[-0.0000968210324716292,-0.0004437626180785458,-0.00022029850192471515]]
[[-0.000045994065204527975,-0.00017584085056723654,-0.0002391884595553289],[0.00014000632875077587,0.0006082074023695897,0.0004535060314542327],[-0.00009401226354624789,-0.00043236655180235316,-0.0002143175718989038]]
[[-0.00004482731441071594,-0.00017118239607434907,-0.0002329381329814177],[0.00013615035886753007,0.0005925861406762814,0.0004415150526558157],[-0.00009132304445681412,-0.00042140374460193224,-0.00020857691967439803]]
[[-0.000043704344032340505,-0.00016670662591140007,-0.00022692959625965917],[0.0001324510733013278,0.0005775591505533777,0.0004299934478041792],[-0.0000887467292689873,-0.0004108525246419776,-0.00020306385154452003]]
[[-0.00004262299386150862,-0.00016240411242713406,-0.00022115053925117473],[0.00012890011886298715,0.0005630966695533136,0.0004189170397684056],[-0.00008627712500147854,-0.00040069255712617957,-0.0001977665005172309]]
[[-0.00004158123510286979,-0.00015826602829148694,-0.00021558942524198493],[0.0001254896903567985,0.0005491707749183192,0.0004082631878303309],[-0.00008390845525392871,-0.0003909047466268322,-0.000192673762588346]]
[[-0.00004057716091096879,-0.00015428410120801287,-0.00021023543336671393],[0.00012221248809427592,0.0005357552488359689,0.00039801067203488105],[-0.00008163532718330713,-0.00038147114762795606,-0.00018777523866816715]]
[[-0.000039608977711790487,-0.000150450572562008,-0.00020507840597054226],[0.0001190616791941407,0.0005228254550650048,0.00038813958756656806],[-0.0000794527014823502,-0.0003723748825029968,-0.00018306118159602583]]
[[-0.000038674997235224475,-0.00014675815961830016,-0.00020010880043130942],[0.00011603086228847521,0.0005103582258484691,0.00037863124817133877],[-0.00007735586505325075,-0.0003636000662301689,-0.00017852244774002932]]
[[-0.00003777362919277583,-0.00014320002092474583,-0.00019531764501510798],[0.0001131140352972991,0.0004983317581457983,0.0003694680977495555],[-0.00007534040610452328,-0.0003551317372210525,-0.00017415045273444748]]
[[-0.00003690337454158351,-0.00013976972461451654,-0.00019069649838407556],[0.000110305565970974,0.00048672551831683696,0.0003606336293397728],[-0.00007340219142939049,-0.0003469557937023204,-0.0001699371309556972]]
[[-0.000036062819281785434,-0.0001364612193329187,-0.00018623741241515968],[0.00010760016493251528,0.0004755201544803907,0.0003521123107957791],[-0.00007153734565072984,-0.000339058935147472,-0.0001658748983806194]]
[[-0.00003525062873958225,-0.00013326880754333502,-0.00018193289802407515],[0.0001049928609806714,0.00046469741584943505,0.00034388951653255],[-0.00006974223224108914,-0.00033142860830610003,-0.0001619566185084749]]
[[-0.00003446554229307977,-0.00013018712099239062,-0.00017777589372007657],[0.0001024789784400196,0.0004542400784156457,0.000335951464781489],[-0.00006801343614693983,-0.00032405295742325506,-0.00015817557106141244]]
[[-0.000033706368502203624,-0.00012721109813704622,-0.00017375973664502615],[0.0001000541163667643,0.00044413187641865565,0.00032828515985270995],[-0.00006634774786456068,-0.00031692077828160946,-0.00015452542320768382]]
[[-0.000032971980607739364,-0.00012433596335637232,-0.00016987813587499088],[0.00009771412943877511,0.00043435743909127226,0.00032087833895302285],[-0.00006474214883103574,-0.00031002147573489994,-0.00015100020307803197]]
[[-0.000032261312367909786,-0.000121557207788566,-0.00016612514778462366],[0.00009545511037599446,0.000424902232221664,0.0003137194231535269],[-0.00006319379800808468,-0.000303345024433098,-0.00014759427536890321]]
[[-0.00003157335420390609,-0.0001188705716496203,-0.000162495153294202],[0.00009327337375295773,0.00041575250411794663,0.0003067974721409789],[-0.00006170001954905162,-0.00029688193246832633,-0.0001443023188467769]]
[[-0.00003090714962847998,-0.00011627202790416791,-0.0001589828368367002],[0.00009116544107904269,0.00040689523560029524,0.0003001021424229778],[-0.000060258291450562704,-0.00029062320769612733,-0.00014111930558627765]]
[[-0.000030261791934116626,-0.00011375776717161183,-0.00015558316689790076],[0.00008912802703441174,0.0003983180936812304,0.0002936236486890189],[-0.00005886623510029511,-0.0002845603265096186,-0.00013804048179111815]]
[[-0.00002963642111947391,-0.00011132418376189968,-0.00015229137799653442],[0.00008715802676061152,0.00039000938862654487,0.0002873527280580664],[-0.000057521605641137603,-0.0002786852048646452,-0.00013506135006153197]]
[[-0.00002903022103472031,-0.00010896786274535396,-0.00014910295398395425],[0.00008525250411461155,0.00038195803411788436,0.0002812806069688799],[-0.00005622228307989124,-0.0002729901713725304,-0.00013217765298492568]]
[[-0.000028442416728154266,-0.00010668556796997316,-0.00014601361255407535],[0.00008340868080382992,0.0003741535102636142,0.0002753989704922314],[-0.000054966264075675656,-0.00026746794229364103,-0.00012938535793815604]]
[[-0.000027872271978065354,-0.00010447423094768973,-0.00014301929086438266],[0.00008162392632753986,0.000366585829227657,0.0002696999338647036],[-0.000053751654349474515,-0.0002621115982799672,-0.00012668064300032096]]
[[-0.00002731908699521996,-0.00010233094053831453,-0.00014011613217786482],[0.00007989574865707345,0.00035924550326671157,0.00026417601606219587],[-0.00005257666166185349,-0.000256914562728397,-0.00012405988388433106]]
[[-0.00002678219628263695,-0.00010025293336640642,-0.00013730047344387382],[0.00007822178559353683,0.00035212351498495483,0.0002588201152478422],[-0.00005143958931089988,-0.0002518705816185484,-0.0001215196418039684]]
[[-0.000026260966640479177,-0.00009823758491215964,-0.00013456883374324616],[0.00007659979674740495,0.00034521128963217393,0.000253625485943961],[-0.000050338830106925775,-0.00024697370472001427,-0.00011905665220071488]]
[[-0.00002575479530493493,-0.00009628240122267506,-0.00013191790352963393],[0.00007502765608944377,0.0003385006692864955,0.0002485857177910902],[-0.00004927286078450884,-0.00024221826806382043,-0.00011666781426145625]]
[[-0.000025263108210913312,-0.00009438501119473535,-0.00012934453460496247],[0.00007350334502697803,0.00033198388877662705,0.00024369471576927366],[-0.00004824023681606472,-0.0002375988775818917,-0.00011435018116431117]]
[[-0.000024785358369237552,-0.00009254315938449258,-0.00012684573077232438],[0.000072024945963641,0.00032565355321097266,0.00023894668176770625],[-0.000047239587594403445,-0.00023311039382648008,-0.00011210095099538186]]
[[-0.000024321024349800964,-0.00009075469930335474,-0.00012441863911449706],[0.00007059063630445172,0.00031950261699224597,0.00023433609739871824],[-0.00004626961195465076,-0.00022874791768889122,-0.0001099174582842212]]
[[-0.00002386960886285856,-0.00008901758716286049,-0.00012206054185068564],[0.00006919868287141772,0.00031352436420642655,0.0002298577079610268],[-0.000045329074008559154,-0.00022450677704356604,-0.00010779716611034116]]
[[-0.000023430637431271196,-0.0000873298760345063,-0.00011976884872809544],[0.0000678474366978857,0.00030771239028416563,0.0002255065074652689],[-0.0000444167992666145,-0.00022038251424965933,-0.00010573765873717346]]
[[-0.00002300365714710484,-0.00008568971039336424,-0.0001175410899085672],[0.00006653532817260208,0.0003020605848411743,0.00022127772464216979],[-0.00004353167102549724,-0.00021637087444781008,-0.0001037366347336026]]
[[-0.000022588235506520333,-0.00008409532101693684,-0.00011537490931380336],[0.00006526086250692098,0.00029656311561176963,0.0002171668098603515],[-0.00004267262700040065,-0.00021246779459483276,-0.00010179190054654816]]
[[-0.000022183959317375006,-0.00008254502021306386,-0.00011326805839570976],[0.00006402261550084576,0.0002912144133967285,0.0002131694228868337],[-0.00004183865618347075,-0.00020866939318366464,-0.00009990136449112395]]
[[-0.000021790433674400176,-0.0000810371973528456,-0.00011121839030109944],[0.00006281922958562376,0.0002860091579529272,0.000209281421428764],[-0.000041028795911223586,-0.00020497196060008163,-0.00009806303112766457]]
[[-0.00002140728099722276,-0.00007957031468650626,-0.00010922385440248647],[0.00006164941012246632,0.0002809422647580368,0.00020549885039991835],[-0.00004024212912524356,-0.0002013719500715305,-0.00009627499599743188]]
[[-0.000021034140126868587,-0.00007814290342190093,-0.0001072824911689571],[0.00006051192193864391,0.0002760088725888054,0.00020181793186005507],[-0.00003947778181177532,-0.00019786596916690448,-0.00009453544069109797]]
[[-0.00002067066547672226,-0.00007675356004699344,-0.00010539242735316639],[0.00005940558608373642,0.00027120433185628235,0.0001982350555793552],[-0.000038734920607014156,-0.00019445077180928893,-0.00009284262822618882]]
[[-0.000020316526234227316,-0.00007540094287911268,-0.00010355187147238941],[0.000058329276790208724,0.00026652419364572735,0.00019474677018396056],[-0.00003801275055598141,-0.0001911232507666147,-0.00009119489871157115]]
[[-0.000019971405609893094,-0.00007408376882514573,-0.00010175910956327505],[0.000057281918623750306,0.0002619641994129806,0.00019134977484207342],[-0.00003731051301385721,-0.00018788043058783486,-0.00008959066527879839]]
[[-0.000019635000130433564,-0.00007280081033806002,-0.00010001250119152003],[0.000056262483809972795,0.00025752027129274187,0.00018804091145323504],[-0.00003662748367953924,-0.00018471946095468183,-0.00008802841026171503]]
[[-0.000019307018973101183,-0.00007155089255627576,-0.00009831047569912028],[0.00005526998972511488,0.0002531885029775847,0.00018481715730628146],[-0.00003596297075201369,-0.00018163761042130897,-0.00008650668160716119]]
[[-0.000018987183338496467,-0.00007033289061344106,-0.00009665152867317131],[0.00005430349653936761,0.0002489651511296195,0.00018167561817411613],[-0.00003531631320087114,-0.00017863226051617842,-0.00008502408950094481]]
[[-0.00001867522585933416,-0.00006914572710710771,-0.00009503421862139554],[0.00005336210500231349,0.0002448466272895537,0.00017861352181585118],[-0.00003468687914297933,-0.000175700900182446,-0.00008357930319445566]]
[[-0.000018370890042831068,-0.00006798836971567188,-0.00009345716384068197],[0.0000524449543607796,0.0002408294902505042,0.0001756282118590874],[-0.000034074064317948536,-0.0001728411205348323,-0.00008217104801840542]]
[[-0.000018073929744549224,-0.00006685982895373774,-0.00009191903946593728],[0.00005155122040014159,0.0002369104388663005,0.00017271714203712834],[-0.00003347729065559237,-0.00017005060991256277,-0.00008079810257119106]]
[[-0.00001778410867168424,-0.00006575915605679142,-0.00009041857468748086],[0.00005068011360079314,0.00023308630526622408,0.00016987787075779562],[-0.000032896004929108904,-0.00016732714920943264,-0.00007945929607031476]]
[[-0.00001750119991393154,-0.00006468544098674123,-0.00008895455012607255],[0.00004983087740211307,0.00022935404845014125,0.00016710805598221343],[-0.00003232967748818153,-0.0001646686074634,-0.00007815350585614089]]
[[-0.000017224985500195592,-0.00006363781055049642,-0.00008752579535545055],[0.00004900278656683406,0.00022571074823985967,0.00016440545039351698],[-0.00003177780106663847,-0.00016207293768936325,-0.00007687965503806643]]
[[-0.000016955255979528748,-0.0000626154266243214,-0.00008613118656298227],[0.000048195145639236384,0.0002221535995642408,0.00016176789683687419],[-0.000031239889659707635,-0.00015953817293991941,-0.00007563671027389191]]
[[-0.000016691810024798755,-0.00006161748447722389,-0.00008476964433969851],[0.00004740728749107236,0.00021867990705719275,0.00015919332401355217],[-0.000030715477466273604,-0.00015706242257996884,-0.00007442367967385367]]
[[-0.000016434454057687942,-0.000060643211187114856,-0.0000834401315915983],[0.00004663857194956768,0.0002152870799491185,0.00015667974241298185],[-0.00003020411789187974,-0.00015464386876200362,-0.00007323961082138355]]
[[-0.000016183001893722406,-0.00005969186414391922,-0.00008214165156467787],[0.00004588838450225184,0.00021197262723374226,0.00015422524046790524],[-0.000029705382608529434,-0.00015228076308982305,-0.00007208358890322737]]
[[-0.000015937274406118684,-0.000058762729634225655,-0.00008087324597666327],[0.00004515613507374479,0.0002087341530934822,0.00015182798091873631],[-0.00002921886066762611,-0.00014997142345925653,-0.00007095473494207305]]
[[-0.00001569709920731694,-0.00005785512150243803,-0.00007963399324890835],[0.00004444125686997081,0.00020556935256768225,0.00014948619737422528],[-0.00002874415766265387,-0.0001477142310652442,-0.00006985220412531692]]
[[-0.000015462310347145733,-0.00005696837988373961,-0.00007842300683236809],[0.00004374320528558904,0.00020247600744908182,0.00014719819105640764],[-0.000028280894938443305,-0.0001455076275653422,-0.00006877518422403954]]
[[-0.000015232748026633488,-0.00005610187000450128,-0.00007723943362197011],[0.00004306145687072316,0.00019945198239488274,0.00014496232771863982],[-0.000027828708844089672,-0.00014335011239038147,-0.00006772289409666971]]
[[-0.000015008258326547205,-0.00005525498104606249,-0.00007608245245409022],[0.00004239550835334343,0.00019649522123968427,0.0001427770347262829],[-0.000027387250026796224,-0.00014124024019362177,-0.00006669458227219268]]
[[-0.000014788692949798792,-0.00005442712506808715,-0.00007495127268219103],[0.000041744875713904724,0.0001936037434984002,0.00014064079829029987],[-0.000026956182764105937,-0.00013917661843031303,-0.00006568952560810884]]
[[-0.000014573908976915863,-0.00005361773598795159,-0.00007384513282601178],[0.00004110909330907499,0.00019077564104805084,0.00013855216084467968],[-0.000026535184332159124,-0.00013715790506009924,-0.0000647070280186679]]
[[-0.00001436376863382545,-0.00005282626861285656,-0.00007276329929000045],[0.00004048771304160299,0.0001880090749780536,0.00013650971855920827],[-0.00002612394440777754,-0.00013518280636519702,-0.00006374641926920784]]
[[-0.000014158139071247554,-0.000052052197721573396,-0.00007170506514696172],[0.000039880303573571965,0.0001853022725993014,0.00013451211897966132],[-0.00002572216450232441,-0.000133250074877728,-0.00006280705383269959]]
[[-0.000013956892155040106,-0.00005129501719293676,-0.00007066974898315543],[0.00003928644958046864,0.0001826535246029477,0.00013255805878801302],[-0.000025329557425428533,-0.00013135850741001097,-0.00006188830980485759]]
[[-0.000013759904266878751,-0.00005055423917838409,-0.00006965669380132344],[0.0000387057510436681,0.00018006118236039599,0.0001306462816757374],[-0.000024945846776789352,-0.0001295069431820119,-0.00006098958787441394]]
[[-0.00001356705611469356,-0.00004982939331601571,-0.00006866526597834778],[0.00003813782257909121,0.00017752365535652953,0.000128775576323722],[-0.00002457076646439765,-0.00012769426204051383,-0.00006011031034537423]]
[[-0.000013378232552320824,-0.00004912002598381167,-0.00006769485427445291],[0.000037582292799938416,0.000175039408748721,0.00012694477448273045],[-0.00002420406024761759,-0.0001259193827649093,-0.000059249920208277546]]
[[-0.00001319332240786179,-0.000048425699589791776,-0.00006674486889105986],[0.00003703880371153865,0.0001726069610446264,0.00012515274914873497],[-0.000023845481303676855,-0.00012418126145483463,-0.000058407880257675106]]
[[-0.000013012218320271424,-0.000047745991897044675,-0.00006581474057458091],[0.000036507010136478735,0.00017022488189220403,0.00012339841282779806],[-0.00002349479181620731,-0.00012247888999515933,-0.00005758367225321715]]
[[-0.000012834816583729362,-0.00004708049538168212,-0.00006490391976361255],[0.00003598657916829487,0.00016789178997580212,0.00012168071588551641],[-0.000023151762584565504,-0.00012081129459412002,-0.00005677679612190386]]
[[-0.00001266101699937273,-0.00004642881662189606,-0.00006401187577714183],[0.000035477189652117306,0.00016560635101253786,0.00011999864497634936],[-0.00002281617265274458,-0.0001191775343906418,-0.000055986769199207525]]
[[-0.000012490722733995493,-0.00004579057571640799,-0.00006313809604152719],[0.000034978531690760175,0.00016336727584354043,0.00011835122154844454],[-0.000022487808956764677,-0.00011757670012713244,-0.00005521312550691734]]
[[-0.00001232384018534298,-0.000045165405730705935,-0.00006228208535415165],[0.000034490306174842644,0.00016117331861496064,0.00011673750041984179],[-0.000022166465989499664,-0.00011600791288425471,-0.000054455415065690124]]
[[-0.000012160278853652258,-0.000044552952169561746,-0.00006144336518177366],[0.00003401222433561533,0.00015902327504395376,0.00011515656842218728],[-0.00002185194548196307,-0.00011447032287439201,-0.00005371320324041363]]
[[-0.000011999951219109635,-0.00004395287247441328,-0.00006062147299171947],[0.00003354400731924776,0.00015691598076513077,0.00011360754310832527],[-0.000021544056100138128,-0.0001129631082907175,-0.00005298607011660579]]
[[-0.000011842772624916034,-0.00004336483554428061,-0.000059815961614172414],[0.00003308538578140823,0.0001548503097532366,0.00011208957152035101],[-0.000021242613156492194,-0.00011148547420895599,-0.0000522736099061786]]
[[-0.000011688661165668905,-0.00004278852127896548,-0.000059026398633916946],[0.000032636099501039316,0.00015282517281806803,0.00011060182901491553],[-0.000020947438335370416,-0.00011003665153910254,-0.00005157543038099858]]
[[-0.000011537537580786323,-0.00004222362014335742,-0.00005825236580999354],[0.000032195897012297725,0.00015083951616787287,0.0001091435181427605],[-0.000020658359431511404,-0.00010861589602451546,-0.000050891152332766956]]
[[-0.000011389325152714788,-0.000041669832751739186,-0.00005749345852181015],[0.00003176453525368956,0.00014889232003769418,0.00010771386757964149],[-0.000020375210100974772,-0.00010722248728595498,-0.000050220409057831346]]
[[-0.000011243949609676848,-0.00004112686947104924,-0.00005674928524034058],[0.000031341779233489424,0.0001469825973793243,0.00010631213110596389],[-0.000020097829623812574,-0.00010585572790827505,-0.00004956284586562331]]
[[-0.000011101339032728867,-0.00004059445004211982,-0.00005601946702311997],[0.000030927401710586064,0.00014510939260972743,0.00010493758663261068],[-0.000019826062677857197,-0.00010451494256760759,-0.000048918119609490716]]
[[-0.000010961423766911975,-0.000040072303217965634,-0.00005530363703182132],[0.000030521182889947525,0.00014327178041496685,0.00010358953527058879],[-0.00001955975912303555,-0.0001031994771970012,-0.000048285898238767474]]
[[-0.000010824136336291554,-0.00003956016641825184,-0.00005460144007126611],[0.00003012291013194583,0.00014146886460684162,0.00010226730044225442],[-0.00001929877379565428,-0.00010190869818858979,-0.000047665860370988306]]
[[-0.00001068941136269205,-0.00003905778539911911,-0.00005391253214878804],[0.00002973237767482563,0.00013969977702959466,0.00010097022703200914],[-0.00001904296631213358,-0.00010064199163047554,-0.000047057694883221094]]
[[-0.000010557185487944688,-0.00003856491393759126,-0.00005323658005292927],[0.00002934938636964229,0.0001379636765142022,0.00009969768057447451],[-0.0000187922008816976,-0.00009939876257661095,-0.00004646110052154524]]
[[-0.000010427397299475496,-0.00003808131352983331,-0.0000525732609505055],[0.00002897374342703352,0.00013625974787789206,0.00009844904647826784],[-0.000018546346127558027,-0.00009817843434805875,-0.00004587578552776234]]
[[-0.00001029998725907092,-0.000037606753102570335,-0.00005192226200113102],[0.000028605262175225145,0.000134587200966669,0.00009722372928360581],[-0.000018305274916154225,-0.00009698044786409868,-0.0000453014672824748]]
[[-0.000010174897634666722,-0.000037141008737014634,-0.000051283279988343664],[0.000028243761828705294,0.00013294526973874806,0.00009602115195206177],[-0.000018068864194038572,-0.00009580426100173342,-0.0000447378719637181]]
[[-0.000010052072435014604,-0.000036683863404685645,-0.000050656020966518314],[0.00002788906726703322,0.00013133321138690906,0.00009484075518689478],[-0.000017836994832018616,-0.00009464934798222341,-0.00004418473422037647]]
[[-9.93145734708863e-6,-0.000036235106714540776,-0.00005004019992280097],[0.000027541008823278743,0.0001297503054978965,0.000093681996782456],[-0.000017609551476190113,-0.00009351519878335573,-0.00004364179685965503]]
[[-9.812999676100934e-6,-0.00003579453467086689,-0.00004943554045333793],[0.000027199422081616408,0.00012819585324708724,0.00009254435100125916],[-0.000017386422405515475,-0.00009240131857622036,-0.00004310881054792123]]
[[-9.69664828800323e-6,-0.00003536194944141237,-0.00004884177445311297],[0.00002686414768362456,0.00012666917662674536,0.000091427307977379],[-0.000017167499395621326,-0.000091307227185333,-0.000042585533524266026]]
[[-9.58235355435708e-6,-0.00003493715913526776,-0.00004825864181874326],[0.000026535031142864572,0.00012516961770627345,0.000090330373144914],[-0.000016952677588507492,-0.00009023245857100568,-0.00004207173132617074]]
[[-9.470067299462114e-6,-0.00003451997759002941,-0.0000476858901636187],[0.000026211922667338183,0.00012369653792295237,0.00008925306669031665],[-0.00001674185536787607,-0.00008917656033292297,-0.00004156717652669794]]
[[-9.359742749637131e-6,-0.00003411022416780507,-0.000047123274544802246],[0.00002589467698944294,0.00012224931740174193,0.00008819492302745913],[-0.000016534934239805808,-0.00008813909323393686,-0.00004107164848265689]]
[[-9.251334484554524e-6,-0.000033707723559644676,-0.000046570557201139744],[0.00002558315320306647,0.00012082735430279031,0.00008715549029436252],[-0.000016331818718511945,-0.00008711963074314564,-0.00004058493309322278]]
[[-9.144798390533582e-6,-0.00003331230559800045,-0.0000460275073020564],[0.000025277214607478952,0.00011943006419536868,0.00008613432987057321],[-0.00001613241621694537,-0.00008611775859736822,-0.00004010682256851682]]
[[-9.04009161570311e-6,-0.000032923805076842055,-0.000045493900706544376],[0.000024976728557701977,0.00011805687945701574,0.00008513101591422458],[-0.000015936636941998867,-0.00008513307438017369,-0.0000396371152076802]]
[[-8.937172526948373e-6,-0.000032542061579071704,-0.000044969519731871895],[0.000024681566321048484,0.00011670724869673846,0.00008414513491787132],[-0.00001574439379410011,-0.00008416518711766677,-0.00003917561518599942]]
[[-8.836000668561696e-6,-0.000032166919310902715,-0.0000444541529315682],[0.000024391602939544955,0.00011538063620117441,0.0000831762852822318],[-0.000015555602270983258,-0.00008321371689027168,-0.000038722132350663604]]
[[-8.736536722520114e-6,-0.00003179822694288214,-0.00004394759488226161],[0.000024106717097961794,0.00011407652140267694,0.0000822240769070176],[-0.000015370180375441678,-0.0000822782944597948,-0.000038276482024755984]]
[[-8.638742470317349e-6,-0.00003143583745725457,-0.000043449645978969646],[0.00002382679099719248,0.00011279439836833764,0.00008128813079807228],[-0.000015188048526875133,-0.00008135856091108307,-0.000037838484819102635]]
[[-8.542580756280997e-6,-0.00003107960800137988,-0.000042960112238460254],[0.000023551710232735066,0.00011153377530900828,0.00008036807869008036],[-0.000015009129476454069,-0.0000804541673076284,-0.00003740796645162011]]
[[-8.44801545230928e-6,-0.00003072939974693186,-0.00004247880511032259],[0.000023281363678042782,0.00011029417410743413,0.00007946356268414562],[-0.000014833348225733502,-0.00007956477436050227,-0.000036984757573823034]]
[[-8.355011423964904e-6,-0.000030385077754618812,-0.00004200554129540383],[0.000023015643372521893,0.00010907512986465165,0.00007857423489957224],[-0.000014660631948556993,-0.00007869005211003284,-0.0000365686936041684]]
[[-8.263534497866714e-6,-0.000030046510844179766,-0.00004154014257128558],[0.00002275444441396671,0.00010787619046384825,0.00007769975713921664],[-0.000014490909916099995,-0.00007782967961966847,-0.00003615961456793107]]
[[-8.173551430322675e-6,-0.000029713571469422732,-0.000041082435624489685],[0.00002249766485523203,0.00010669691615091942,0.00007683980056780897],[-0.000014324113424909354,-0.00007698334468149669,-0.00003575736494331929]]
[[-8.085029877150504e-6,-0.000029386135598082695,-0.00004063225188911874],[0.000022245205604953362,0.00010553687913099681,0.00007599404540267253],[-0.000014160175727802857,-0.00007615074353291412,-0.00003536179351355378]]
[[-7.997938364634791e-6,-0.000029064082596287813,-0.00004018942739165034],[0.000021996970332134867,0.00010439566318025593,0.00007516218061629846],[-0.000013999031967500074,-0.00007533158058396812,-0.00003497275322464812]]
[[-7.912246261572064e-6,-0.00002874729511743332,-0.000039753802601618924],[0.000021752865374433873,0.00010327286327234617,0.00007434390365025929],[-0.00001384061911286181,-0.00007452556815491284,-0.00003459010104864037]]
[[-7.827923752357394e-6,-0.00002843565899527171,-0.00003932522228793089],[0.000021512799649979107,0.0001021680852188159,0.00007353892013996914],[-0.00001368487589762171,-0.00007373242622354419,-0.000034213697852038254]]
[[-7.744941811068487e-6,-0.00002812906314103745,-0.000038903535380571626],[0.000021276684572568226,0.00010108094532293838,0.00007274694364982439],[-0.000013531742761499738,-0.00007295188218190092,-0.000033843408269252764]]
[[-7.663272176505222e-6,-0.000027827399444433147,-0.00003848859483747441],[0.0000210444339700973,0.00010001107004636888,0.00007196769541827866],[-0.000013381161793592077,-0.00007218367060193573,-0.000033479100580804254]]
[[-7.582887328144622e-6,-0.000027530562678312512,-0.000038080257516332126],[0.00002081596400608245,0.00009895809568809395,0.00007120090411242941],[-0.000013233076677937827,-0.00007142753300978143,-0.000033120646596097284]]
[[-7.503760462973056e-6,-0.000027238450406902963,-0.000037678384051143224],[0.00002059119310414034,0.00009792166807515601,0.00007044630559171192],[-0.000013087432641167283,-0.00007068321766825305,-0.0000327679215405687]]
[[-7.425865473159345e-6,-0.000026950962897418773,-0.00003728283873329317],[0.00002037004187530092,0.00009690144226466363,0.00006970364268031726],[-0.000012944176402141575,-0.00006995047936724485,-0.00003242080394702407]]
[[-7.34917692453403e-6,-0.000026668003034922068,-0.00003689348939698186],[0.000020152433048031607,0.00009589708225661833,0.00006897266494796731],[-0.000012803256123497576,-0.00006922907922169626,-0.00003207917555098546]]
[[-7.273670035841753e-6,-0.00002638947624029617,-0.00003651020730881649],[0.000019938291400857997,0.00009490826071711193,0.00006825312849869869],[-0.000012664621365016246,-0.00006851878447681577,-0.0000317429211898822]]
[[-7.199320658735152e-6,-0.000026115290391201926,-0.000036132867061397845],[0.00001972754369747171,0.00009393465871146835,0.00006754479576732214],[-0.000012528223038736561,-0.00006781936832026641,-0.0000314119287059243]]
[[-7.126105258480154e-6,-0.00002584535574589353,-0.00003576134647073544],[0.000019520118624220967,0.00009297596544692414,0.0000668474353232411],[-0.000012394013365740813,-0.00006713060970103062,-0.000031086088852505655]]
[[-7.054000895343904e-6,-0.000025579584869776464,-0.00003539552647733529],[0.000019315946729884464,0.00009203187802445947,0.00006616082168132631],[-0.000012261945834540558,-0.000066452293154683,-0.000030765295203991014]]
[[-6.9829852066378885e-6,-0.000025317892564595152,-0.00003503529105081044],[0.00001911496036763381,0.00009110210119940974,0.00006548473511955803],[-0.000012131975160995922,-0.00006578420863481458,-0.00003044944406874759]]
[[-6.913036389390005e-6,-0.000025060195800143342,-0.00003468052709787189],[0.00001891709363909421,0.00009018634715050507,0.0000648189615031609],[-0.000012004057249704203,-0.00006512615135036173,-0.000030138434405289025]]
[[-6.844133183620552e-6,-0.00002480641364839503,-0.000034331124373563525],[0.000018722282340416944,0.00008928433525699917,0.00006416329211496795],[-0.000011878149156796391,-0.00006447792160860414,-0.00002983216774140442]]
[[-6.776254856198189e-6,-0.000024556467219958296,-0.00003398697539561102],[0.000018530463910281724,0.00008839579188356664,0.00006351752349176336],[-0.000011754209054083536,-0.00006383932466360834,-0.000029530548096152337]]
[[-6.70938118525305e-6,-0.000024310279602759036,-0.00003364797536176058],[0.000018341577379750235,0.00008752045017265985,0.00006288145726636434],[-0.000011632196194497184,-0.00006321017056990083,-0.000029233481904603753]]
[[-6.6434924451250615e-6,-0.000024067775802865443,-0.00003331402206998876],[0.000018155563323895944,0.00008665804984403151,0.00006225490001521283],[-0.000011512070878770881,-0.00006259027404116607,-0.000028940877945224066]]
[[-6.578569391826635e-6,-0.00002382888268736839,-0.00003298501584146993],[0.000017972363815138775,0.00008580833700114181,0.00006163766311125902],[-0.000011393794423312142,-0.00006197945431377342,-0.00002865264726978909]]
[[-6.5145932489997576e-6,-0.00002359352892923641,-0.00003266085944619317],[0.000017791922378216347,0.00008497106394418127,0.000061029562581927287],[-0.000011277329129216591,-0.00006137753501494486,-0.000028368703135734116]]
[[-6.451545694348285e-6,-0.000023361644954067636,-0.00003234145803112472],[0.000017614183946726325,0.00008414598898945163,0.00006043041897196494],[-0.000011162638252378038,-0.000060784344035383995,-0.00002808896094084022]]
[[-6.3894088465272326e-6,-0.00002313316288866457,-0.00003202671905081712],[0.000017439094821177904,0.0000833328762948599,0.00005984005721098314],[-0.00001104968597465067,-0.00006019971340619533,-0.00002781333816016602]]
[[-6.328165252471506e-6,-0.000022908016511360596,-0.00003171655220037017],[0.000017266602628492535,0.000082531495691289,0.00005925830648550703],[-0.000010938437376021027,-0.000059623479179928404,-0.00002754175428513686]]
[[-6.267797875147361e-6,-0.000022686141204030513,-0.000031410869350653056],[0.000017096656282897222,0.00008174162251962118,0.00005868500011536085],[-0.00001082885840774986,-0.00005905548131559068,-0.00002727413076470779]]
[[-6.2082900817105084e-6,-0.000022467473905719992,-0.00003110958448570096],[0.00001692920594815578,0.00008096303747319759,0.0000581199754342208],[-0.000010720915866445274,-0.000058495563567477605,-0.000027010390948519845]]
[[-6.149625632055567e-6,-0.000022251953067832023,-0.000030812613642203026],[0.000016764203001086126,0.00008019552644550843,0.00005756307367417583],[-0.000010614577369030556,-0.000057943573377676404,-0.0000267504600319728]]
[[-6.091788667742115e-6,-0.00002203951861081073,-0.00003051987485100239],[0.000016601599996313747,0.00007943888038291588,0.00005701413985414341],[-0.000010509811328571635,-0.00005739936177210515,-0.000026494265003141024]]
[[-6.0347637012832365e-6,-0.000021830111882265692,-0.000030231288080531898],[0.00001644135063221378,0.00007869289514222059,0.000056473022671993934],[-0.000010406586930930542,-0.00005686278325995489,-0.000026241734591462036]]
[[-5.978535605783152e-6,-0.000021623675616482396,-0.00002994677518211304],[0.00001628340971799608,0.0000779573713528909,0.00005593957440024349],[-0.000010304874112212928,-0.00005633369573640851,-0.00002599279921813045]]
[[-5.9230896049108874e-6,-0.00002142015389526647,-0.00002966625983704791],[0.00001612773314188973,0.00007723211428378058,0.000055413650785180756],[-0.000010204643536978842,-0.000055811960388514115,-0.000025747390948132848]]
[[-5.868411263197665e-6,-0.000021219492110071783,-0.000029389667505437588],[0.00001597427784038514,0.00007651693371416914,0.000054895110949299236],[-0.000010105866577187474,-0.00005529744160409736,-0.000025505443443861645]]
[[-5.8144864766460825e-6,-0.00002102163692536455,-0.0000291169253766628],[0.000015823001768493898,0.00007581164380896528,0.00005438381729691212],[-0.000010008515291847814,-0.00005479000688360074,-0.00002526689192024932]]
[[-5.761301463639721e-6,-0.00002082653624317754,-0.000028847962321465312],[0.000015673863870987894,0.00007511606299792018,0.000053879635422830906],[-9.912562407348175e-6,-0.000054289526754742636,-0.00002503167310136559]]
[[-5.708842756142202e-6,-0.000020634139168810386,-0.00002858270884557145],[0.0000155268240545813,0.00007443001385870448,0.00005338243402399551],[-9.817981298439096e-6,-0.0000537958746898941,-0.000024799725178424052]]
[[-5.657097191175279e-6,-0.000020444395977633898,-0.000028321097044801095],[0.00001538184316101995,0.0000737533230037081,0.000052892084813946564],[-9.72474596984467e-6,-0.0000533089270260742,-0.00002457098776914547]]
[[-5.606051902565813e-6,-0.000020257258082957823,-0.00002806306056160798],[0.000015238882941044805,0.00007308582097042816,0.00005240846244003659],[-9.632831038478993e-6,-0.00005282856288747035,-0.000024345401878428615]]
[[-5.55569431295205e-6,-0.000020072678004923492,-0.00002780853454299958],[0.000015097906029196887,0.00007242734211531544,0.000051931444403279565],[-9.542211716244834e-6,-0.000052354664110391944,-0.000024122909860279984]]
[[-5.5060121260399355e-6,-0.000019890609340384032,-0.000027557455599786678],[0.000014958875919433051,0.00007177772451095553,0.000051460910980744065],[-9.452863793393116e-6,-0.00005188711517057149,-0.000023903455380957384]]
[[-5.456993319100476e-6,-0.0000197110067337364,-0.00002730976176711462],[0.000014821756941522677,0.00007113680984646516,0.00005099674515039723],[-9.3647636224222e-6,-0.00005142580311272876,-0.00002368698338328261]]
[[-5.408626135699757e-6,-0.000019533825848671273,-0.00002706539246623073],[0.000014686514238196953,0.00007050444333098924,0.00005053883251831217],[-9.277888102497196e-6,-0.00005097061748231798,-0.00002347344005208144]]
[[-5.360899078653275e-6,-0.00001935902334080769,-0.000026824288467443606],[0.000014553113743023546,0.00006988047360018963,0.00005008706124815412],[-9.192214664370272e-6,-0.00005052145025938193,-0.000023262772780710515]]
[[-5.313800903196788e-6,-0.000019186556831180976,-0.000026586391854232025],[0.00001442152215898023,0.00006926475262561853,0.00004964132199286379],[-9.107721255783442e-6,-0.00005007819579443756,-0.000023054930138631762]]
[[-5.267320610366103e-6,-0.00001901638488055381,-0.000026351645988463038],[0.000014291706937702617,0.000068657135626877,0.000049201507828460556],[-9.024386327336514e-6,-0.00004964075074632319,-0.000022849861839997518]]
[[-5.2214474405784894e-6,-0.000018848466964521148,-0.000026119995476679982],[0.000014163636259381693,0.00006805748098645989,0.000048767514189890315],[-8.942188818803204e-6,-0.000049209014021938744,-0.000022647518713210336]]
[[-5.176170867408792e-6,-0.00001868276344938129,-0.000025891386137423258],[0.000014037279013288142,0.0000674656501671945,0.000048339238808846314],[-8.86110814587935e-6,-0.00004878288671781321,-0.000022447852671423055]]
[[-5.131480591553466e-6,-0.00001851923556874608,-0.00002566576496954761],[0.000013912604778901051,0.00006688150763218233,0.00004791658165349349],[-8.781124187347584e-6,-0.00004836227206343624,-0.000022250816683945882]]
[[-5.087366534976128e-6,-0.00001835784540086463,-0.00002544308012150153],[0.000013789583807619928,0.00006630492076715848,0.00004749944487003091],[-8.7022172726438e-6,-0.00004794707536629385,-0.000022056364748529378]]
[[-5.043818835228367e-6,-0.000018198555846635725,-0.00002522328086153542],[0.00001366818700503923,0.0000657357598051847,0.00004708773272602732],[-8.624368169810862e-6,-0.00004753720395854897,-0.000021864451864491895]]
[[-5.0008278399398766e-6,-0.00001804133060828506,-0.00002500631754880655],[0.00001354838591376598,0.00006517389775359704,0.00004668135155546981],[-8.547558073826105e-6,-0.00004713256714531199,-0.00002167503400666326]]
[[-4.958384101472162e-6,-0.0000178861341686846,-0.000024792141605350275],[0.000013430152696761368,0.00006461921032313068,0.00004628020970546564],[-8.471768595289207e-6,-0.000046733076154446086,-0.000021488068100115365]]
[[-4.9164783717302795e-6,-0.00001773293177129183,-0.000024580705488887685],[0.00001331346012118824,0.00006407157585914847,0.00004588421748454137],[-8.396981749457961e-6,-0.00004633864408785663,-0.000021303511995653687]]
[[-4.8751015971273005e-6,-0.00001758168940068795,-0.000024371962666441507],[0.000013198281542746945,0.00006353087527490184,0.00004549328711248418],[-8.323179945619643e-6,-0.00004594918587421389,-0.00002112132444604267]]
[[-4.8342449136963975e-6,-0.000017432373763694574,-0.000024165867588732772],[0.000013084590890482862,0.00006299699198675624,0.00004510733267167375],[-8.250345976786465e-6,-0.000045564618223061664,-0.000020941465082940975]]
[[-4.793899642345614e-6,-0.00001728495227104935,-0.00002396237566533212],[0.000012972362652049252,0.00006246981185131442,0.000044726270059853507],[-8.178463009703638e-6,-0.00004518485958026507,-0.000020763894394521387]]
[[-4.754057284250565e-6,-0.000017139393019621723,-0.000023761443240540186],[0.000012861571859410148,0.00006194922310437535,0.000044350016944293625],[-8.107514575159584e-6,-0.00004480983008475363,-0.000020588573703753442]]
[[-4.714709516380549e-6,-0.000016995664775150684,-0.00002356302756997298],[0.00001275219407496809,0.00006143511630166663,0.000043978492717298126],[-8.037484558587539e-6,-0.000044439451526515944,-0.00002041546514732514]]
[[-4.675848187153624e-6,-0.00001685373695548708,-0.00002336708679782863],[0.000012644205378102553,0.00006092738426129285,0.000043611618453012265],[-7.96835719094893e-6,-0.000044073647305805775,-0.000020244531655183634]]
[[-4.6374653122164555e-6,-0.00001671357961432374,-0.000023173579934813022],[0.000012537582352105114,0.00006042592200784253,0.00004324931686548614],[-7.900117039888657e-6,-0.00004371234239351879,-0.000020075736930673117]]
[[-4.599553070344836e-6,-0.00001657516342539715,-0.00002298246683670249],[0.00001243230207149807,0.00005993062671809959,0.000042891512267953364],[-7.832749001153235e-6,-0.000043355463292702434,-0.00001990904543125088]]
[[-4.562103799460963e-6,-0.00001643845966714525,-0.000022793708183522827],[0.000012328342089723742,0.00005944139766830691,0.00004253813053328456],[-7.76623829026278e-6,-0.00004300293800116166,-0.00001974442234976173]]
[[-4.525109992763684e-6,-0.000016303440207806272,-0.000022607265459324202],[0.000012225680427192133,0.00005895813618293155,0.000042189099055577263],[-7.70057043442845e-6,-0.00004265469597512528,-0.000019581833596253058]]
[[-4.488564294968061e-6,-0.000016170077490944254,-0.000022423100932532784],[0.00001212429555967499,0.000058480745584882525,0.00004184434671284478],[-7.635731264706929e-6,-0.00004231066809393827,-0.000019421245780312]]
[[-4.45245949865074e-6,-0.00001603834452138723,-0.000022241177636860204],[0.000012024166407034959,0.00005800913114713486,0.00004150380383076856],[-7.571706908384218e-6,-0.000041970786625747626,-0.00001926262619390836]]
[[-4.4167885406977495e-6,-0.00001590821485156486,-0.000022061459352752976],[0.000011925272322278763,0.000057543200045714316,0.00004116740214747928],[-7.5084837815810135e-6,-0.00004163498519414946,-0.000019105942794726302]]
[[-4.381544498851438e-6,-0.000015779662568232385,-0.000021883910589364308],[0.000011827593080923826,0.00005708286131399938,0.00004083507477933362],[-7.446048582072388e-6,-0.000041303198745766996,-0.000018951164189969314]]
[[-4.3467205883534185e-6,-0.00001565266227956867,-0.000021708496567031746],[0.000011731108870668098,0.00005662802579829836,0.00004050675618765462],[-7.384388282314678e-6,-0.00004097536351872969,-0.000018798259620622877]]
[[-4.312310158680476e-6,-0.000015527189102636174,-0.000021535183200244352],[0.000011635800281353257,0.000056178606114661225,0.00004018238214640456],[-7.323490122672782e-6,-0.00004065141701202505,-0.000018647198946160205]]
[[-4.278306690370515e-6,-0.00001540321865119142,-0.00002136393708108397],[0.000011541648295211866,0.000055734516606887096,0.000039861889710760927],[-7.26334160484135e-6,-0.000040331297955695677,-0.000018497952629676958]]
[[-4.244703791935707e-6,-0.000015280727023834736,-0.00002119472546312543],[0.000011448634277389223,0.00005529567330568967,0.00003954521718656655],[-7.203930485453516e-6,-0.00004001494628185493,-0.000018350491723441125]]
[[-4.2114951968601105e-6,-0.00001515969079248848,-0.0000210275162457813],[0.000011356739966731243,0.00005486199388898421,0.00003923230410062622],[-7.1452447698711335e-6,-0.00003970230309649573,-0.000018204787854844915]]
[[-4.178674760679158e-6,-0.000015040086991193544,-0.00002086227795907722],[0.000011265947466829722,0.00005443339764326109,0.00003892309117182304],[-7.087272706150563e-6,-0.00003939331065206755,-0.000018060813212745824]]
[[-4.14623645813844e-6,-0.000014921893105213955,-0.000020698979748844287],[0.000011176239237316936,0.00005400980542601202,0.00003861752028302909],[-7.030002779178496e-6,-0.000039087912320798064,-0.0000179185405341848]]
[[-4.114174380429334e-6,-0.000014805087060439988,-0.000020537591362315446],[0.000011087598085401612,0.0000535911396291763,0.000038315534453785],[-6.973423704972278e-6,-0.000038786052568736315,-0.000017777943091469552]]
[[-4.082482732499153e-6,-0.000014689647213080555,-0.000020378083134113512],[0.000011000007157638626,0.00005317732414357554,0.00003801707781372499],[-6.917524425139472e-6,-0.00003848767693049499,-0.00001763899467961148]]
[[-4.051155830433471e-6,-0.000014575552339635755,-0.0000202204259726185],[0.00001091344993192513,0.00005276828432430646,0.00003772209557672383],[-6.8622941014916594e-6,-0.000038192731984670715,-0.000017501669604105335]]
[[-4.020188098908464e-6,-0.000014462781627141007,-0.000020064591346702684],[0.00001082791020971603,0.000052363946957062406,0.00003743053401574362],[-6.8077221108075655e-6,-0.0000379011653299214,-0.00001736594266904093]]
[[-3.989574068711106e-6,-0.000014351314663674334,-0.000019910551272822073],[0.000010743372108451906,0.00005196424022535507,0.000037142340438358776],[-6.7537980397407996e-6,-0.000037612925561680736,-0.000017231789165536702]]
[[-3.95930837432519e-6,-0.000014241131429118803,-0.00001975827830245341],[0.00001065982005419286,0.000051569093678609304,0.000036857463162938364],[-6.700511679867669e-6,-0.0000373279622494905,-0.000017099184860484952]]
[[-3.929385751581156e-6,-0.000014132212286172176,-0.0000196077455098661],[0.000010577238774451829,0.000051178438201104136,0.00003657585149546565],[-6.647853022870673e-6,-0.000037046225914931955,-0.00001696810598559955]]
[[-3.899801035367834e-6,-0.000014024537971596385,-0.000019458926480219036],[0.00001049561329122129,0.0000507922059817348,0.00003629745570697557],[-6.595812255853456e-6,-0.00003676766801013841,-0.00001683852922675653]]
[[-3.8705491574042125e-6,-0.000013918089587699441,-0.000019311795297972327],[0.0000104149289141874,0.00005041033048457096,0.000036022227011591296],[-6.544379756783188e-6,-0.00003649224089687152,-0.00001671043171361897]]
[[-3.841625144069475e-6,-0.000013812848594042799,-0.000019166326535604565],[0.000010335171234125795,0.0000500327464201871,0.00003575011754514174],[-6.493546090056319e-6,-0.000036219897826144295,-0.000016583791009537175]]
[[-3.813024114289546e-6,-0.000013708796799367397,-0.00001902249524262644],[0.000010256326116473556,0.000049659389717742344,0.00003548108034434265],[-6.44330200218401e-6,-0.00003595059291837495,-0.00001645858510171621]]
[[-3.784741277478482e-6,-0.000013605916353731731,-0.000018880276934881794],[0.00001017837969507199,0.00004929019749778694,0.000035215069326524136],[-6.3936384175935075e-6,-0.00003568428114405521,-0.000016334792391642342]]
[[-3.756771931533074e-6,-0.000013504189740855723,-0.00001873964758412758],[0.000010101318366075036,0.000048925108045774405,0.00003495203926988865],[-6.344546434541962e-6,-0.00003542091830491868,-0.000016212391685761075]]
[[-3.729111460879118e-6,-0.000013403599770664174,-0.00001860058360788446],[0.000010025128782018325,0.00004856406078625801,0.00003469194579428318],[-6.2960173211392065e-6,-0.00003516046101559384,-0.000016091362186398723]]
[[-3.7017553345678126e-6,-0.000013304129572023907,-0.00001846306185955001],[9.949797846044063e-6,0.000048206996257751865,0.00003443474534247087],[-6.24804251147625e-6,-0.00003490286668572796,-0.00001597168348292086]]
[[-3.6746991044208427e-6,-0.000013205762585668887,-0.000018327059618766835],[9.875312706277103e-6,0.000047853856088236776,0.00003418039516188691],[-6.200613601856261e-6,-0.00003464809350256789,-0.000015853335543120076]]
[[-3.6479384032227094e-6,-0.00001310848255730773,-0.000018192554582038066],[9.8016607503476e-6,0.000047504582971292135,0.00003392885328686458],[-6.153722347124891e-6,-0.000034396100413984406,-0.000015736298704826512]]
[[-3.62146894295896e-6,-0.000013012273530908322,-0.00001805952485358303],[9.728829600056102e-6,0.000047159120642836,0.000033680078521317835],[-6.107360657097143e-6,-0.00003414684711192768,-0.000015620553667734804]]
[[-3.5952865130989587e-6,-0.000012917119842154243,-0.000017927948936426073],[9.656807106176623e-6,0.000046817413858454996,0.00003343403042186676],[-6.061520593077665e-6,-0.00003390029401630075,-0.000015506081485440686]]
[[-3.569386978921954e-6,-0.000012823006112068168,-0.000017797805723711802],[9.585581343393794e-6,0.000046479408371307636,0.00003319066928139311],[-6.01619436447184e-6,-0.000033656402259239466,-0.000015392863557681304]]
[[-3.543766279885175e-6,-0.000012729917240797228,-0.000017669074490240195],[9.515140605370105e-6,0.000046145050910584253,0.000032949956113013644],[-5.971374325484931e-6,-0.00003341513366978703,-0.000015280881622773452]]
[[-3.518420428032755e-6,-0.000012637838401555715,-0.000017541734884215164],[9.44547339993945e-6,0.00004581428916050772,0.00003271185263445893],[-5.9270529719066956e-6,-0.00003317645075895201,-0.000015170117750243767]]
[[-3.493345506444332e-6,-0.000012546755034720638,-0.000017415766919200555],[9.376568444423237e-6,0.00004548707173985917,0.000032476321252845945],[-5.883222937978905e-6,-0.000032940316705138534,-0.000015060554333645387]]
[[-3.46853766772219e-6,-0.000012456652842075634,-0.000017291150966277535],[9.308414661065592e-6,0.00004516334818201437,0.00003224332504983333],[-5.839876993343403e-6,-0.00003270669533993873,-0.0000149521740835558]]
[[-3.4439931325158478e-6,-0.00001236751778119908,-0.000017167867746397727],[9.241001172584125e-6,0.00004484306891547548,0.00003201282776714828],[-5.797008040068277e-6,-0.0000324755511342764,-0.000014844960020750554]]
[[-3.419708188083061e-6,-0.000012279336059992272,-0.000017045898322926473],[9.174317297833001e-6,0.000044526185244885024,0.00003178479379247437],[-5.754609109749939e-6,-0.000032246849184892756,-0.000014738895469547893]]
[[-3.3956791868861845e-6,-0.000012192094131343641,-0.000016925224094370835],[9.108352547575034e-6,0.00004421264933250768,0.00003155918814569017],[-5.712673360688851e-6,-0.000032020555201164037,-0.000014633964051319337]]
[[-3.3719025452229214e-6,-0.000012105778687925221,-0.000016805826787287125],[9.043096620359704e-6,0.00004390241418016732,0.000031335976465448766],[-5.671194075136784e-6,-0.0000317966354922421,-0.000014530149678161641]]
[[-3.3483747418905033e-6,-0.000012020376657117588,-0.000016687688449362973],[8.978539398504083e-6,0.00004359543361162639,0.00003111512499608839],[-5.63016465661358e-6,-0.0000315750569545088,-0.000014427436546725424]]
[[-3.325092316882364e-6,-0.000011935875196059694,-0.000016570791442668955],[8.91467094417372e-6,0.00004329166225539509,0.00003089660057486505],[-5.589578627291357e-6,-0.000031355787059335397,-0.000014325809132196092]]
[[-3.3020518701164046e-6,-0.00001185226168682004,-0.000016455118437075113],[8.851481495560711e-6,0.00004299105552795883,0.00003068037061949802],[-5.549429625444308e-6,-0.00003113879384113879,-0.000014225252182422909]]
[[-3.27925006019399e-6,-0.000011769523731685897,-0.000016340652403827748],[8.788961463156123e-6,0.00004269356961741189,0.00003046640311601949],[-5.5097114029621325e-6,-0.000030924045885725996,-0.000014125750712191744]]
[[-3.256683603188819e-6,-0.00001168764914856717,-0.000016227376609282035],[8.727101426114184e-6,0.00004239916146748648,0.000030254666606919934],[-5.470417822925364e-6,-0.00003071151231891931,-0.000014027289997637898]]
[[-3.2343492714648574e-6,-0.000011606625966511837,-0.00001611527460878623],[8.665892128705671e-6,0.0000421077887619661,0.000030045130179580956],[-5.431542857240814e-6,-0.000030501162795454266,-0.000013929855570794728]]
[[-3.212243892522525e-6,-0.000011526442421329774,-0.000016004330240713127],[8.605324476857973e-6,0.000041819409909472794,0.000029837763454987793],[-5.393080584335448e-6,-0.00003029296748814302,-0.000013833433214274667]]
[[-3.1903643478723977e-6,-0.00001144708695132209,-0.000015894527620634937],[8.545389534779394e-6,0.00004153398402861783,0.000029632536576713488],[-5.355025186906995e-6,-0.00003008689707729574,-0.000013738008956078552]]
[[-3.168707571935639e-6,-0.000011368548193112986,-0.00001578585113563751],[8.486078521665432e-6,0.000041251470933506325,0.00002942942020016769],[-5.317370949729794e-6,-0.00002988292274039334,-0.000013643569064530178]]
[[-3.1472705509704673e-6,-0.00001129081497758138,-0.000015678285438770135],[8.427382808484746e-6,0.000040971831119585905,0.000029228385482102536],[-5.280112257514279e-6,-0.000029681016142004524,-0.000013550100043332399]]
[[-3.1260503220239495e-6,-0.000011213876325889584,-0.000015571815443627313],[8.369293914842531e-6,0.000040695025749830086,0.000029029404070368686],[-5.243243592818582e-6,-0.000029481149423940504,-0.000013457588626741374]]
[[-3.105043971908432e-6,-0.000011137721445606355,-0.000015466426319058815],[8.311803505919315e-6,0.000040421016641247575,0.000028832448093914795],[-5.206759534010883e-6,-0.000029283295195641217,-0.000013366021774855982]]
