[[-0.0009808921378251837,-0.01564506269743534,0.041510763933326186],[0.01501491678618663,-0.031472697435168784,-0.03910702692578007],[-0.014034024648361447,0.047117760132604124,-0.0024037370075461247]]
[[0.0027272266159137967,-0.014035925489364581,0.044665709932841316],[0.012327763341191782,-0.030675904711050708,-0.04249073115652207],[-0.015054989957105578,0.04471183020041529,-0.0021749787763192504]]
[[0.007328530758059806,-0.011352590230401095,0.04673437968805981],[0.009051415807144652,-0.03125617505984603,-0.04506792007173368],[-0.016379946565204456,0.042608765290247125,-0.001666459616326131]]
[[0.012583746510588847,-0.00762453520035139,0.04714710121977077],[0.005267488817381465,-0.03290455568415536,-0.046348241407485606],[-0.01785123532797031,0.04052909088450675,-0.0007988598122851635]]
[[0.018020180607765925,-0.0031371701670731885,0.0454812991597078],[0.0012349839745041035,-0.0351253146303603,-0.04590171832504183],[-0.01925516458227003,0.038262484797433494,0.0004204191653340303]]
[[0.023005485852162368,0.001587574083688783,0.04166949922481506],[-0.002637869806542758,-0.03729134939962682,-0.043564569699470534],[-0.02036761604561961,0.03570377531593803,0.001895070474655476]]
[[0.02692837640912767,0.005939998208837012,0.03610268447275762],[-0.005913446741583467,-0.038807178795922215,-0.039568793636349735],[-0.021014929667544202,0.0328671805870852,0.0034661091635921158]]
[[0.029399887235899723,0.009430784168000333,0.029527917392166775],[-0.008279538503065603,-0.0392941083084177,-0.034488849723372156],[-0.02112034873283412,0.029863324140417372,0.004960932331205381]]
[[0.030354075541445466,0.011829849930494173,0.0227867102921195],[-0.00964201374684331,-0.038677573133026874,-0.029028959160248856],[-0.020712061794602155,0.026847723202532696,0.006242248868129355]]
[[0.03000207482806276,0.01316757334875009,0.01655867409717458],[-0.010108101307487103,-0.037134637540058635,-0.023793371528975753],[-0.019893973520575658,0.02396706419130854,0.007234697431801172]]
[[0.028698647906678164,0.01363838853117232,0.011239140840491291],[-0.00989753516859879,-0.03496401118805331,-0.0191630242456095],[-0.018801112738079374,0.021325622656880993,0.007923883405118208]]
[[0.026811965539862738,0.013489807904063032,0.006956597784789027],[-0.009249712003907234,-0.032466713972325846,-0.015294775294135515],[-0.017562253535955506,0.018976906068262814,0.008338177509346487]]
[[0.024646247320881966,0.012948412419360275,0.0036598554633948317],[-0.008366623015440777,-0.029880656568589157,-0.012186925286291523],[-0.01627962430544119,0.016932244149228882,0.008527069822896692]]
[[0.02241754311698601,0.012189264583078924,0.0012087166420994963],[-0.007393696444332588,-0.027364620057327343,-0.009753243120677465],[-0.015023846672653423,0.01517535547424842,0.008544526478577969]]
[[0.020261384535834343,0.011333568341784572,-0.0005619930186718915],[-0.006423680956673223,-0.02500926320494931,-0.007877445238978103],[-0.013837703579161118,0.01367569486316474,0.008439438257649996]]
[[0.018252291322784803,0.010458533236778879,-0.0018074573551859461],[-0.005509212158432407,-0.022856424223464178,-0.006444284412399283],[-0.012743079164352394,0.012397890986685301,0.00825174176758523]]
[[0.01642362536019651,0.00960968002777413,-0.0026585490776526825],[-0.004675831067279638,-0.020916990437699692,-0.005353411539386502],[-0.01174779429291687,0.011307310409925563,0.008011960617039186]]
[[0.014783344483510982,0.008811418514714186,-0.0032191240857580294],[-0.003932307256743536,-0.019184197481808933,-0.00452323317241334],[-0.010851037226767446,0.01037277896709475,0.00774235725817137]]
[[0.013325017561802304,0.008074864145077541,-0.00356863168803747],[-0.003277820051587735,-0.01764240666654325,-0.0038899596101833597],[-0.01004719751021457,0.009567542521465711,0.0074585912982208305]]
[[0.012034929113549822,0.007403159141220112,-0.0037664843202477316],[-0.0027065649039616536,-0.016272434497689694,-0.0034048497507310387],[-0.009328364209588168,0.008869275356469582,0.00717133407097877]]
[[0.010896386939988498,0.006794913144753189,-0.003856482686941776],[-0.002210536075518258,-0.015054560842753867,-0.0030311426182449714],[-0.008685850864470239,0.008259647698000678,0.006887625305186747]]
[[0.009892184775907809,0.006246347432325145,-0.0038706296253028048],[-0.0017811181834110224,-0.013970088595257934,-0.002741299467470814],[-0.008111066592496786,0.007723741162932789,0.006611929092773619]]
[[0.009005912089152598,0.005752589956020765,-0.0038321733801974975],[-0.0014099399687299216,-0.013002048768669443,-0.0025147459792269162],[-0.0075959721204226765,0.007249458812648679,0.006346919359424413]]
[[0.008222573666157806,0.0053084321100743586,-0.0037579354582311297],[-0.0010892893714680501,-0.012135426683486042,-0.0023361120183618385],[-0.007133284294689757,0.006826994573411683,0.006094047476592968]]
[[0.007528812673118439,0.0049087522829522525,-0.0036600481700250504],[-0.0008122775600675632,-0.01135713559892847,-0.0021938963544423937],[-0.006716535113050875,0.006448383315976218,0.005853944524467444]]
[[0.006912916994939787,0.004548737255045487,-0.0035472331613198528],[-0.0005728656361162106,-0.010655869055179717,-0.002079469255816768],[-0.006340051358823576,0.00610713180013423,0.005626702417136621]]
[[0.006364715701007115,0.004223983508506817,-0.0034257346584646237],[-0.0003658210327527464,-0.010021905272124248,-0.001986333574043154],[-0.005998894668254369,0.005797921763617431,0.005412068232507778]]
[[0.005875427282968097,0.0039305290759730285,-0.003299997906518081],[-0.0001866420371942736,-0.009446902769987033,-0.0019095793444677323],[-0.005688785245773823,0.005516373694014002,0.005209577250985814]]
[[0.005437493976431734,0.0036648467611163395,-0.003173161619102553],[-0.00003147176287809396,-0.008923706738563866,-0.0018454815185121962],[-0.00540602221355364,0.005258859977447526,0.005018643137614749]]
[[0.005044420293726192,0.0034238172565640495,-0.0030474154645087374],[0.0001029871413782352,-0.008446174705893669,-0.0017912029047157884],[-0.005147407435104426,0.00502235744932962,0.004838618369224526]]
[[0.004690624516012876,0.00320469310146399,-0.002924259864817812],[0.00021955153293598062,-0.008009024133742866,-0.001744574253391257],[-0.004910176048948857,0.004804331032278875,0.0046688341182090694]]
[[0.004371306600604877,0.00300505978544363,-0.002804695117572355],[0.0003206282975847436,-0.007607701534413732,-0.0017039309073211672],[-0.00469193489818962,0.004602641748970101,0.004508626024893522]]
[[0.0040823330841530244,0.0028227974963081688,-0.002689359330061345],[0.00040827583994349067,-0.007238271289790196,-0.0016679909991549522],[-0.004490608924096515,0.004415473793482027,0.004357350329216298]]
[[0.0038201380944425344,0.0026560453248896656,-0.0025786292106990383],[0.00048425692925326653,-0.006897321822246168,-0.0016357642487934776],[-0.0043043950236958005,0.004241276497356502,0.0042143934594925155]]
[[0.003581638918615955,0.002503168747000931,-0.002472693842124342],[0.0005500837012249456,-0.006581886696873703,-0.001606483377305097],[-0.0041317226198409,0.004078717949872772,0.004079177219429439]]
[[0.003364164356006344,0.0023627306303931673,-0.002371608746684976],[0.000607055761522817,-0.00628937838866032,-0.0015795523032091333],[-0.003971220117529161,0.003926647758267152,0.00395116104989411]]
[[0.0031653941001995073,0.0022334656979383213,-0.0022753355358590237],[0.000656292339294621,-0.006017532696591692,-0.001554506844941228],[-0.003821686439494128,0.003784066998653371,0.0038298423808002515]]
[[0.002983307526930472,0.0021142582147404207,-0.0021837709848860853],[0.0006987593722172568,-0.005764362060003047,-0.001530984783936871],[-0.003682066899147729,0.0036501038452626264,0.003714755768822956]]
[[0.0028161404440473527,0.002004122593774929,-0.0020967683300317087],[0.0007352923083316931,-0.005528116296109026,-0.0015087029651553374],[-0.0035514327523790456,0.0035239937023340963,0.003605471295187046]]
[[0.002662348550051651,0.001902186593604709,-0.0020141528325282863],[0.0007666153064671086,-0.005307249515850977,-0.0014874397119147586],[-0.0034289638565187597,0.003405062922246268,0.003501592544443045]]
[[0.002520576529607887,0.0018076767894375436,-0.0019357331077599488],[0.0007933574175901473,-0.005100392182643359,-0.0014670212713357713],[-0.0033139339471980347,0.003292715393205816,0.00340275437909572]]
[[0.0023896318791161836,0.0017199060212825057,-0.0018613093219467809],[0.0008160662391850336,-0.004906327455203174,-0.0014473113297873651],[-0.0032056981183012172,0.0031864214339206685,0.0033086206517341458]]
[[0.002268462699868011,0.0016382625519630863,-0.0017906790696081568],[0.0008352194556459219,-0.004723971103843363,-0.001428202876300679],[-0.003103682155513933,0.003085708551880277,0.003218881945908836]]
[[0.0021561388204057214,0.0015622006984940973,-0.0017236415336076066],[0.0008512346097374699,-0.004552354412825855,-0.0014096118688478616],[-0.0030073734301431913,0.0029901537143317575,0.003133253402455468]]
[[0.002051835714932249,0.0014912327302023414,-0.0016600003742601246],[0.0008644773926694126,-0.00439060958321499,-0.001391472290181595],[-0.0029163131076016613,0.002899376853012649,0.0030514726644417195]]
[[0.0019548207730555774,0.001424921854628711,-0.0015995656795047288],[0.0008752686920815065,-0.004237957234556371,-0.0013737322785441586],[-0.0028300894651370834,0.0028130353799276607,0.0029732979580488874]]
[[0.0018644415500505157,0.0013628761371126605,-0.0015421552234857114],[0.0008838905969977271,-0.004093695672666267,-0.0013563510926625929],[-0.0027483321470482425,0.002730819535553606,0.002898506316148304]]
[[0.0017801156883393123,0.0013047432218875523,-0.0014875952180788442],[0.0008905915253808905,-0.003957191647467592,-0.0013392967263787586],[-0.0026707072137202026,0.00265244842558004,0.0028268919444576026]]
[[0.0017013222519928974,0.0012502057416063474,-0.001435720695165254],[0.0008955906122118519,-0.003827872371354614,-0.0013225440306558638],[-0.0025969128642047493,0.0025776666297482667,0.002758264725821118]]
[[0.001627594258452857,0.0011989773186923543,-0.0013863756225878745],[0.000899081473078951,-0.0037052186068430096,-0.001306073232966271],[-0.002526675731531808,0.0025062412881506554,0.0026924488555541454]]
[[0.0015585122268418432,0.0011507990760416971,-0.0013394128306477033],[0.000901235439278731,-0.003588758663774995,-0.001289868768717333],[-0.002459747666120574,0.0024379595877332978,0.002629281599365036]]
[[0.0014936985914090688,0.00110543658667614,-0.0012946938064525922],[0.0009022043447123056,-0.0034780631723379954,-0.0012739183582813132],[-0.002395902936121374,0.0023726265856618555,0.002568612164733906]]
[[0.0014328128528863899,0.0010626772022292385,-0.001252088398757898],[0.000902122931840428,-0.0033727405196292176,-0.0012582122777537157],[-0.0023349357847268176,0.002310063317399979,0.0025103006765116137]]
[[0.001375547360671641,0.0010223277088954143,-0.0012114744649073471],[0.0009011109331601407,-0.0032724328552791605,-0.00124274278281315],[-0.002276658293831782,0.002250105146383746,0.002454217247720497]]
[[0.0013216236355224795,0.0009842122669038202,-0.0011727374831826383],[0.0008992748756954434,-0.0031768125864031086,-0.001227503653777292],[-0.002220898511217923,0.0021926003194992884,0.0024002411369599304]]
[[0.0012707891564236913,0.0009481705958922817,-0.0011357701476231948],[0.0008967096485319858,-0.0030855792944243093,-0.0012124898367339135],[-0.002167498804955677,0.0021374086985320273,0.002348259984357108]]
[[0.0012228145469675628,0.0009140563739205434,-0.0011004719576768024],[0.0008934998672068599,-0.002998457016548009,-0.0011976971609199826],[-0.0021163144141744224,0.0020844006426274653,0.0022981691185967853]]
[[0.0011774911063581264,0.000881735822421594,-0.0010667488115081794],[0.0008897210635724407,-0.002915191843221673,-0.0011831221166654564],[-0.002067212169930567,0.002033456020800079,0.0022498709281736358]]
[[0.001134628638342874,0.0008510864532686932,-0.0010345126091410068],[0.0008854407254098818,-0.002835549790087067,-0.0011687616814707986],[-0.0020200693637527556,0.001984463336818374,0.0022032742906118053]]
[[0.0010940535382587516,0.0008219959574388566,-0.0010036808696250834],[0.0008807192064272908,-0.002759314908953845,-0.0011546131843469744],[-0.0019747727446860425,0.0019373189515149885,0.002158294053972058]]
[[0.0010556071041741156,0.0007943612175696796,-0.000974176364942054],[0.0008756105242199356,-0.0026862876073980623,-0.0011406742005665178],[-0.001931217628394051,0.0018919263898283826,0.002114850565508572]]
[[0.0010191440429971835,0.0007680874291104727,-0.0009459267722681071],[0.0008701630611963852,-0.002616283150872954,-0.0011269424705717978],[-0.0018893071041935687,0.0018481957217624813,0.002072869242839905]]
[[0.0009845311465545882,0.0007430873168238932,-0.0009188643454072401],[0.0008644201813041626,-0.0025491303248455057,-0.0011134158380530666],[-0.0018489513278587507,0.0018060430080216125,0.0020322801834603064]]
[[0.0009516461161451878,0.0007192804351538312,-0.0008929256056236208],[0.000858420773554318,-0.0024846702375491466,-0.001100092203214933],[-0.0018100668896995058,0.0017653898023953151,0.001993017808838554]]
[[0.0009203765170469955,0.0006965925424840994,-0.0008680510516826012],[0.0008521997317910953,-0.002422755246559986,-0.0010869694880506393],[-0.0017725762488380909,0.0017261627040758864,0.0019550205397332408]]
[[0.0008906188469840811,0.0006749550406082569,-0.0008441848886162075],[0.0008457883788348295,-0.0023632479946353057,-0.0010740456110820318],[-0.0017364072258189106,0.0016882929540270486,0.0019182304996982395]]
[[0.0008622777047162795,0.0006543044718455575,-0.0008212747745293722],[0.0008392148420055354,-0.002306020542159891,-0.0010613184695330326],[-0.0017014925467218152,0.0016517160703143335,0.0018825932440624045]]
[[0.0008352650467562743,0.0006345820671984168,-0.0007992715846340344],[0.000832504386079797,-0.0022509535851791226,-0.0010487859273122318],[-0.0016677694328360712,0.0016163715179807058,0.0018480575119462662]]
[[0.0008094995217950869,0.0006157333397756517,-0.0007781291916214841],[0.0008256797089185442,-0.0021979357494000145,-0.0010364458075068595],[-0.0016351792307136312,0.0015822024096243629,0.0018145749991283436]]
[[0.0007849058737691129,0.0005977077184222535,-0.0007578042614451734],[0.0008187612043061292,-0.0021468629517478626,-0.0010242958883521728],[-0.001603667078075242,0.0015491552333256092,0.001782100149797346]]
[[0.0007614144056637987,0.0005804582171168691,-0.0007382560635762255],[0.0008117671959437103,-0.00209763782210652,-0.0010123339018504158],[-0.001573181601607509,0.0015171796049896508,0.0017505899654266413]]
[[0.0007389604971495159,0.0005639411362362252,-0.0007194462948040575],[0.0008047141460270839,-0.0020501691787692972,-0.001000557534382179],[-0.0015436746431765997,0.0014862280425330724,0.0017200038291862363]]
[[0.0007174841700082717,0.0005481157922531616,-0.0007013389156789039],[0.0007976168413979055,-0.0020043715519059055,-0.0009889644287884754],[-0.0015151010114061773,0.001456255759652744,0.0016903033444673793]]
[[0.0006969296960558165,0.0005329442728416402,-0.0006838999987270277],[0.000790488559877175,-0.0019601647500263305,-0.0009775521875107567],[-0.0014874182559329915,0.0014272204771846903,0.0016614521862377844]]
[[0.000677245242909593,0.0005183912147165351,-0.0006670975876096305],[0.0007833412190616828,-0.0019174734650097575,-0.0009663183764635245],[-0.0014605864619712757,0.0013990822502932224,0.001633415964073155]]
[[0.0006583825535132184,0.0005044236018453918,-0.0006509015664403798],[0.0007761855095804224,-0.001876226911778215,-0.0009552605293844676],[-0.0014345680630936408,0.001371803309932823,0.0016061620958248474]]
[[0.0006402966558150269,0.0004910105819398006,-0.0006352835385221797],[0.0007690310145622357,-0.0018363584991411208,-0.0009443761524634486],[-0.0014093276703772625,0.00134534791720132,0.0015796596909856283]]
[[0.0006229455994219784,0.0004781232993708546,-0.0006202167138099571],[0.0007618863168527162,-0.0017978055287272868,-0.0009336627290968422],[-0.0013848319162746946,0.001319682229356432,0.0015538794429067993]]
[[0.0006062902164197435,0.0004657347428608147,-0.0006056758044518139],[0.0007547590953331449,-0.0017605089192629594,-0.0009231177246499475],[-0.0013610493117528883,0.0012947741764021447,0.0015287935291017614]]
[[0.0005902939038725179,0.00045381960648547697,-0.0005916369278052421],[0.0007476562115329751,-0.0017244129537546187,-0.0009127385911391168],[-0.001337950115405493,0.0012705933472691418,0.001504375518944359]]
[[0.000574922425798453,0.0004423541626821363,-0.0005780775163677161],[0.0007405837875867718,-0.001689465047399075,-0.0009025227717682677],[-0.001315506213385225,0.0012471108847169387,0.0014806002881359837]]
[[0.0005601437326639869,0.0004313161460993076,-0.0005649762341015763],[0.0007335472764638111,-0.0016556155342757912,-0.0008924677052727963],[-0.0012936910091277982,0.0012242993881764837,0.0014574439393743727]]
[[0.0005459277966574835,0.0004206846472489732,-0.0005523128986715225],[0.0007265515252912092,-0.0016228174710812648,-0.0008825708300383568],[-0.0012724793219486925,0.0012021328238322915,0.0014348837287098794]]
[[0.0005322464611934312,0.0004104400150321914,-0.0005400684091491535],[0.0007196008324974888,-0.001591026456346413,-0.0008728295879734103],[-0.00125184729369092,0.0011805864413142217,0.0014128979971225638]]
[[0.0005190733032664456,0.00040056376730623525,-0.0005282246787727937],[0.0007126989994210916,-0.0015602004637381224,-0.0008632414281233485],[-0.001231772302687537,0.0011596366964318871,0.0013914661068961422]]
[[0.0005063835074224369,0.0003910385087476623,-0.0005167645723824037],[0.0007058493769559763,-0.0015302996881881373,-0.000853803810020914],[-0.001212232884378413,0.0011392611794404748,0.0013705683824033177]]
[[0.0004941537502450607,0.0003818478553421659,-0.0005056718481786913],[0.0006990549077428407,-0.0015012864037185322,-0.000844514206772963],[-0.0011932086579879014,0.0011194385483763664,0.0013501860549516543]]
[[0.0004823620943711842,0.00037297636489996795,-0.0004949311034827611],[0.0006923181643584586,-0.0014731248319450776,-0.0008353701078876227],[-0.0011746802587296427,0.0011001484670451096,0.0013303012113703837]]
[[0.0004709878911514586,0.00036440947305587713,-0.00048452772419783354],[0.0006856413839062621,-0.001445781020339559,-0.0008263690218488966],[-0.0011566292750577207,0.001081371547283682,0.00131089674604673]]
[[0.00046001169116284286,0.00035613343426689405,-0.0004744478376978577],[0.0006790264993676821,-0.0014192227294210732,-0.0008175084784479304],[-0.001139038190530525,0.0010630892951541792,0.001291956316145788]]
[[0.00044941516186048394,0.0003481352673681465,-0.00046467826888933896],[0.000672475168035237,-0.0013934193281257181,-0.0008087860308816604],[-0.001121890329895721,0.0010452840607575716,0.0012734642997709994]]
[[0.0004391810117279789,0.0003404027052907012,-0.0004552064992125324],[0.0006659887973142547,-0.001368341696675077,-0.0008001992576305713],[-0.0011051698090422336,0.0010279389913843756,0.0012554057568431036]]
[[0.00042929292034878883,0.0003329241485829994,-0.000446020628366419],[0.0006595685681499107,-0.0013439621363274612,-0.0007917457641278681],[-0.0010888614884986996,0.001011037987744462,0.001237766392494287]]
[[0.0004197354738783847,0.00032568862241184486,-0.00043710933855870297],[0.0006532154563094546,-0.001320254285452817,-0.0007834231842326493],[-0.0010729509301878393,0.0009945656630409722,0.0012205325227913524]]
[[0.0004104941054473945,0.00031868573674947515,-0.00042846186109754276],[0.0006469302517257182,-0.0012971930414233212,-0.0007752291815196932],[-0.0010574243571731127,0.0009785073046738463,0.001203691042617236]]
[[0.0004015550400713135,0.00031190564948069895,-0.00042006794515597485],[0.0006407135760868144,-0.0012747544878576403,-0.0007671614503983019],[-0.0010422686161581278,0.0009628488383769413,0.0011872293955542768]]
[[0.0003929052436828376,0.000305339032188708,-0.0004119178285530733],[0.0006345658988381491,-0.0012529158267981363,-0.0007592177170723738],[-0.0010274711425209868,0.0009475767946094285,0.001171135545625447]]
[[0.0003845323759391647,0.00029897703840031523,-0.00040400221040793965],[0.0006284875517460543,-0.0012316553154375443,-0.0007513957403534534],[-0.001013019927685219,0.000932678277037229,0.001155397950761393]]
[[0.0003764247464891192,0.00029281127409127726,-0.00039631222553367725],[0.0006224787421574097,-0.0012109522070451993,-0.0007436933123380456],[-0.0009989034886465288,0.000918140932953922,0.001140005537871723]]
[[0.0003685712744141519,0.00028683377027029396,-0.000388839420448692],[0.0006165395650762634,-0.001190786695773221,-0.0007361082589599613],[-0.0009851108394904153,0.0009039529255029271,0.0011249476794086533]]
[[0.00036096145058348266,0.0002810369574764364,-0.00038157573089200566],[0.0006106700141665246,-0.0011711398650504383,-0.0007286384404279154],[-0.0009716314647500073,0.0008901029075740019,0.001110214171319921]]
[[0.0003535853026872547,0.00027541364203934493,-0.00037451346073788874],[0.000604869991779119,-0.0011519936392966465,-0.0007212817515580242],[-0.0009584552944663737,0.0008765799972573014,0.001095795212295913]]
[[0.00034643336273280017,0.0002699569839647063,-0.0003676452622130164],[0.000599139318092442,-0.001133330738712212,-0.000714036122010285],[-0.0009455726808252422,0.0008633737547475058,0.0010816813842233013]]
[[0.00033949663680826953,0.000264660476319432,-0.00036096411732664175],[0.0005934777394463837,-0.001115134636918439,-0.0007068995164375645],[-0.0009329743762546532,0.000850474160599007,0.0010678636337642063]]
[[0.0003327665769351514,0.00025951792600173993,-0.00035446332043097186],[0.0005878849359424964,-0.001097389521242559,-0.0006998699345550536],[-0.0009206515128776478,0.000837871595240819,0.0010543332549860255]]
[[0.0003262350548468104,0.0002545234357910998,-0.00034813646183509423],[0.00058236052837599,-0.001080080255458011,-0.0006929454111376241],[-0.0009085955832228005,0.0008255568196669111,0.0010410818729727183]]
[[0.0003198943375442819,0.0002496713875818613,-0.0003419774124014793],[0.000576904084559039,-0.0010631923448059593,-0.000686124015952002],[-0.0008967984221033209,0.000813520957224098,0.0010281014283534812]]
[[0.00031373706449332596,0.00024495642671241313,-0.0003359803090593024],[0.0005715151250892901,-0.0010467119031378768,-0.0006794038536301715],[-0.0008852521895826161,0.0008017554764254638,0.001015384162689474]]
[[0.00030775622633830873,0.00024037344730902223,-0.0003301395411736463],[0.0005661931286124691,-0.001030625622031726,-0.0006727830634899695],[-0.0008739493549507778,0.0007902521747227037,0.001002922604663616]]
[[0.00030194514501896344,0.00023591757857013121,-0.00032444973771407617],[0.000560937536623428,-0.0010149207417457864,-0.0006662598193083593],[-0.0008628826816423915,0.0007790031631756552,0.0009907095570224355]]
[[0.00029629745518559923,0.00023158417192293459,-0.000318905755170168],[0.0005557477578459278,-0.0009995850238847625,-0.0006598323290524801],[-0.0008520452130315269,0.0007680008519618279,0.0009787380842226482]]
[[0.00029080708681696906,0.00022736878898954797,-0.0003135026661653412],[0.0005506231722277493,-0.000984606725662426,-0.0006534988345731478],[-0.0008414302590447183,0.0007572379366728782,0.000967001500738489]]
[[0.0002854682489528647,0.0002232671903050939,-0.0003082357487238217],[0.0005455631345844114,-0.0009699745756538667,-0.0006472576112651254],[-0.0008310313835372761,0.0007467073853487727,0.000955493359988947]]
[[0.00028027541446065717,0.00021927532473460255,-0.00030310047614877275],[0.0005405669779217782,-0.0009556777509385013,-0.0006411069676981308],[-0.0008208423923824354,0.0007364024262038987,0.0009442074438469035]]
[[0.000275223305761512,0.00021538931953979598,-0.000298092507472596],[0.0005356340164651091,-0.0009417058555423814,-0.0006350452452222191],[-0.000810857322226621,0.0007263165360025855,0.000933137752694815]]
[[0.00027030688144794333,0.0002116054710506339,-0.0002932076784431352],[0.0005307635484196588,-0.0009280489000951135,-0.0006290708175508799],[-0.0008010704298676022,0.0007164434290444796,0.0009222784959940151]]
[[0.0002655213237297858,0.00020792023589999236,-0.0002884419930120548],[0.0005259548584857013,-0.0009146972826229332,-0.0006231820903249067],[-0.0007914761822154871,0.0007067770467229409,0.0009116240833369616]]
[[0.0002608620266506021,0.00020433022278302872,-0.00028379161529399277],[0.0005212072201488433,-0.0009016417704051852,-0.0006173775006598323],[-0.0007820692467994453,0.0006973115476221565,0.0009011691159538252]]
[[0.0002563245850210637,0.00020083218470571304,-0.0002792528619672587],[0.0005165198977646514,-0.0008888734828267047,-0.0006116555166794786],[-0.0007728444827857151,0.0006880412981209916,0.0008909083786467373]]
[[0.00025190478401997243,0.0001974230116896814,-0.00027482219508884474],[0.0005118921484549728,-0.0008763838751634364,-0.0006060146370379557],[-0.0007637969324749453,0.000678960863473755,0.0008808368321268005]]
[[0.0002475985894173619,0.00019409972390302104,-0.0002704962152983687],[0.0005073232238318038,-0.0008641647232430592,-0.0006004533904322169],[-0.0007549218132491657,0.0006700649993400382,0.0008709496057305856]]
[[0.00024340213837758758,0.0001908594651888527,-0.0002662716553872879],[0.0005028123715632115,-0.000852208108926492,-0.000594970335107109],[-0.000746214509940799,0.0006613486437376393,0.0008612419904943968]]
[[0.00023931173080348104,0.00018769949696564438,-0.0002621453742113086],[0.0004983588367945466,-0.0008405064063599138,-0.0005895640583546539],[-0.0007376705675980276,0.0006528069093942693,0.0008517094325659625]]
[[0.00023532382118555102,0.00018461719247509252,-0.00025811435092539014],[0.0004939618634370775,-0.0008290522689504366,-0.0005842331760091584],[-0.0007292856846226284,0.000644435076475344,0.0008423475269345486]]
[[0.00023143501092288924,0.00018161003135515747,-0.0002541756795221112],[0.0004896206953351141,-0.0008178386170217516,-0.0005789763319395684],[-0.0007210557062580034,0.0006362285856665942,0.0008331520114616796]]
[[0.00022764204108488502,0.00017867559451744872,-0.00025032656365542966],[0.00048533457732178795,-0.0008068586261090759,-0.0005737921975403841],[-0.0007129766184066729,0.0006281830315916271,0.0008241187611958137]]
[[0.00022394178558511065,0.0001758115593096406,-0.0002465643117330481],[0.000481102756172759,-0.0007961057158554348,-0.0005686794712222811],[-0.0007050445417578696,0.0006202941565457942,0.0008152437829553293]]
[[0.00022033124474081061,0.00017301569494496252,-0.00024288633226168777],[0.00047692448146637636,-0.0007855735394738806,-0.000563636877903502],[-0.000697255726207187,0.000612557844528918,0.0008065232101651898]]
[[0.00021680753919333523,0.00017028585818207193,-0.00023929012943058804],[0.0004727990063580823,-0.0007752559737425864,-0.0005586631685029511],[-0.0006896065455514176,0.0006049701155605145,0.0007979532979335392]]
[[0.0002133679041666174,0.00016761998923977748,-0.00023577329891949557],[0.00046872558827620707,-0.0007651471095019292,-0.0005537571194358342],[-0.0006820934924428244,0.0005975271202621517,0.0007895304183553297]]
[[0.00021000968404241035,0.00016501610793215676,-0.00023233352391828017],[0.0004647034895457167,-0.0007552412426246975,-0.0005489175321125969],[-0.000674713173588127,0.0005902251346925406,0.0007812510560308772]]
[[0.0002067303272324954,0.00016247231001060146,-0.00022896857134613427],[0.00046073197794592273,-0.0007455328654324322,-0.000544143232441829],[-0.0006674623051784181,0.0005830605554218308,0.0007731118037879632]]
[[0.00020352738132945104,0.00015998676370024444,-0.00022567628825907114],[0.00045681032720767045,-0.0007360166585326359,-0.0005394330703377222],[-0.0006603377085371215,0.0005760298948323914,0.0007651093585967934]]
[[0.00020039848851884182,0.00015755770641906656,-0.00022245459843514348],[0.000452937817455072,-0.0007266874830532038,-0.0005347859192326054],[-0.0006533363059739138,0.0005691297766341372,0.0007572405176677488]]
[[0.00019734138123686545,0.0001551834416687705,-0.00021930149912746438],[0.0004491137355964335,-0.0007175403732519305,-0.0005302006755950143],[-0.0006464551168332989,0.00056235693158316,0.0007495021747224787]]
[[0.00019435387805858057,0.000152862336087233,-0.0002162150579757264],[0.00044533737566864666,-0.0007085705294803291,-0.0005256762584536958],[-0.0006396912537272272,0.000555708193393096,0.0007418913164294222]]
[[0.00019143387980284437,0.00015059281665302264,-0.000213193410067485],[0.0004416080391389656,-0.0006997733114823003,-0.0005212116089278894],[-0.00063304191894181,0.0005491804948292777,0.0007344050189953744]]
[[0.00018857936584101837,0.0001483733680330933,-0.00021023475514100916],[0.0004379250351677732,-0.0006911442320093933,-0.000516805689764187],[-0.0006265044010087916,0.0005427708639763,0.0007270404449051962]]
[[0.00018578839059736477,0.00014620253006534546,-0.00020733735492199884],[0.0004342876808356508,-0.0006826789507355229,-0.0005124574848802221],[-0.0006200760714330155,0.0005364764206701774,0.000719794839802221]]
[[0.0001830590802298518,0.00014407889536828202,-0.00020449953058693346],[0.0004306953013377918,-0.0006743732684550458,-0.0005081659989154031],[-0.0006137543815676436,0.0005302943730867638,0.0007126655295023365]]
[[0.00018038962948082818,0.00014200110707048827,-0.0002017196603462506],[0.0004271472301485619,-0.0006662231215490877,-0.0005039302567888663],[-0.0006075368596293901,0.0005242220144785994,0.0007056499171351169]]
[[0.00017777829868771358,0.00013996785665312705,-0.00019899617714095984],[0.0004236428091587759,-0.0006582245767059021,-0.0004997493032647917],[-0.0006014211078464895,0.0005182567200527751,0.0006987454804057516]]
[[0.0001752234109444899,0.0001379778818990739,-0.0001963275664466758],[0.0004201813887880591,-0.0006503738258819086,-0.0004956222025251961],[-0.000595404799732549,0.0005123959439828347,0.0006919497689718719]]
[[0.0001727233494053691,0.00013602996494271608,-0.0001937123641794079],[0.00041676232807447,-0.0006426671814908395,-0.0004915480377502903],[-0.0005894856774798391,0.0005066372165481234,0.0006852604019296981]]
[[0.0001702765547225649,0.0001341229304148158,-0.00019114915469777837],[0.00041338499474338476,-0.0006351010718091605,-0.00048752591070645707],[-0.0005836615494659497,0.0005009781413943447,0.0006786750654042354]]
[[0.00016788152261060674,0.00013225564367718278,-0.00018863656889664822],[0.0004100487652574895,-0.0006276720365866393,-0.00048355494134190007],[-0.0005779302878680963,0.0004954163929094566,0.0006721915102385483]]
[[0.00016553680153010862,0.0001304270091422267,-0.00018617328238742104],[0.0004067530248495687,-0.0006203767228515548,-0.00047963426738996927],[-0.0005722898263796773,0.0004899497137093281,0.0006658075497773903]]
[[0.00016324099048435219,0.0001286359686727634,-0.00018375801376057066],[0.00040349716753965137,-0.0006132118809006732,-0.0004757630439801745],[-0.0005667381580240035,0.0004845759122279097,0.0006595210577407452]]
[[0.00016099273692245035,0.0001268815000577269,-0.00018138952292618682],[0.000400280596137953,-0.000606174360464662,-0.0004719404432568703],[-0.0005612733330604034,0.00047929286040693513,0.0006533299661830571]]
[[0.0001587907347432475,0.0001251626155597057,-0.00017906660952857922],[0.00039710272223492603,-0.0005992611070401532,-0.000468165654005579],[-0.0005558934569781735,0.0004740984914804476,0.0006472322635341582]]
[[0.00015663372239446487,0.00012347836053046415,-0.00017678811143119821],[0.0003939629661796383,-0.0005924691583801598,-0.0004644378812869162],[-0.0005505966885741031,0.0004689907978496957,0.0006412259927181145]]
[[0.00015452048106193888,0.00012182781209084071,-0.00017455290326834458],[0.0003908607570475913,-0.0005857956411350132,-0.00046075634607805726],[-0.0005453812381095302,0.0004639678290441725,0.0006353092493464018]]
[[0.00015244983294410662,0.00012021007787162685,-0.00017235989506033563],[0.00038779553259901423,-0.0005792377676364348,-0.000457120284921691],[-0.0005402453655431209,0.000459027689764808,0.0006294801799820266]]
[[0.00015042063960718757,0.00011862429481223267,-0.00017020803088898146],[0.00038476673922856604,-0.0005727928328177474,-0.00045352894958237635],[-0.0005351873788357536,0.0004541685380055147,0.0006237369804713578]]
[[0.00014843180041677906,0.0001170696280141294,-0.0001680962876303973],[0.00038177383190732956,-0.0005664582112636341,-0.00044998160671023415],[-0.0005302056323241086,0.00044938858324950474,0.0006180778943406315]]
[[0.00014648225104183884,0.00011554526964623688,-0.00016602367374234306],[0.00037881627411788304,-0.0005602313543831985,-0.000446477537511874],[-0.0005252985251597219,0.0004446860847369616,0.0006125012112542171]]
[[0.00014457096202726358,0.00011405043789958479,-0.00016398922810343265],[0.00037589353778319474,-0.0005541097877004281,-0.0004430160374284717],[-0.0005204644998104583,0.00044005934980084337,0.0006070052655319043]]
[[0.00014269693743149435,0.00011258437598873216,-0.00016199201890170072],[0.00037300510319000985,-0.0005480911082564774,-0.0004395964158208948],[-0.0005157020406215043,0.00043550673226774514,0.0006015884347225955]]
[[0.00014085921352578805,0.00011114635119757166,-0.00016003114257015082],[0.0003701504589073516,-0.0005421729821184822,-0.00043621799566177235],[-0.0005110096724331396,0.0004310266309209105,0.0005962491382319232]]
[[0.00013905685755198708,0.00010973565396728033,-0.00015810572276703455],[0.00036732910170070873,-0.0005363531419899102,-0.0004328801132344042],[-0.0005063859592526959,0.0004266174880226299,0.0005909858360014387]]
[[0.00013728896653580121,0.00010835159702430415,-0.00015621490939873286],[0.00036454053644243117,-0.0005306293849177,-0.00042958211783839764],[-0.0005018295029782324,0.00042227778789339585,0.0005857970272371305]]
[[0.0001355546661527866,0.0001069935145463826,-0.00015435787768322307],[0.0003617842760188149,-0.0005249995700917064,-0.0004263233715019206],[-0.0004973389421716015,0.00041800605554532383,0.0005806812491851436]]
[[0.00013385310964436612,0.00010566076136473009,-0.00015253382725222207],[0.0003590598412343171,-0.0005194616167321948,-0.0004231032487004536],[-0.0004929129508786832,0.0004138008553674647,0.0005756370759526756]]
[[0.00013218347678138373,0.00010435271220059469,-0.00015074198129019474],[0.00035636676071330674,-0.0005140135020613491,-0.00041992113608192705],[-0.0004885502374946905,0.0004096607898607544,0.0005706631173721218]]
[[0.00013054497287282762,0.00010306876093451349,-0.0001489815857085133],[0.0003537045707997213,-0.0005086532593549712,-0.0004167764321981251],[-0.0004842495436725489,0.00040558449842045775,0.0005657580179066384]]
[[0.0001289368278174869,0.00010180831990667511,-0.00014725190835314052],[0.0003510728154549683,-0.0005033789760707392,-0.0004136685472422363],[-0.0004800096432724552,0.0004015706561640641,0.0005609204555953769]]
[[0.0001273582951964313,0.00010057081924688606,-0.0001455522382442946],[0.0003484710461543835,-0.0004981887920495808,-0.00041059690279243315],[-0.0004758293413508148,0.00039761797280269464,0.0005561491410367278]]
[[0.00012580865140431806,0.00009935570623271918,-0.00014388188484663216],[0.00034589882178253127,-0.0004930808977868931,-0.00040756093156136245],[-0.0004717074731868493,0.000393725191554174,0.0005514428164079947]]
[[0.00012428719481764108,0.00009816244467449881,-0.00014224017736856105],[0.00034335570852760637,-0.000488053532770505,-0.0004045600771514261],[-0.00046764290334524745,0.00038989108809600625,0.0005468002545199872]]
[[0.00012279324499813696,0.00009699051432584835,-0.00014062646408936395],[0.00034084127977517106,-0.00048310498388242344,-0.0004015937938157295],[-0.000463634524773308,0.0003861144695565751,0.0005422202579050935]]
[[0.00012132614192966195,0.00009583941031859449,-0.0001390401117128819],[0.0003383551160014547,-0.0004782335838615764,-0.0003986615462245915],[-0.0004596812579311166,0.0003823941735429819,0.0005377016579374734]]
[[0.00011988524528694215,0.00009470864262088534,-0.0001374805047465688],[0.0003358968046663986,-0.00047343770982487114,-0.00039576280923748076],[-0.00045578204995334073,0.0003787290672039858,0.0005332433139840496]]
[[0.00011846993373468504,0.00009359773551743959,-0.00013594704490478725],[0.00033346594010663964,-0.0004687157818440493,-0.0003928970676802784],[-0.00045193587384132465,0.00037511804632660967,0.0005288441125850657]]
[[0.00011707960425562112,0.00009250622711090034,-0.00013443915053527205],[0.0003310621234285873,-0.0004640662615759182,-0.00039006381612774195],[-0.00044814172768420845,0.00037156003446501786,0.000524502966663014]]
[[0.00011571367150611914,0.00009143366884332127,-0.000132956256067742],[0.0003286849624017467,-0.0004594876509436746,-0.00038726255869105764],[-0.00044439863390786585,0.0003680539821003533,0.0005202188147587996]]
[[0.00011437156719808984,0.000090379625036861,-0.00013149781148368884],[0.0003263340713524198,-0.00045497849086713387,-0.00038449280881037084],[-0.00044070563855050967,0.00036459886583027287,0.0005159906202940596]]
[[0.00011305273950596023,0.00008934367245281106,-0.00013006328180642125],[0.00032400907105790863,-0.00045053736003979235,-0.00038175408905218126],[-0.00043706181056386883,0.00036119368758698127,0.0005118173708586025]]
[[0.00011175665249756331,0.00008832539986812604,-0.00012865214661048584],[0.0003217095886413278,-0.00044616287375074255,-0.0003790459309114914],[-0.0004334662411388911,0.0003578374738826165,0.0005076980775219772]]
[[0.00011048278558784723,0.00008732440766866687,-0.00012726389954962952],[0.00031943525746712745,-0.00044185368274956085,-0.0003763678746186037],[-0.0004299180430549746,0.000354529275080894,0.0005036317741682333]]
[[0.00010923063301436506,0.00008634030745840814,-0.00012589804790250853],[0.00031718571703741403,-0.0004376084721523706,-0.00037371946895045535],[-0.0004264163500517791,0.0003512681646939625,0.0004996175168529639]]
[[0.00010799970333355853,0.00008537272168389848,-0.0001245541121353869],[0.00031496061288914886,-0.00043342596038737464,-0.0003711002710463886],[-0.0004229603162227074,0.0003480532387034761,0.0004956543831817755]]
[[0.00010678951893689835,0.0000844212832732965,-0.0001232316254811025],[0.0003127595964922958,-0.0004293048981782229,-0.0003685098462282526],[-0.00041954911542919416,0.00034488361490492644,0.0004917414717093551]]
[[0.00010559961558599348,0.00008348563528934127,-0.00012193013353361555],[0.00031058232514898006,-0.00042524406756366595,-0.00036594776782473374],[-0.00041618194073497354,0.0003417584322743247,0.00048787790135834924]]
[[0.00010442954196582247,0.00008256543059564502,-0.00012064919385748326],[0.00030842846189371573,-0.0004212422809520083,-0.00036341361699981803],[-0.0004128580038595382,0.0003386768503563633,0.0004840628108573013]]
[[0.00010327885925528565,0.00008166033153572792,-0.00011938837561163796],[0.00030629767539474976,-0.0004172983802089489,-0.0003609069825852841],[-0.0004095765346500354,0.00033563804867322097,0.0004802953581969221]]
[[0.0001021471407143146,0.00008077000962424187,-0.00011814725918687362],[0.000304189639856566,-0.00041341123577746155,-0.00035842746091713365],[-0.0004063367805708806,0.0003326412261532197,0.00047657472010400725]]
[[0.0001010339712868132,0.00007989414524985757,-0.00011692543585647391],[0.00030210403492358706,-0.0004095797458284227,-0.0003559746556758633],[-0.0004031380062104003,0.00032968560057856515,0.00047290009153233727]]
[[0.00009993894721874115,0.00007903242738931443,-0.00011572250743944093],[0.0003000405455851057,-0.00040580283544076206,-0.0003535481777304878],[-0.00039997949280384684,0.00032677040805144766,0.0004692706851699287]]
[[0.00009886167569068307,0.00007818455333215665,-0.00011453808597580825],[0.00029799886208147343,-0.0004020794558099587,-0.00035114764498622177],[-0.00039686053777215647,0.00032389490247780204,0.00046568573096203]]
[[0.00009780177446427902,0.00007735022841570188,-0.0001133717934135466],[0.0002959786798115702,-0.0003984085834837616,-0.0003487726822357348],[-0.0003937804542758492,0.00032105835506805974,0.00046214447564928146]]
[[0.00009675887154192226,0.00007652916576981043,-0.0001122232613065916],[0.000293979699241573,-0.0003947892196240639,-0.0003464229210138901],[-0.00039073857078349524,0.0003182600538542534,0.0004586461823204817]]
[[0.00009573260483915794,0.00007572108607104285,-0.00011109213052354504],[0.00029200162581503896,-0.00039122038929390414,-0.000344097999455883],[-0.0003877342306541969,0.00031549930322286127,0.00045519012997942806]]
[[0.00009472262186924476,0.00007492571730581393,-0.00010997805096662173],[0.00029004416986431667,-0.0003877011407686196,-0.0003417975621586992],[-0.0003847667917335614,0.0003127754234628057,0.000451775613125321]]
[[0.00009372857943936546,0.00007414279454216872,-0.00010888068130043184],[0.0002881070465232937,-0.00038423054487021226,-0.0003395212600458086],[-0.0003818356259626591,0.0003100877503280436,0.0004484019413462404]]
[[0.0000927501433579976,0.00007337205970982407,-0.00010779968869020846],[0.00028618997564148444,-0.0003808076943240323,-0.0003372687502350149],[-0.000378940118999482,0.0003074356346142082,0.0004450684389252234]]
[[0.00009178698815297849,0.00007261326138813537,-0.00010673474854910651],[0.00028429268169946604,-0.00037743170313692456,-0.00033503969590938885],[-0.00037607966985244454,0.0003048184417487892,0.0004417744444584954]]
[[0.0000908387967998201,0.00007186615460166412,-0.00010568554429421593],[0.0002824148937256608,-0.000374101705996018,-0.00033283376619120314],[-0.0003732536905254809,0.0003022355513943538,0.00043851931048541907]]
[[0.00008990526045985013,0.0000711305006230368,-0.00010465176711094802],[0.00028055634521446444,-0.000370816857687373,-0.0003306506360187995],[-0.00037046160567431456,0.0002996863570643362,0.0004353024031297475]]
[[0.00008898607822777528,0.00007040606678279916,-0.0001036331157254679],[0.0002787167740457181,-0.0003675763325337366,-0.00032848998602631437],[-0.0003677028522734934,0.00029717026575093745,0.00043212310175178226]]
[[0.00008808095688828144,0.00006969262628598398,-0.00010262929618486179],[0.00027689592240552044,-0.0003643793238506874,-0.00032635150242619294],[-0.00036497687929380187,0.0002946866975647034,0.0004289807986110547]]
[[0.00008718961068130267,0.00006898995803512309,-0.00010164002164473964],[0.0002750935367083709,-0.0003612250434204809,-0.00032423487689442276],[-0.0003622831473896736,0.0002922350853853578,0.00042587489853916237]]
[[0.00008631176107560824,0.00006829784645944614,-0.00010066501216398797],[0.0002733093675206393,-0.00035811272098293704,-0.0003221398064584196],[-0.00035962112859624755,0.0002898148745234909,0.00042280481862240753]]
[[0.00008544713655037246,0.00006761608135002012,-0.00009970399450639876],[0.0002715431694853516,-0.00035504160374273707,-0.00032006599338750113],[-0.00035699030603572406,0.000287425522392717,0.0004197699878938999]]
[[0.00008459547238440725,0.00006694445770059531,-0.00009875670194891374],[0.00026979470124828265,-0.0003520109558925268,-0.00031801314508588414],[-0.0003543901736326899,0.00028506649819193145,0.00041676984703479787]]
[[0.00008375651045275178,0.0000662827755539325,-0.00009782287409623172],[0.0002680637253853428,-0.0003490200581512427,-0.0003159809739881417],[-0.0003518202358380946,0.00028273728259731016,0.0004138038480843735]]
[[0.00008292999903032711,0.00006563083985339747,-0.00009690225670154088],[0.0002663500083312486,-0.0003460682073171073,-0.0003139691974570612],[-0.0003492800073615757,0.0002804373674637099,0.0004108714541586021]]
[[0.00008211569260237715,0.00006498846029961712,-0.0000959946014931447],[0.0002646533203094644,-0.00034315471583476134,-0.000311977537683844],[-0.00034676901291184154,0.00027816625553514425,0.0004079721391769887]]
[[0.00008131335168142854,0.00006435545121200103,-0.00009509966600676178],[0.00026297343526339965,-0.00034027891137601704,-0.00031000572159058733],[-0.00034428678694482817,0.000275923460164016,0.0004051053875973491]]
[[0.00008052274263051505,0.00006373163139494111,-0.00009421721342328868],[0.00026131013078884834,-0.0003374401364337462,-0.0003080534807349929],[-0.0003418328734193634,0.0002737085050388051,0.00040227069415828156]]
[[0.00007974363749242258,0.00006311682400850898,-0.0000933470124118232],[0.00025966318806765795,-0.00033463774792843104,-0.0003061205512172489],[-0.0003394068255600805,0.00027152092391992204,0.00039946756362907205]]
[[0.00007897581382472119,0.0000625108564434799,-0.00009248883697775444],[0.00025803239180260815,-0.00033187111682692457,-0.0003042066735890281],[-0.00033700820562732937,0.0002693602603834447,0.0003966955105667825]]
[[0.00007821905454036168,0.00006191356020051822,-0.00009164246631573355],[0.0002564175301534878,-0.0003291396277729892,-0.000302311592764554],[-0.00033463658469384946,0.00026722606757247097,0.0003939540590802876]]
[[0.0000774731477536226,0.00006132477077336687,-0.00009080768466734727],[0.00025481839467435133,-0.0003264426787291953,-0.0003004350579336809],[-0.0003322915424279739,0.00026511790795582846,0.0003912427426010282]]
[[0.0000767378866312041,0.00006074432753589031,-0.00008998428118332273],[0.0002532347802519391,-0.00032377968062978133,-0.0002985768224769396],[-0.0003299726668831432,0.00026303535309389104,0.0003885611036602623]]
[[0.00007601306924827236,0.00006017207363282575,-0.00008917204979010001],[0.0002516664850452456,-0.0003211500570440913,-0.00029673664388250057],[-0.000327679554293518,0.0002609779834112656,0.0003859086936726006]]
[[0.00007529849844926795,0.00005960785587410517,-0.0000883707890606148],[0.000250113310426216,-0.00031855324385022014,-0.00029491428366500697],[-0.00032541180887548396,0.00025894538797611495,0.0003832850727256218]]
[[0.00007459398171329835,0.000059051524632614445,-0.00008758030208914021],[0.00024857506092155796,-0.0003159886889185144,-0.0002931095072862318],[-0.0003231690426348563,0.0002569371642859,0.00038068980937537204]]
[[0.00007389933102394318,0.00005850293374526307,-0.00008680039637004255],[0.0002470515441556475,-0.00031345585180458523,-0.0002913220840775132],[-0.00032095087517959066,0.00025495291805932216,0.00037812248044755576]]
[[0.00007321436274330761,0.000057961940417242623,-0.00008603088368031248],[0.0002455425707945144,-0.00031095420345150944,-0.0002895517871639273],[-0.00031875693353782203,0.00025299226303426685,0.00037558267084423976]]
[[0.00007253889749016587,0.000057428405129356535,-0.00008527157996573707],[0.00024404795449088878,-0.0003084832259009016,-0.0002877983933901519],[-0.00031658685198105466,0.00025105482077154503,0.000373069973355889]]
[[0.00007187276002204418,0.0000569021915483098,-0.00008452230523058504],[0.00024256751183029024,-0.000306042412012556,-0.0002860616832479839],[-0.0003144402718523344,0.00024914022046424616,0.0003705839884785689]]
[[0.00007121577912109806,0.000056383166439850684,-0.00008378288343068171],[0.00024110106227814536,-0.0003036312651923682,-0.0002843414408054666],[-0.00031231684139924345,0.0002472480987525175,0.0003681243242361483]]
[[0.00007056778748364511,0.00005587119958466144,-0.00008305314236975511],[0.0002396484281279116,-0.000301249299128254,-0.00028263745363758797],[-0.0003102162156115567,0.00024537809954359253,0.0003656905960073431]]
[[0.00006992862161321983,0.0000553661636968991,-0.00008233291359893962],[0.00023820943445019606,-0.0002988960375338011,-0.00028094951275851627],[-0.00030813805606341586,0.00024352987383690199,0.0003632824263574559]]
[[0.00006929812171702335,0.000054867934345291405,-0.00008162203231932758],[0.00023678390904284543,-0.0002965710138993885,-0.0002792774125553267],[-0.0003060820307598688,0.0002417030795540971,0.0003608994448746543]]
[[0.00006867613160564453,0.0000543763898766966,-0.00008092033728746383],[0.000235371682381996,-0.0002942737712505317,-0.0002776209507231921],[-0.0003040478139876405,0.0002398973813738351,0.0003585412880106559]]
[[0.00006806249859593574,0.000053891411342039846,-0.0000802276707236822],[0.00023397258757406242,-0.00029200386191320725,-0.00027597992820199544],[-0.00030203508616999814,0.00023811245057116736,0.00035620759892567765]]
[[0.00006745707341692972,0.000053412882424541874,-0.00007954387822318646],[0.0002325864603086503,-0.00028976084728593034,-0.0002743541491143339],[-0.00030004353372558006,0.00023634796486138846,0.00035389802733752033]]
[[0.00006685971011868969,0.00005294068937015943,-0.00007886880866978251],[0.00023121313881237622,-0.00028754429761836163,-0.0002727434207048778],[-0.0002980728489310659,0.0002346036082482022,0.00035161222937466033]]
[[0.00006627026598398804,0.00005247472092015994,-0.00007820231415217198],[0.00022985246380357634,-0.00028535379179622826,-0.00027114755328105325],[-0.00029612272978756437,0.00023287907087606835,0.0003493498674332253]]
[[0.00006568860144271457,0.00005201486824575582,-0.00007754424988272031],[0.0002285042784478905,-0.0002831889171323556,-0.0002695663601550167],[-0.00029419287989060507,0.00023117404888659977,0.00034711061003773704]]
[[0.0000651145799889173,0.000051561024884727,-0.00007689447411861656],[0.00022716842831470242,-0.00028104926916360814,-0.00026799965758688934],[-0.00029228300830361973,0.0002294882442788811,0.0003448941317055059]]
[[0.00006454806810038454,0.00005111308667996282,-0.00007625284808534461],[0.00022584476133442161,-0.0002789344514535509,-0.0002664472647292212],[-0.00029039282943480615,0.00022782136477358808,0.00034270011281456583]]
[[0.00006398893516067913,0.00005067095171985699,-0.00007561923590238863],[0.00022453312775659161,-0.0002768440754006459,-0.0002649090035726566],[-0.00028852206291727077,0.00022617312368078892,0.00034052823947504525]]
[[0.00006343705338354003,0.00005023452028049254,-0.00007499350451109889],[0.00022323338010880696,-0.000274777760051805,-0.0002633846988927701],[-0.000286670433492347,0.00022454323977131246,0.000338378203403869]]
[[0.00006289229773956921,0.00004980369476955502,-0.00007437552360464603],[0.0002219453731564254,-0.0002727351319211304,-0.0002618741781980473],[-0.0002848376708959946,0.00022293143715157538,0.0003362497018026933]]
[[0.00006235454588512537,0.00004937837967191562,-0.00007376516555999523],[0.00022066896386305893,-0.0002707158248136757,-0.00026037727167898064],[-0.0002830235097481843,0.00022133744514176007,0.0003341424372389759]]
[[0.00006182367809334906,0.000048958481496827375,-0.00007316230537183428],[0.0002194040113518287,-0.00026871947965406863,-0.00025889381215825526],[-0.00028122768944517776,0.00021976099815724127,0.00033205611753008956]]
[[0.00006129957718724597,0.00004854390872668039,-0.00007256682058839098],[0.0002181503768673703,-0.0002667457443198438,-0.00025742363504199935],[-0.00027944995405461626,0.00021820183559316344,0.00032999045563039035]]
[[0.000060782128474759045,0.0000481345717672632,-0.00007197859124907911],[0.00021690792373857252,-0.0002647942734793348,-0.0002559665782720718],[-0.00027769005221333156,0.0002166597017120716,0.000327945169521151]]
[[0.00006027121968576182,0.00004773038289948042,-0.00007139749982391339],[0.00021567651734203703,-0.0002628647284339844,-0.0002545224822793642],[-0.00027594773702779884,0.00021513434553450397,0.00032591998210327764]]
[[0.00005976674091090844,0.00004733125623247801,-0.00007082343115463632],[0.0002144560250662451,-0.00026095677696493587,-0.0002530911899380924],[-0.0002742227659771536,0.00021362552073245786,0.0003239146210927287]]
[[0.00005926858454227784,0.00004693710765812912,-0.00007025627239750178],[0.0002132463162764151,-0.0002590700931837701,-0.00025167254652105447],[-0.00027251490081869293,0.00021213298552564096,0.0003219288189185563]]
[[0.000058776645215752484,0.00004654785480683633,-0.00006969591296766274],[0.00021204726228004006,-0.0002572043573872629,-0.0002502663996558328],[-0.00027082390749579255,0.00021065650258042656,0.00031996231262349553]]
[[0.00005829081975507381,0.000046163417004606015,-0.00006914224448511112],[0.00021085873629308972,-0.0002553592559160368,-0.0002488725992819164],[-0.0002691495560481635,0.00020919583891143082,0.00031801484376702753]]
[[0.00005781100711751874,0.00004578371523135414,-0.00006859516072212164],[0.0002096806134068646,-0.0002535344810169891,-0.000247490997608724],[-0.00026749162052438336,0.0002077507657856349,0.00031608615833084565]]
[[0.000057337108341143955,0.00004540867208040254,-0.0000680545575521508],[0.0002085127705554898,-0.00025172973070937914,-0.00024612144907450585],[-0.00026584987889663377,0.00020632105862897657,0.0003141760066266567]]
[[0.000056869026493546384,0.00004503821171912737,-0.00006752033290014609],[0.0002073550864840339,-0.0002499447086544657,-0.00024476381030610206],[-0.0002642241129775803,0.00020490649693533832,0.00031228414320624815]]
[[0.00005640666662209031,0.000044672259850722464,-0.00006699238669422068],[0.00020620744171724256,-0.0002481791240285856,-0.0002434179400795413],[-0.0002626141083393329,0.0002035068641778631,0.00031041032677376197]]
[[0.000055949935705553055,0.00004431074367704132,-0.00006647062081865097],[0.0002050697185288732,-0.0002464326913995681,-0.00024208369928145612],[-0.00026101965423442627,0.00020212194772252677,0.0003085543201001071]]
[[0.00005549874260714379,0.000043953591862483696,-0.00006595493906815585],[0.00020394180091161835,-0.0002447051306063886,-0.00024076095087129852],[-0.00025944054351876217,0.00020075153874390495,0.00030671588993945437]]
[[0.0000550529980288504,0.00004360073449889258,-0.0000654452471034178],[0.00020282357454760787,-0.00024299616664196064,-0.00023944955984433677],[-0.0002578765725764583,0.00019939543214306807,0.0003048948069477546]]
[[0.0000546126144670722,0.000043252103071430214,-0.00006494145240780757],[0.00020171492677947567,-0.00024130552953897477,-0.00023814939319541427],[-0.0002563275412465479,0.00019805342646754456,0.00030309084560322183]]
[[0.000054177506169496955,0.00004290763042540151,-0.00006444346424527526],[0.00020061574658198123,-0.0002396329542586931,-0.00023686031988345423],[-0.0002547932527514782,0.0001967253238332916,0.0003013037841287295]]
[[0.000053747589093182545,0.000042567250733995036,-0.00006395119361937184],[0.00019952592453417476,-0.00023797818058261203,-0.00023558221079669227],[-0.0002532735136273573,0.000195410929848617,0.0002995334044160641]]
[[0.00005332278086380515,0.00004223089946691308,-0.00006346455323336724],[0.000198445352792094,-0.00023634095300690874,-0.00023431493871862034],[-0.00025176813365589915,0.00019411005353999568,0.0002977794919519876]]
[[0.00005290300073603666,0.00004189851335986222,-0.00006298345745143062],[0.0001973739250619821,-0.00023472102063958828,-0.00023305837829462508],[-0.0002502769257980188,0.00019282250727972606,0.0002960418357460557]]
[[0.000052488169555015905,0.00004157003038487822,-0.00006250782226084144],[0.0001963115365740176,-0.00023311813710025523,-0.00023181240599930625],[-0.0002487997061290335,0.000191548106715377,0.0002943202282601477]]
[[0.000052078209718879393,0.000041245389721458856,-0.00006203756523519988],[0.00019525808405654348,-0.00023153206042242952,-0.00023057690010445744],[-0.00024733629377542284,0.00019028667070097066,0.00029261446533965734]]
[[0.00005167304514231807,0.00004092453172847978,-0.00006157260549860633],[0.00019421346571078766,-0.0002299625529583358,-0.00022935174064769666],[-0.00024588651085310576,0.00018903802122985602,0.000290924346146303]]
[[0.000051272601221128465,0.000040607397916869234,-0.00006111286369078124],[0.0001931775811860625,-0.0002284093812860922,-0.00022813680940172843],[-0.0002444501824071909,0.00018780198336922296,0.0002892496730925097]]
[[0.00005087680479772706,0.000040293930923018294,-0.00006065826193309693],[0.00019215033155543654,-0.00022687231611923157,-0.0002269319898442279],[-0.0002430271363531636,0.00018657838519621327,0.00028759025177732485]]
[[0.00005048558412759833,0.00003998407448290414,-0.000060208723795494585],[0.0001911316192918659,-0.00022535113221848615,-0.00022573716712832713],[-0.00024161720341946423,0.00018536705773558202,0.0002859458909238217]]
[[0.00005009886884664729,0.000039677773406904444,-0.00005976417426425964],[0.0001901213482447781,-0.0002238456083057723,-0.00022455222805369557],[-0.0002402202170914254,0.00018416783489886787,0.0002843164023179552]]
[[0.000049716589939429294,0.000039374973555282106,-0.00005932453971063063],[0.0001891194236170977,-0.00022235552698031134,-0.0002233770610381967],[-0.00023883601355652697,0.00018298055342502923,0.0002827016007488273]]
[[0.000049338679708229745,0.000039075621814319735,-0.00005888974786021692],[0.00018812575194270594,-0.0002208806746368273,-0.00022221155609011145],[-0.00023746443165093567,0.00018180505282250757,0.00028110130395032836]]
[[0.00004896507174296819,0.00003877966607308461,-0.000058459727763201343],[0.00018714024106432486,-0.00021942084138576126,-0.00022105560478091256],[-0.00023610531280729305,0.00018064117531267664,0.0002795153325441139]]
[[0.000048595700891901475,0.00003848705520080484,-0.000058034409765305034],[0.00018616280011181716,-0.00021797582097544618,-0.0002199091002185802],[-0.00023475850100371863,0.00017948876577464134,0.00027794350998388526]]
[[0.00004823050323310221,0.000038197739024838694,-0.00005761372547949218],[0.00018519333948089413,-0.00021654541071618758,-0.00021877193702144544],[-0.00023342384271399637,0.0001783476716913489,0.0002763856625009376]]
[[0.00004786941604668858,0.00003791166830921917,-0.00005719760775839321],[0.00018423177081222205,-0.00021512941140619486,-0.0002176440112925491],[-0.00023210118685891063,0.00017721774309697568,0.00027484161905094235]]
[[0.000047512377787783575,0.00003762879473375687,-0.00005678599066742564],[0.0001832780069709205,-0.00021372762725931413,-0.0002165252205945065],[-0.00023079038475870407,0.00017609883252555725,0.00027331121126193214]]
[[0.00004715932806018141,0.00003734907087368462,-0.000056378809458592624],[0.00018233196202644347,-0.00021233986583451072,-0.00021541546392486496],[-0.00022949129008662488,0.0001749907949608261,0.0002717942733834576]]
[[0.00004681020759070028,0.0000370724501798277,-0.0000559760005449395],[0.000181393551232836,-0.00021096593796705334,-0.00021431464169194484],[-0.00022820375882353627,0.00017389348778722562,0.00027029064223688435]]
[[0.0000464649582042009,0.00003679888695928451,-0.000055577501475649695],[0.00018046269100935802,-0.00020960565770135223,-0.0002132226556911506],[-0.00022692764921355892,0.0001728067707420677,0.0002688001571668003]]
[[0.000046123522799251344,0.00003652833635660239,-0.00005518325091176173],[0.00017953929892146992,-0.0002082588422254085,-0.00021213940908174612],[-0.00022566282172072126,0.0001717305058688061,0.00026732265999350783]]
[[0.000045785845324418993,0.00003626075433543443,-0.00005479318860248968],[0.00017862329366216944,-0.00020692531180682618,-0.00021106480636407912],[-0.00022440913898658842,0.00017066455747139175,0.0002658579949665688]]
[[0.00004545187075517127,0.00003599609766066314,-0.00005440725536213004],[0.00017771459503367558,-0.00020560488973034855,-0.0002099987533572484],[-0.00022316646578884685,0.00016960879206968541,0.0002644060087193784]]
[[0.00004512154507136732,0.00003573432388097741,-0.000054025393047538315],[0.00017681312392945107,-0.00020429740223687395,-0.000208941157177202],[-0.00022193466900081839,0.00016856307835589652,0.00026296655022474034]]
[[0.000044794815235323345,0.000035475391311889814,-0.00005364754453615959],[0.00017591880231655627,-0.000203002678463913,-0.00020789192621525836],[-0.00022071361755187963,0.0001675272871520232,0.00026153947075141797]]
[[0.00004447162917043514,0.000035219259019181527,-0.0000532736537045973],[0.0001750315532183298,-0.00020172055038744822,-0.00020685097011704075],[-0.00021950318238876494,0.0001665012913682667,0.00026012462382163804]]
[[0.00004415193574034151,0.00003496588680276249,-0.00005290366540770538],[0.000174151300697386,-0.00020045085276515642,-0.00020581819976181554],[-0.0002183032364377275,0.00016548496596239392,0.00025872186516952094]]
[[0.00004383568472861295,0.00003471523518093511,-0.00005253752545818902],[0.000173277969838926,-0.00019919342308095912,-0.00020479352724222535],[-0.00021711365456753893,0.000164478187900024,0.00025733105270041437]]
[[0.000043522826818950905,0.00003446726537505007,-0.0000521751806067003],[0.00017241148673435456,-0.0001979481014908656,-0.0002037768658444106],[-0.00021593431355330545,0.00016348083611581553,0.0002559520464511109]]
[[0.00004321331357588233,0.00003422193929454278,-0.000051816578522414564],[0.00017155177846519631,-0.00019671473077007237,-0.00020276813002850804],[-0.00021476509204107865,0.0001624927914755296,0.0002545847085509226]]
[[0.00004290709742593615,0.00003397921952234023,-0.00005146166777407477],[0.00017069877308730587,-0.00019549315626128698,-0.00020176723540952032],[-0.00021360587051324202,0.00016151393673894678,0.0002532289031835951]]
[[0.000042604131639287186,0.00003373906930062723,-0.00005111039781149051],[0.00016985239961536647,-0.00019428322582424454,-0.00020077409873854813],[-0.00021245653125465363,0.0001605441565236173,0.0002518844965500386]]
[[0.0000423043703118551,0.00003350145251696257,-0.00005076271894747973],[0.00016901258800767002,-0.00019308478978638334,-0.000199788637884377],[-0.00021131695831952513,0.00015958333726942079,0.0002505513568318567]]
[[0.00004200776834784484,0.00003326633369073476,-0.0000504185823402408],[0.00016817926915117348,-0.00019189770089465038,-0.00019881077181540993],[-0.00021018703749901835,0.0001586313672039156,0.0002492293541556507]]
[[0.00004171428144271652,0.000033033677959948225,-0.000050077939976143256],[0.00016735237484682663,-0.0001907218142684074,-0.00019784042058194123],[-0.00020906665628954316,0.0001576881363084592,0.0002479183605580845]]
[[0.00004142386606657274,0.000032803451068330695,-0.00004974074465292616],[0.00016653183779516555,-0.0001895569873534089,-0.00019687750529876228],[-0.0002079557038617383,0.00015675353628507818,0.00024661824995168846]]
[[0.00004113647944795141,0.00003257561935275283,-0.0000494069499632926],[0.00016571759158216527,-0.00018840307987682232,-0.00019592194812809245],[-0.00020685407103011665,0.0001558274605240695,0.00024532889809138507]]
[[0.000040852079558013173,0.00003235014973095158,-0.00004907651027889023],[0.00016490957066534796,-0.00018725995380326557,-0.00019497367226282752],[-0.00020576165022336113,0.000154909804072314,0.00024405018254171777]]
[[0.00004057062509511214,0.00003212700968954887,-0.00004874938073466713],[0.00016410771036014156,-0.00018612747329183518,-0.00019403260191010234],[-0.00020467833545525368,0.0001540004636022863,0.00024278198264476945]]
[[0.000040292075469739554,0.000031906167272357474,-0.000048425517213593065],[0.00016331194682648234,-0.00018500550465409802,-0.00019309866227515597],[-0.0002036040222962219,0.00015309933738174054,0.00024152417948874902]]
[[0.00004001639078983008,0.00003168759106896635,-0.00004810487633173649],[0.000162522217055658,-0.0001838939163130237,-0.00019217177954549696],[-0.00020253860784548807,0.00015220632524405735,0.00024027665587723345]]
[[0.000039743531846420686,0.000031471250203597726,-0.000047787415423687795],[0.00016173845885738604,-0.00018279257876283264,-0.00019125188087536088],[-0.00020148199070380672,0.0001513213285592349,0.00023903929629904866]]
[[0.00003947346009965268,0.000031257114324228736,-0.00004747309252831974],[0.00016096061084712283,-0.0001817013645297369,-0.00019033889437045396],[-0.0002004340709467755,0.00015044425020550815,0.00023781198689877368]]
[[0.000039206137665107155,0.000031045153591970094,-0.00004716186637487586],[0.00016018861243359832,-0.00018062014813355,-0.00018943274907297703],[-0.00019939475009870546,0.00014957499454157992,0.00023659461544785288]]
[[0.00003894152730046537,0.00003083533867069543,-0.00004685369636937887],[0.00015942240380657267,-0.00017954880605014565,-0.00018853337494692434],[-0.00019836393110703805,0.00014871346737945022,0.00023538707131630322]]
[[0.00003867959239248465,0.00003062764071691406,-0.00004654854258135002],[0.00015866192592480993,-0.00017848721667474164,-0.00018764070286365062],[-0.0001973415183172946,0.00014785957595782757,0.00023418924544500066]]
