[[0.09306703295263113,-0.04868687604653362,0.2347428235406046],[0.1738332946996423,-0.040439957507686114,-0.139817946980432],[-0.26690032765227345,0.08912683355421974,-0.0949248765601726]]
[[0.08418486428487884,-0.04599152036674412,0.24264723216674736],[0.16857996867505426,-0.058676085047804645,-0.13633611053947559],[-0.25276483295993313,0.10466760541454877,-0.10631112162727177]]
[[0.07488738429821994,-0.042683152266817515,0.2500669880907542],[0.16182642632648123,-0.07503959485066125,-0.13287835400597792],[-0.23671381062470115,0.11772274711747877,-0.11718863408477632]]
[[0.06517096725496618,-0.03880345519186338,0.2568716282683814],[0.15435464171388186,-0.08950073569186301,-0.12953587349840082],[-0.21952560896884804,0.12830419088372638,-0.1273357547699806]]
[[0.05503836783252079,-0.034412857769228936,0.2629213243118007],[0.14684168929276384,-0.10221504855061621,-0.12628362101324891],[-0.20188005712528462,0.13662790631984514,-0.13663770329855182]]
[[0.0445010022228423,-0.0295930879384507,0.26806774692835034],[0.13980340671745278,-0.11344468526830317,-0.12299855508365078],[-0.1843044089402951,0.14303777320675387,-0.14506919184469952]]
[[0.033581682706471105,-0.02445036040071838,0.2721559608747133],[0.13357712422128243,-0.12348364772409895,-0.1194878965979914],[-0.16715880692775353,0.14793400812481733,-0.15266806427672192]]
[[0.022317510648548283,-0.0191188875597329,0.27502806278549563],[0.12833202756246526,-0.13259913289926914,-0.1155199736755831],[-0.15064953821101357,0.15171802045900204,-0.15950808910991257]]
[[0.010762480362449367,-0.01376406507066169,0.2765292045871789],[0.12409442651092971,-0.14099271993831775,-0.110853381399586],[-0.1348569068733791,0.15475678500897944,-0.16567582318759286]]
[[-0.001010805078353133,-0.008584343513304143,0.2765164091668599],[0.12077813286153885,-0.14877989352885274,-0.10526298207299248],[-0.11976732778318572,0.1573642370421569,-0.1712534270938674]]
[[-0.01291102198684426,-0.0038105169865648714,0.27487014910957086],[0.1182143022337491,-0.1559844198918061,-0.09856283897450285],[-0.10530328024690484,0.15979493687837096,-0.176307310135068]]
[[-0.024830357524879554,0.0002989673764327433,0.2715080110019701],[0.11617860190261003,-0.1625441956734484,-0.09062645947042171],[-0.09134824437773048,0.16224522829701565,-0.1808815515315484]]
[[-0.03664967657661385,0.003467919894114907,0.26639895435589844],[0.11441573033272326,-0.1683260621910177,-0.0814040940194139],[-0.07776605375610941,0.1648581422969028,-0.18499486033648455]]
[[-0.04824682882271189,0.005418214840524585,0.2595758441527597],[0.11266213438942575,-0.17314777744672538,-0.07093580770201537],[-0.06441530556671386,0.1677295626062008,-0.18864003645074434]]
[[-0.0595076561911318,0.00589113410268477,0.2511433541646994],[0.11066755320508896,-0.1768054016177371,-0.05935814017520579],[-0.05115989701395716,0.17091426751505234,-0.19178521398949364]]
[[-0.07033844365168569,0.004672478576982608,0.24127833954824],[0.1082151747256033,-0.1791037436229813,-0.04690188442906654],[-0.037876731073917605,0.17443126504599868,-0.19437645511917345]]
[[-0.0806777789782606,0.0016182006966763696,0.23022063931434747],[0.10513917674897229,-0.17988655345681587,-0.03387918836126499],[-0.024461397770711695,0.1782683527601395,-0.19634145095308247]]
[[-0.09050535406709218,-0.003323738563226236,0.21825403117589257],[0.10133769722059541,-0.17906237515631646,-0.020659868585200667],[-0.010832343153503227,0.1823861137195427,-0.1975941625906919]]
[[-0.09984543380659405,-0.010099690148413637,0.20567938183792542],[0.09677920980341373,-0.17662197450910294,-0.007639164211289337],[0.0030662240031803217,0.1867216646575166,-0.1980402176266361]]
[[-0.10876364057879664,-0.018548090846582932,0.19278421549535127],[0.09150101886190821,-0.17264436118032997,0.004798586070303954],[0.017262621716888436,0.1911924520269129,-0.19758280156565522]]
[[-0.11735716442879154,-0.028409770953902264,0.17981415084670654],[0.08559996118939338,-0.16729052009248307,0.016314543252618392],[0.031757203239398166,0.19570029104638534,-0.19612869409932493]]
[[-0.12574005930590154,-0.03934923875332666,0.1669513929882642],[0.07921695284716804,-0.1607864654862398,0.02664264641255489],[0.046523106458733504,0.20013570423956645,-0.1935940394008191]]
[[-0.13402639534767768,-0.050983160131428035,0.15430374381214287],[0.07251819562453662,-0.1533993182225999,0.03560569287904909],[0.06150819972314107,0.20438247835402792,-0.18990943669119195]]
[[-0.14231434563316842,-0.06291113333111004,0.14190502872886754],[0.06567626440183416,-0.14541112030938638,0.043118972389618954],[0.07663808123133424,0.20832225364049642,-0.1850240011184865]]
[[-0.15067376128966456,-0.07474407819672231,0.12972532737876824],[0.058853866971966394,-0.13709482796590378,0.04918283585093475],[0.09181989431769816,0.2118389061626261,-0.178908163229703]]
[[-0.15913870878491257,-0.08612683859278605,0.11768770094942269],[0.052192051993510194,-0.1286956469300532,0.053867420270367485],[0.10694665679140238,0.21482248552283928,-0.17155512121979016]]
[[-0.16770522795258086,-0.09675335344428011,0.1056875571521115],[0.04580344552502374,-0.12041916351740993,0.05729344568602677],[0.12190178242755713,0.21717251696169004,-0.16298100283813827]]
[[-0.1763335843580981,-0.1063743964812967,0.09361125320642513],[0.03977008822348669,-0.11242615351639235,0.059612654940935865],[0.13656349613461138,0.21880054999768905,-0.15322390814736098]]
[[-0.18495372519462808,-0.1147990384248971,0.08135159406072187],[0.03414482479956889,-0.10483287757884574,0.06099048235626284],[0.15080890039505918,0.21963191600374282,-0.1423420764169847]]
[[-0.19347250885201123,-0.12189153995169674,0.068819082038473],[0.028954984909436755,-0.09771518861886903,0.061592366346944295],[0.16451752394257446,0.2196067285705658,-0.1304114483854173]]
[[-0.201781449758901,-0.1275654353935992,0.05594878496355308],[0.02420719021298138,-0.09111477834253079,0.061574100961080104],[0.17757425954591963,0.21868021373613,-0.11752288592463318]]
[[-0.20976405054753483,-0.13177630266242765,0.0427033614010764],[0.01989238532817207,-0.08504618636757487,0.06107591486377546],[0.18987166521936277,0.2168224890300025,-0.10377927626485187]]
[[-0.21730215461386782,-0.13451431793049004,0.02907310999759457],[0.015990498668390276,-0.07950360445002705,0.06021958941271485],[0.20131165594547754,0.2140179223805171,-0.08929269941030941]]
[[-0.2242810633026976,-0.13579729565555584,0.015073973130242724],[0.012474414188954846,-0.07446690283962883,0.05910781213596143],[0.21180664911374275,0.21026419849518466,-0.07418178526620416]]
[[-0.2305933891619885,-0.1356645861114617,0.0007443245044556623],[0.009313141766868625,-0.06990662031627878,0.05782501384209193],[0.22128024739511987,0.2055712064277405,-0.058569338346547595]]
[[-0.23614175826696052,-0.13417196627790562,-0.013858805588666707],[0.0064742078593885925,-0.06578787612498659,0.056439072376436875],[0.22966755040757192,0.19995984240289222,-0.042580266787770174]]
[[-0.24084054567211022,-0.13138750963793813,-0.02866360342319152],[0.0039253610849006035,-0.062073290689364985,0.055003423809870555],[0.23691518458720962,0.19346080032730312,-0.026339820386679036]]
[[-0.24461684901358982,-0.1273883375072349,-0.04358714831742201],[0.0016357166654402894,-0.05872506388351785,0.053559267814015876],[0.24298113234814953,0.18611340139075278,-0.009972119496593858]]
[[-0.2474108951087934,-0.12225811824031099,-0.05853873073257714],[-0.00042353446980020713,-0.05570637711224466,0.052137672612736954],[0.2478344295785936,0.17796449535255565,0.006401058119840191]]
[[-0.24917604780041364,-0.11608517332188813,-0.07342274626771973],[-0.0022787390445867875,-0.05298227699308404,0.050761472900975546],[0.2514547868450004,0.16906745031497217,0.022661273366744183]]
[[-0.24987855234792428,-0.10896105791839991,-0.08814116300806156],[-0.0039536234757827,-0.05052017733213157,0.049446914593888364],[0.253832175823707,0.15948123525053148,0.038694248414173196]]
[[-0.24949711855107287,-0.1009794993328167,-0.10259559701385554],[-0.0054692908580393565,-0.04829009083732297,0.04820503881057744],[0.2549664094091122,0.1492695901701397,0.0543905582032781]]
[[-0.24802241481720363,-0.09223559485092336,-0.11668904922033842],[-0.006844317417401642,-0.046264677452155026,0.04704281996399487],[0.25486673223460526,0.13850027230307838,0.06964622925634356]]
[[-0.24545652000995735,-0.08282518798146,-0.13032736264009223],[-0.008094908282052787,-0.044419174659418026,0.045964084286248305],[0.2535514282920101,0.12724436264087804,0.08436327835384393]]
[[-0.2418123594896194,-0.07284435789529188,-0.14342045616873053],[-0.00923508458815881,-0.04273125740166213,0.04497023950310914],[0.25104744407777824,0.11557561529695401,0.0984502166656214]]
[[-0.23711313604478418,-0.06238897065504069,-0.1558833838830726],[-0.010276883211360164,-0.041180861344911404,0.04406084652462955],[0.24739001925614434,0.1035698319999521,0.11182253735844304]]
[[-0.23139175494115594,-0.051554252734490366,-0.16763725884685465],[-0.01123055724096134,-0.03974999262068177,0.043234061872239216],[0.24262231218211727,0.09130424535517213,0.12440319697461542]]
[[-0.2246902345327817,-0.04043435767073806,-0.17861006969070153],[-0.01210477018162922,-0.03842253932379149,0.0424869763579211],[0.23679500471441092,0.07885689699452955,0.13612309333278044]]
[[-0.2170590892771309,-0.02912190580843852,-0.1887374076594185],[-0.012906780221974804,-0.0371840943273634,0.04181587201757764],[0.22996586949910572,0.06630600013580193,0.14692153564184085]]
[[-0.20855667010918985,-0.017707485263807853,-0.19796311211142348],[-0.013642613123977214,-0.036021794879553655,0.04121641589477018],[0.22219928323316707,0.05372928014336151,0.1567466962166533]]
[[-0.19924844755670548,-0.006279109641624153,-0.20623983407370688],[-0.014317223658180972,-0.0349241815409234,0.0406838061733415],[0.21356567121488645,0.04120329118254755,0.1655560279003654]]
[[-0.189206225349317,0.005078365237003338,-0.21352951071592252],[-0.014934646264627514,-0.03388107697441594,0.040212883436054225],[0.2041408716139445,0.028802711737412605,0.1733166272798683]]
[[-0.17850727622862414,0.016283857310301,-0.21980373872345751],[-0.015498135930613794,-0.03288348366482586,0.0397982174730903],[0.19400541215923792,0.01659962635452486,0.1800055212503672]]
[[-0.167233396831177,0.02726069343344493,-0.22504403165454154],[-0.016010300273811416,-0.03192349864689057,0.039434178032048295],[0.18324369710498842,0.004662805213445642,0.18560985362249324]]
[[-0.15546988449009214,0.03793724590520546,-0.22924194551298518],[-0.01647322360373535,-0.03099424264412285,0.03911499612859384],[0.17194310809382748,-0.0069430032610826135,0.19012694938439134]]
[[-0.14330444514796764,0.04824754938226844,-0.2323990579186489],[-0.016888583387137585,-0.03008980059211225,0.03883482096428937],[0.16019302853510523,-0.018157748790156192,0.19356423695435954]]
[[-0.1308260478318332,0.05813187532748975,-0.23452678927356774],[-0.017257759132202084,-0.029205170300123404,0.03858777607691384],[0.14808380696403528,-0.028926705027366346,0.1959390131966539]]
[[-0.11812374684034779,0.06753724069661317,-0.23564605895490465],[-0.017581933292667797,-0.02833621597392061,0.038368017047546915],[0.1357056801330156,-0.039201024722692566,0.19727804190735773]]
[[-0.10528549748621718,0.07641782862317495,-0.23578677546040688],[-0.017862183429567816,-0.027479623471757465,0.03816979189619955],[0.123147680915785,-0.04893820515141749,0.19761698356420734]]
[[-0.09239699453173124,0.08473530138788313,-0.23498716613647735],[-0.018099564600852807,-0.026632854486756424,0.03798750422119775],[0.11049655913258404,-0.0581024469011267,0.1969996619152796]]
[[-0.07954056405522615,0.0924589898258413,-0.2332929591131937],[-0.01829518081342707,-0.02579409732906979,0.03781577819989239],[0.09783574486865322,-0.06666489249677152,0.19547718091330132]]
[[-0.06679413922029262,0.09956594829539957,-0.23075643680394134],[-0.0184502443905631,-0.0249622125961229,0.0376495238025101],[0.08524438361085572,-0.07460373569927667,0.19310691300143124]]
[[-0.054230348265577766,0.10604087007525866,-0.22743538626499957],[-0.018566122286764013,-0.024136672731787833,0.03748400001245121],[0.07279647055234179,-0.08190419734347083,0.18995138625254834]]
[[-0.04191573912545467,0.11187586417258745,-0.22339197638260933],[-0.01864436871077752,-0.023317495236246873,0.037314873524706575],[0.06056010783623219,-0.08855836893634059,0.18607710285790274]]
[[-0.029910159712205307,0.11707010058241762,-0.21869159490173884],[-0.018686743867267354,-0.02250517003983449,0.03713827032559193],[0.04859690357947266,-0.09456493054258314,0.1815533245761469]]
[[-0.01826630644102619,0.12162933661377058,-0.21340167951614153],[-0.018695219155761417,-0.021700582236050384,0.03695081773892042],[0.03696152559678761,-0.0999287543777202,0.1764508617772211]]
[[-0.007029446542828685,0.12556534161627494,-0.20759057655021643],[-0.01867196971953392,-0.020904931925672447,0.03674967493154754],[0.025701416262362605,-0.10466040969060249,0.17084090161866888]]
[[0.003762687399714499,0.12889524101216873,-0.20132645828932078],[-0.01861935576163523,-0.02011965331170472,0.03653255045957794],[0.014856668361920733,-0.10877558770046403,0.16479390782974285]]
[[0.014079838946603184,0.13164080278121362,-0.19467632601061235],[-0.01853989448898452,-0.019346335377413496,0.036297706143627706],[0.004460055542381339,-0.11229446740380014,0.15837861986698465]]
[[0.023899019421399027,0.13382769039897505,-0.18770512059600614],[-0.018436224867345592,-0.01858664647109854,0.036043947316296246],[-0.005462794554053433,-0.11524104392787651,0.15166117327970988]]
[[0.03320416842616754,0.13548470574795243,-0.18047495670399294],[-0.018311067544288996,-0.01784226492626561,0.035770600215586784],[-0.01489310088187854,-0.11764244082168682,0.14470435648840616]]
[[0.04198570531968287,0.13664304386306111,-0.17304449028874164],[-0.018167182315454965,-0.01711481749695295,0.03547747794030284],[-0.023818523004227904,-0.11952822636610816,0.13756701234843877]]
[[0.05023999559007494,0.1373355787704191,-0.16546842320844227],[-0.018007325380124128,-0.01640582693004352,0.03516483688795017],[-0.03223267020995081,-0.12092975184037558,0.1303035863204921]]
[[0.057968756526143396,0.13759619640853518,-0.15779714312353244],[-0.0178342083781094,-0.015716669480399036,0.034833325931848076],[-0.040134548148033994,-0.12187952692813615,0.12296381719168435]]
[[0.06517842582566326,0.13745918697446755,-0.15007649212564012],[-0.017650460854050323,-0.015048542650944751,0.034483930751749964],[-0.047527964971612935,-0.1224106443235228,0.11559256137389014]]
[[0.07187951499495883,0.13695870529024384,-0.14234765373730893],[-0.017458597394867017,-0.014402442952578174,0.03411791571977231],[-0.05442091760009181,-0.12255626233766567,0.10822973801753663]]
[[0.0780859668523304,0.13612830417606792,-0.1346471451600334],[-0.017260990268788086,-0.013779153061955773,0.03373676558431258],[-0.06082497658354231,-0.12234915111411215,0.10091037957572081]]
[[0.08381453341923756,0.13500054253498883,-0.12700689991507377],[-0.017059847993112335,-0.013179237430649457,0.033342128922319414],[-0.06675468542612521,-0.12182130510433939,0.09366477099275436]]
[[0.08908418722341012,0.1336066670299223,-0.11945442523855018],[-0.016857199898733126,-0.012603045176406341,0.03293576498276278],[-0.07222698732467699,-0.12100362185351594,0.08651866025578742]]
[[0.09391557577019516,0.13197636394265905,-0.11201301863001456],[-0.016654886460054072,-0.012050718964994683,0.03251949515915064],[-0.07726068931014109,-0.11992564497766438,0.07949352347086391]]
[[0.09833052584121538,0.1301375760694193,-0.10470202865362667],[-0.01645455492837429,-0.011522208559644288,0.03209515994008653],[-0.08187597091284109,-0.11861536750977501,0.07260686871354013]]
[[0.10235160148297898,0.12811637831078576,-0.09753714628464805],[-0.016257659646700732,-0.01101728775906412,0.031664581821248414],[-0.08609394183627823,-0.11709909055172164,0.06587256446339963]]
[[0.10600171713505892,0.1259369049070071,-0.09053071461783363],[-0.016065466329876103,-0.010535573546313124,0.031229534339208626],[-0.08993625080518282,-0.11540133136069397,0.059301180278625]]
[[0.109303805357994,0.12362132098458214,-0.08369204646133714],[-0.01587905955739316,-0.010076546410867587,0.03079171711894104],[-0.09342474580060085,-0.11354477457371456,0.052900329342396094]]
[[0.11228053706027326,0.12118983113872211,-0.07702774110589855],[-0.015699352736481688,-0.009639570967919115,0.030352736617552403],[-0.09658118432379156,-0.111550260170803,0.04667500448834615]]
[[0.11495409097020201,0.11866071809897423,-0.07054199328641367],[-0.015527099838416571,-0.009223916167661727,0.02991409209606482],[-0.09942699113178544,-0.1094368019313125,0.04062790119034885]]
[[0.11734596831246519,0.11605040503645578,-0.06423688896973556],[-0.015362908280348527,-0.008828774551635051,0.02947716625427546],[-0.10198306003211666,-0.10722163048482072,0.0347597227154601]]
[[0.11947684818043441,0.1133735357034939,-0.05811268406107019],[-0.015207252408382584,-0.008453280164872935,0.029043219913580602],[-0.10426959577205183,-0.10492025553862096,0.029069464147489586]]
[[0.12136647888884927,0.11064306729318775,-0.05216806339470842],[-0.015060487126896309,-0.00809652486645789,0.028613390120672245],[-0.10630599176195296,-0.10254654242672986,0.023554673274036174]]
[[0.12303360059280805,0.10787037162190373,-0.046400378452961716],[-0.014922861307819696,-0.0077575728944500825,0.02818869106244663],[-0.10811073928498835,-0.10011279872745366,0.01821168739051509]]
[[0.12449589461698839,0.10506534093736865,-0.04080586314266213],[-0.014794530697208336,-0.007435473633413076,0.02777001722105238],[-0.10970136391978005,-0.09762986730395558,0.013035845921609755]]
[[0.1257699552082925,0.10223649531417082,-0.0353798276630605],[-0.014675570111947318,-0.007129272604734949,0.02735814825045121],[-0.1110943850963452,-0.09510722270943588,0.008021679412609284]]
[[0.12687127976700172,0.09939108920103532,-0.03011683103975793],[-0.014565984785176633,-0.006838020753452807,0.02695375511605933],[-0.1123052949818251,-0.0925530684475825,0.003163075923698598]]
[[0.12781427399436202,0.09653521522116373,-0.0250108332968864],[-0.0144657207744226,-0.0065607821426946974,0.026557407102137595],[-0.11334855321993942,-0.08997443307846903,-0.0015465738052511911]]
[[0.12861226879333185,0.0936739037946519,-0.02005532851561972],[-0.014374674391612862,-0.006296640190745405,0.026169579353957223],[-0.11423759440171899,-0.0873772636039065,-0.0061142508383375]]
[[0.1292775461551818,0.09081121755107219,-0.015243460202352045],[-0.014292700649820037,-0.006044702598699934,0.02579066068081865],[-0.11498484550536177,-0.08476651495237227,-0.010547200478466606]]
[[0.12982137164416416,0.08795033983409005,-0.010568120484230753],[-0.014219620748710053,-0.005804105121097485,0.02542096140007998],[-0.1156017508954541,-0.08214623471299257,-0.014852840915849225]]
[[0.1302540314464659,0.08509365687373009,-0.006022034680898854],[-0.014155228640410605,-0.005574014329972175,0.02506072105052857],[-0.1160988028060553,-0.07951964254375792,-0.019038686369629715]]
[[0.13058487227255083,0.0822428334218694,-0.0015978327847395932],[-0.014099296731042696,-0.005353629516246497,0.024710115845328572],[-0.11648557554150815,-0.07688920390562291,-0.02311228306058898]]
[[0.1308223426909962,0.07939888181941965,0.0027118906692638256],[-0.014051580781614652,-0.005142183862845092,0.024369265770436417],[-0.11677076190938157,-0.07425669795657455,-0.027081156439700244]]
[[0.13097403472634472,0.076562224596162,0.006914526937875403],[-0.014011824076407229,-0.004938945012530437,0.024038241264106447],[-0.1169622106499375,-0.07162327958363157,-0.030952768201981846]]
[[0.13104672477408805,0.0737327508027013,0.01101741229187845],[-0.013979760928305026,-0.004743215141197481,0.02371706943740014],[-0.11706696384578302,-0.06898953566150381,-0.03473448172927859]]
[[0.13104641307449083,0.0709098663444052,0.015027794907893135],[-0.013955119589546282,-0.0045543306349120575,0.023405739815049238],[-0.11709129348494454,-0.06635553570949314,-0.03843353472294238]]
[[0.13097836114597133,0.06809253863478949,0.01895280831189197],[-0.013937624633730945,-0.004371661456841206,0.023104209591225385],[-0.1170407365122404,-0.06372087717794829,-0.042057017903117354]]
[[0.1308471267109623,0.06527933591526575,0.022799450355680664],[-0.013926998871184298,-0.004194610278744373,0.022812408406351715],[-0.11692012783977798,-0.06108472563652138,-0.04561185876203237]]
[[0.13065659575548577,0.062468461603521416,0.026574566802350312],[-0.013922964855349208,-0.004022611441087648,0.02253024265963689],[-0.11673363090013655,-0.05844585016243377,-0.0491048094619872]]
[[0.13041001145098152,0.05965778403750039,0.030284838684983318],[-0.01392524603310574,-0.0038551297962262547,0.022257599378050354],[-0.11648476541787578,-0.05580265424127413,-0.05254243806303367]]
[[0.1301099997359912,0.056844861978897945,0.033936772683304105],[-0.013933567587044941,-0.0036916594805181,0.021994349666462455],[-0.11617643214894624,-0.05315320249837985,-0.055931122349766556]]
[[0.12975859140870458,0.05402696623171144,0.03753669383462459],[-0.013947657012938128,-0.0035317226536759326,0.021740351766056466],[-0.11581093439576644,-0.050495243578035504,-0.059277045600681054]]
[[0.1293572406214886,0.05120109771970808,0.04109073995784324],[-0.013967244471075117,-0.003374868237094546,0.02149545374923279],[-0.11538999615041347,-0.04782622948261353,-0.06258619370707603]]
[[0.12890683969747763,0.048364002353370246,0.04460485722219089],[-0.013992062945882575,-0.003220670677235495,0.021259495879364383],[-0.11491477675159505,-0.045143331676134754,-0.06586435310155528]]
[[0.12840773020902638,0.0455121830033382,0.048084796335827025],[-0.014021848244333045,-0.003068728755335225,0.02103231266317241],[-0.11438588196469335,-0.04244345424800298,-0.06911710899899944]]
[[0.12785971027002968,0.042641908884776224,0.05153610886335437],[-0.014056338860145345,-0.0029186644606356746,0.020813734622369587],[-0.11380337140988432,-0.03972324442414055,-0.07234984348572396]]
[[0.12726203800032782,0.03974922264643575,0.05496414320594895],[-0.014095275727672142,-0.0027701219409310626,0.020603589809728942],[-0.11316676227265568,-0.03697910070550469,-0.0755677330156779]]
[[0.12661343112203433,0.03682994545037475,0.05837403979324356],[-0.014138401886667963,-0.0026227665413928007,0.02040170509300258],[-0.11247502923536636,-0.03420717890898194,-0.07877574488624614]]
[[0.12591206264591978,0.03387968032412873,0.06177072504246792],[-0.014185462076822346,-0.0024762839402930627,0.020207907228239973],[-0.11172660056909745,-0.03140339638383567,-0.08197863227070788]]
[[0.1251555526021653,0.030893814067398606,0.06515890363772157],[-0.014236202279011928,-0.0023303793883172135,0.02002202374211342],[-0.11091935032315335,-0.028563434679081394,-0.085180927379835]]
[[0.12434095576503723,0.027867518000817368,0.06854304867066399],[-0.014290369218653926,-0.0021847770565628635,0.01984388364090949],[-0.1100505865463833,-0.025682740944254507,-0.08838693231157348]]
[[0.12346474531652114,0.02479574785590663,0.07192738916331971],[-0.014347709845309975,-0.0020392194970001143,0.01967331796193094],[-0.10911703547121117,-0.022756528358906514,-0.09160070712525066]]
[[0.12252279239094194,0.021673243123840995,0.07531589446403288],[-0.014407970801773317,-0.001893467218050684,0.019510160181207475],[-0.10811482158916862,-0.01977977590579031,-0.09482605464524034]]
[[0.1215103414424684,0.018494526207104837,0.07871225496872979],[-0.014470897895251418,-0.0017472983769739458,0.019354246489657757],[-0.10703944354721699,-0.01674722783013089,-0.09806650145838754]]
[[0.12042198138171364,0.015253901753688353,0.08211985857141006],[-0.014536235582909837,-0.0016005085898707179,0.01920541594819601],[-0.1058857457988038,-0.013653393163817636,-0.10132527451960607]]
[[0.11925161243820472,0.01194545659942038,0.08554176219001641],[-0.014603726483949865,-0.0014529108592786781,0.01906351053074717],[-0.10464788595425485,-0.010492545740141702,-0.10460527272076359]]
[[0.11799240872445213,0.00856306080184518,0.08898065764642522],[-0.014673110930531644,-0.0013043356184874253,0.0189283750627334],[-0.10331929779392048,-0.007258725183357754,-0.10790903270915862]]
[[0.11663677650725837,0.005100370320395016,0.09243883110222785],[-0.014744126570203853,-0.0011546308907983928,0.01879985706132988],[-0.10189264993705452,-0.003945739429596623,-0.11123868816355773]]
[[0.11517630823584364,0.001550831984377408,0.09591811516539402],[-0.01481650803303816,-0.0010036625609488893,0.01867780648266694],[-0.10035980020280548,-0.0005471694234285188,-0.11459592164806096]]
[[0.11360173243805301,-0.002092308505407496,0.09941983268725324],[-0.01488998667736563,-0.0008513147547648447,0.018562075380186602],[-0.09871174576068738,0.0029436232601723405,-0.11798190806743984]]
[[0.11190285967981904,-0.005835994671451658,0.10294473116534508],[-0.014964290428844892,-0.0006974903217586665,0.018452517477553967],[-0.09693856925097415,0.006533484993210325,-0.12139724864289905]]
[[0.11006852489456957,-0.009687342434244054,0.10649290655699373],[-0.015039143728524908,-0.0005421114138030893,0.018348987658890575],[-0.09502938116604466,0.010229453848047142,-0.1248418942158843]]
[[0.10808652653484452,-0.01365361717889459,0.11006371519320571],[-0.01511426760655837,-0.00038512015114638206,0.018251341378650594],[-0.09297225892828616,0.014038737330040973,-0.1283150565718563]]
[[0.10594356318568299,-0.017742203326461245,0.11365567236601229],[-0.015189379899229482,-0.0002264793648480075,0.018159433993221674],[-0.0907541832864535,0.017968682691309253,-0.13181510635923396]]
[[0.10362516851742064,-0.021960564793277588,0.11726633604948772],[-0.015264195627924016,-0.0000661734021695263,0.018073120016319714],[-0.08836097288949663,0.022026738195447117,-0.13533945606580744]]
[[0.10111564575499705,-0.02631619445954545,0.12089217411212458],[-0.015338427559524408,0.00009579102147935667,0.017992252300487503],[-0.08577721819547264,0.026220403438066097,-0.1388844264126121]]
[[0.09839800321395598,-0.03081655047224962,0.12452841329527517],[-0.015411786968375737,0.0002593839437903755,0.017916681147528174],[-0.08298621624558024,0.030557166528459245,-0.14244509444280334]]
[[0.09545389291398607,-0.03546897687650706,0.12816886818141787],[-0.01548398462034645,0.00042455127353381225,0.017846253351538773],[-0.07996990829363962,0.03504442560297325,-0.14601512153295662]]
[[0.0922635548447007,-0.040280605704901044,0.13180574837356385],[-0.015554731999488465,0.0005912139330074687,0.017780811179389847],[-0.07670882284521223,0.039689391771893574,-0.1495865595529537]]
[[0.08880577014242826,-0.0452582372597964,0.13542944217468864],[-0.015623742797257228,0.0007592670573268895,0.017720191295060618],[-0.07318202734517103,0.04449897020246951,-0.15314963346974925]]
[[0.08505782725905658,-0.05040819490630469,0.13902827522131528],[-0.015690734683036937,0.0009285792879215704,0.017664223636219657],[-0.06936709257601965,0.04947961561838312,-0.15669249885753495]]
[[0.08099550618251694,-0.055736150265690336,0.1425882428233814],[-0.01575543137266774,0.001098992202893435,0.01761273025387144],[-0.0652400748098492,0.054637158062796905,-0.16020097307725284]]
[[0.07659308692008948,-0.061246914279631366,0.1460927152371165],[-0.015817565008611353,0.0012703199323697146,0.01756552412879539],[-0.06077552191147813,0.05997659434726166,-0.1636582393659119]]
[[0.07182338979376074,-0.066944189232989,0.1495221158027062],[-0.01587687886112943,0.0014423490124843108,0.017522407981902306],[-0.0559465109326313,0.0655018402205047,-0.1670445237846085]]
[[0.06665785662831103,-0.07283027651654177,0.1528535728790368],[-0.015933130354189983,0.0016148385369367756,0.017483173099524744],[-0.050724726274121036,0.071215437979605,-0.17033674597856155]]
[[0.061066683633844016,-0.0789057347365082,0.15606054788054496],[-0.01598609441256533,0.0017875206699309223,0.017447598199021398],[-0.04508058922127869,0.07711821406657729,-0.17350814607956636]]
[[0.055019018674637175,-0.08516898280834038,0.15911244355440748],[-0.01603556711756273,0.0019601015883400023,0.01741544836486291],[-0.038983451557074444,0.08320888122000038,-0.17652789191927037]]
[[0.048483237630582106,-0.09161584300457613,0.16197419902801255],[-0.01608136964788242,0.002132262923761338,0.017386474090488095],[-0.032401867982699686,0.0894835800808148,-0.17936067311850062]]
[[0.041427316616789625,-0.09823901968329432,0.1646058812107252],[-0.016123352469127054,0.002303663776211248,0.01736041046654318],[-0.025303964147662575,0.09593535590708306,-0.18196629167726838]]
[[0.03381931880502994,-0.10502751075720732,0.16696228595277404],[-0.016161399720461572,0.002473943369995804,0.017336976561448794],[-0.017657919084568367,0.10255356738721151,-0.18429926251422282]]
[[0.02562801630010357,-0.11196595105686437,0.16899256703675689],[-0.01619543372991622,0.002642724418133209,0.017315875045321866],[-0.009432582570187347,0.10932322663873116,-0.18630844208207875]]
[[0.01682366869984522,-0.1190338898071415,0.1706399166615263],[-0.016225419571046465,0.0028096172539082394,0.017296792112777057],[-0.0005982491287987567,0.11622427255323325,-0.18793670877430335]]
[[0.007378980249893009,-0.1262050087087763,0.17184132757474432],[-0.016251369553489707,0.002974224775998345,0.017279397763627836],[0.008872389303596696,0.12323078393277796,-0.18912072533837215]]
[[-0.002729743574415437,-0.1334462928383107,0.17252747432763693],[-0.016273347518977847,0.0031361482364375454,0.017263346502498535],[0.019003091093393286,0.13031014460187315,-0.18979082083013546]]
[[-0.013521222251479625,-0.14071717397447103,0.1726227590345398],[-0.01629147279340516,0.0032949938778746735,0.01724827851826468],[0.029812695044884784,0.13742218009659635,-0.1898710375528045]]
[[-0.025007597023115877,-0.14796867519221696,0.1720455750995989],[-0.016305923625715,0.003450380397693173,0.017233821401413503],[0.04131352064883088,0.1445182947945238,-0.1892793965010124]]
[[-0.03719259528893964,-0.1551425966859027,0.17070884994863786],[-0.016316939927044482,0.0036019471814015703,0.01721959245117291],[0.053509535215984116,0.15154064950450113,-0.18792844239981077]]
[[-0.05006947288787246,-0.162170795642753,0.1685209338857188],[-0.016324825110428157,0.003749363206455085,0.017205201613915547],[0.06639429799830061,0.15842143243629792,-0.18572613549963432]]
[[-0.06361876290918422,-0.1689746271450533,0.16538690542699278],[-0.016329946824336958,0.003892336470994406,0.017190255079286607],[0.07994870973352118,0.16508229067405888,-0.18257716050627937]]
[[-0.07780588353903788,-0.1754646276843464,0.16121036211280712],[-0.016332736374529252,0.004030623751165086,0.01717435954025905],[0.09413861991356713,0.1714340039331813,-0.17838472165306618]]
[[-0.09257868692423098,-0.18154053655255292,0.15589575778517117],[-0.01633368664029796,0.004164040437710223,0.017157127097662622],[0.10891237356452894,0.1773764961148427,-0.1730528848828338]]
[[-0.10786506549571881,-0.1870917611515722,0.1493513303551922],[-0.016333348315289556,0.00429247015021269,0.01713818075879984],[0.12419841381100837,0.1827992910013595,-0.16648951111399207]]
[[-0.12357076998129855,-0.19199839751397632,0.1414926359382288],[-0.01633232434139734,0.004415873779327904,0.01711716044417588],[0.13990309432269588,0.1875825237346484,-0.1586097963824047]]
[[-0.13957763144792038,-0.19613291387704718,0.13224666413388847],[-0.016331262457927875,0.004534297567979224,0.017093729377353924],[0.15590889390584825,0.19159861630906797,-0.1493403935112424]]
[[-0.15574241358125748,-0.19936258952142002,0.12155645444909172],[-0.01633084585750811,0.004647879816747056,0.017067580692418476],[0.1720732594387656,0.19471470970467297,-0.13862403514151017]]
[[-0.1718965448744529,-0.20155276996264632,0.1093860664329356],[-0.016331782023971723,0.004756855791780687,0.017038444054126096],[0.18822832689842464,0.19679591417086562,-0.1264245104870617]]
[[-0.18784698602258496,-0.20257095053879443,0.09572567953097091],[-0.016334789923097004,0.004861560430475528,0.017006092050861975],[0.20418177594568196,0.1977093901083189,-0.1127317715818329]]
[[-0.20337846767124626,-0.20229163284167287,0.08059651958050823],[-0.016340585820141498,0.004962428484997998,0.016970346093824803],[0.21971905349138776,0.19732920435667486,-0.09756686567433304]]
[[-0.218257280642001,-0.20060181447495806,0.06405523715909664],[-0.016349868102380784,0.005059991819008714,0.016931081541466095],[0.2346071487443818,0.19554182265594935,-0.08098631870056273]]
[[-0.2322367103976754,-0.19740687814803573,0.04619731139561308],[-0.016363301582425684,0.005154873678762196,0.01688823176991789],[0.2486000119801011,0.19225200446927354,-0.06308554316553097]]
[[-0.2450640800852418,-0.19263655107266636,0.027159035538276657],[-0.016381501839932276,0.005247779893234342,0.016841790930974505],[0.2614455819251741,0.18738877117943203,-0.044000826469251166]]
[[-0.25648920887574217,-0.1862505236415642,0.007117670807646848],[-0.016405020216064013,0.005339487112672646,0.016791815180785662],[0.27289422909180616,0.18091103652889157,-0.02390948598843251]]
[[-0.2662739190264955,-0.17824326323836742,-0.01371055796917648],[-0.016434330098099244,0.005430828361134131,0.016738422224453604],[0.28270824912459475,0.17281243487723327,-0.003027864255277124]]
[[-0.2742020578139923,-0.16864755011683613,-0.03507480600592369],[-0.016469815114300835,0.005522676343395112,0.016681789101549237],[0.29067187292829316,0.16312487377344104,0.018393016904374455]]
[[-0.28008936564511483,-0.15753630905819946,-0.056696277027568354],[-0.016511759798243784,0.005615925095503908,0.01662214823007213],[0.2966011254433586,0.15192038396269555,0.04007412879749622]]
[[-0.2837924459677814,-0.14502241698949253,-0.07827697598417742],[-0.016560343178156234,0.005711470686475175,0.016559781824325395],[0.30035278914593766,0.13931094630301735,0.06171719415985202]]
[[-0.28521609736395875,-0.1312563268639899,-0.09951007767379244],[-0.01661563560614254,0.005810191753297958,0.016495014896867742],[0.3018317329701013,0.12544613511069191,0.08301506277692469]]
[[-0.2843183635986722,-0.11642154504011269,-0.1200912476124128],[-0.016677598974639177,0.005912930673457639,0.01642820713707861],[0.30099596257331135,0.11050861436665506,0.10366304047533419]]
[[-0.2811128385069754,-0.10072820745312432,-0.13973012121482864],[-0.016746090286886534,0.006020476144842336,0.016359744020756378],[0.29785892879386194,0.09470773130828199,0.12337037719407226]]
[[-0.27566800863237323,-0.08440518891190546,-0.15816110615835746],[-0.016820868370282998,0.006133547854695763,0.016290027540509573],[0.29248887700265624,0.0782716410572097,0.1418710786178479]]
[[-0.26810369387705896,-0.06769132129342154,-0.17515273030970901],[-0.016901603361787775,0.006252783785699624,0.01621946695248878],[0.2850052972388467,0.061438537507721915,0.15893326335722022]]
[[-0.25858491509415615,-0.05082636928731882,-0.1905149063235707],[-0.016987888466393486,0.006378730541688615,0.016148469911717908],[0.27557280356054964,0.0444476387456302,0.17436643641185282]]
[[-0.2473137393333938,-0.034042407707002266,-0.20410370075871886],[-0.01707925340249056,0.006511836894204842,0.01607743431971515],[0.26439299273588435,0.027530570812797424,0.18802626643900372]]
[[-0.23451979958999,-0.017556166792048536,-0.21582344644685977],[-0.017175178906111685,0.006652450570944353,0.016006741140660717],[0.2516949784961017,0.010903716221104184,0.19981670530619905]]
[[-0.2204502422377063,-0.0015627777562775764,-0.22562628471936555],[-0.017275111668840534,0.006800818143300993,0.015936748364005184],[0.23772535390654684,-0.005238040387023416,0.20968953635536036]]
[[-0.20535982368568395,0.013768815967086784,-0.23350943595496038],[-0.01737847912634361,0.006957087734367556,0.015867786210341874],[0.22273830281202758,-0.02072590370145434,0.2176416497446185]]
[[-0.18950177372557492,0.028298689688468822,-0.23951064965972757],[-0.017484703587510347,0.007121314168120592,0.015800153600976356],[0.20698647731308525,-0.035420003856589416,0.22371049605875123]]
[[-0.17311989086556998,0.04191707534660768,-0.24370236848157695],[-0.01759321528780572,0.0072934661176322045,0.015734115845636547],[0.19071310615337572,-0.049210541464239886,0.2279682526359404]]
[[-0.15644216191464283,0.054543994754874287,-0.24618515602144844],[-0.01770346405418342,0.007473434783421275,0.015669903450811744],[0.17414562596882624,-0.06201742953829557,0.23051525257063668]]
[[-0.13967602902122764,0.06612765886596605,-0.24708089734356575],[-0.017814929373352825,0.007661043637759596,0.015607711914796058],[0.15749095839458047,-0.07378870250372566,0.2314731854287697]]
[[-0.12300528110420453,0.07664194368716697,-0.24652620047710738],[-0.01792712875279625,0.007856058800273999,0.015547702354308739],[0.14093240985700078,-0.08449800248744097,0.23097849812279866]]
[[-0.10658843436717369,0.08608325640878899,-0.24466632511407596],[-0.018039624349416424,0.008058199657211756,0.015490002799866929],[0.1246280587165901,-0.09414145606600074,0.22917632231420904]]
[[-0.09055839224219576,0.09446707993738668,-0.24164985750027826],[-0.018152027911041608,0.008267149394198422,0.0154347100003577],[0.10871042015323737,-0.1027342293315851,0.22621514749992055]]
[[-0.07502313668419021,0.10182444032386885,-0.23762425076778965],[-0.01826400413018449,0.008482565174074372,0.015381891588623332],[0.0932871408143747,-0.11030700549794323,0.22224235917916632]]
[[-0.06006719441355651,0.10819848892491857,-0.23273226575548447],[-0.018375272547932843,0.008704087752588465,0.015331588476526489],[0.07844246696148935,-0.11690257667750703,0.21740067727895798]]
[[-0.045753635835913804,0.11364133718849845,-0.22710928256157292],[-0.018485608170182855,0.008931350381872906,0.015283817367424173],[0.06423924400609665,-0.12257268757037136,0.21182546519414874]]
[[-0.032126393104200374,0.11821123215923944,-0.22088140812956725],[-0.01859484097074311,0.009163986902523891,0.015238573294251306],[0.050721234074943486,-0.12737521906176333,0.20564283483531595]]
[[-0.0192127201672928,0.12197011842458655,-0.21416427822587566],[-0.01870285445849831,0.009401638968650986,0.015195832111020222],[0.03791557462579111,-0.13137175739323753,0.19896844611485545]]
[[-0.007025656165329663,0.12498159869083678,-0.2070624400690296],[-0.018809583481143054,0.009643962386146357,0.015155552883496359],[0.025835239646472715,-0.13462556107698315,0.19190688718553325]]
[[0.004433609709424115,0.12730928054309473,-0.19966920100388824],[-0.01891501142807928,0.009890632572955776,0.015117680140549185],[0.014481401718655165,-0.1371999131160505,0.18455152086333906]]
[[0.015173541172950871,0.12901548037175,-0.19206683549012385],[-0.019019166981710234,0.010141349171963469,0.015082145960966695],[0.0038456258087593625,-0.13915682954371347,0.17698468952915714]]
[[0.02521026767837222,0.13016024563595305,-0.18432705427323368],[-0.01912212055101685,0.010395839863077815,0.015048871881366693],[-0.006088147127355371,-0.14055608549903087,0.16927818239186698]]
[[0.03456582756999946,0.13080065211963088,-0.1765116535297896],[-0.019223980505100755,0.010653863432133075,0.015017770619400097],[-0.015341847064898701,-0.14145451555176397,0.1614938829103895]]
[[0.04326664577778361,0.13099033220786419,-0.16867327626638365],[-0.019324889308161182,0.01091521216118944,0.014988747612973828],[-0.023941756469622426,-0.14190554436905362,0.1536845286534098]]
[[0.05134223873450559,0.13077919223372877,-0.16085623211741717],[-0.019425019641735083,0.011179713608532699,0.014961702381015953],[-0.0319172190927705,-0.14195890584226148,0.1458945297364012]]
[[0.05882413158176136,0.13021328060678058,-0.15309733421510757],[-0.019524570585365095,0.011447231847858669,0.014936529714661532],[-0.03929956099639627,-0.14166051245463926,0.13816080450044604]]
[[0.06574496821838494,0.12933477295636506,-0.1454267226385991],[-0.019623763913411883,0.011717668235385087,0.01491312070993617],[-0.04612120430497306,-0.14105244119175014,0.1305136019286629]]
[[0.07213779258266426,0.1281820453415817,-0.13786865298431747],[-0.019722840553621453,0.01199096177146786,0.014891363654304775],[-0.05241495202904281,-0.14017300711304956,0.1229772893300127]]
[[0.07803547909468037,0.12678981131103528,-0.130442235899001],[-0.01982205724233791,0.012267089120121963,0.014871144780051871],[-0.058213421852342455,-0.13905690043115726,0.11557109111894912]]
[[0.08347029088045155,0.1251893029986447,-0.12316211914004209],[-0.01992168340190377,0.012546064345988513,0.01485234889754461],[-0.06354860747854778,-0.1377353673446332,0.10830977024249748]]
[[0.0884735458327462,0.12340848038360787,-0.11603910808252667],[-0.020021998257759594,0.012827938424010914,0.0148348599211456],[-0.06845154757498662,-0.13623641880761878,0.10120424816138106]]
[[0.09307537241493938,0.12147225626690208,-0.10908072380006985],[-0.020123288205963978,0.013112798572589082,0.014818561300001849],[-0.07295208420897539,-0.13458505483949118,0.094262162500068]]
[[0.09730453915207199,0.11940272741906524,-0.10229170012096657],[-0.020225844436212045,0.013400767456430976,0.014803336365226773],[-0.07707869471585994,-0.13280349487549623,0.0874883637557398]]
[[0.10118834381615148,0.11721940476269883,-0.09567442259607911],[-0.020329960810835858,0.013692002300837697,0.014789068604178765],[-0.08085838300531563,-0.13091140706353654,0.08088535399190035]]
[[0.10475255029469749,0.11493943741477057,-0.08922931327842691],[-0.020435931996622837,0.013986693954835119,0.014775641871669788],[-0.08431661829807466,-0.12892613136960568,0.07445367140675713]]
[[0.10802136296812143,0.1125778269834605,-0.08295516574760761],[-0.02054405184348896,0.014285065936471313,0.014762940547043489],[-0.08747731112463246,-0.1268628929199318,0.06819222520056412]]
[[0.11101743007841477,0.11014762974883781,-0.07684943502997985],[-0.020654612001996718,0.01458737348978616,0.01475084964516691],[-0.09036281807641805,-0.12473500323862398,0.062098585384812936]]
[[0.11376186903560667,0.10766014531060712,-0.07090848705953504],[-0.020767900770325018,0.014893902679463942,0.014739254888495538],[-0.09299396826528165,-0.12255404799007107,0.056169232171039495]]
[[0.11627430788043472,0.1051250910092856,-0.0651278121659111],[-0.02088420216049532,0.01520496954602649,0.014728042746504931],[-0.0953901057199394,-0.12033006055531209,0.05039976941940617]]
[[0.11857293821148619,0.10255076196340537,-0.059502206819429894],[-0.0210037951733604,0.015520919341629026,0.014717100447933982],[-0.09756914303812579,-0.1180716813050344,0.044785106371495916]]
[[0.12067457580768619,0.0999441769524729,-0.05402592754897376],[-0.021126953272001394,0.01584212586409302,0.014706315970453732],[-0.09954762253568479,-0.11578630281656593,0.03931961157852002]]
[[0.12259472594984469,0.09731121064523389,-0.04869282060652149],[-0.02125394404369324,0.01616899090475263,0.014695578011552652],[-0.10134078190615145,-0.11348020154998652,0.03399724259496884]]
[[0.1243476510862109,0.0946567128516608,-0.04349643060322518],[-0.021385029041437548,0.016501943824003978,0.014684775943607745],[-0.10296262204477336,-0.11115865667566477,0.028811654659617433]]
[[0.12594643901426164,0.0919846155864358,-0.038430091000386184],[-0.02152046379717703,0.016841441267127708,0.014673799755277715],[-0.10442597521708462,-0.1088260568535635,0.023756291245108467]]
[[0.12740307018081976,0.08929802878886252,-0.03348699901398595],[-0.02166049800016076,0.017187967031998937,0.014662539980496226],[-0.105742572180659,-0.10648599582086145,0.01882445903348972]]
[[0.12872848305002108,0.0865993255628152,-0.028660277189241044],[-0.021805375835491185,0.017542032099702516,0.014650887615443104],[-0.10692310721452988,-0.10414135766251773,0.01400938957379794]]
[[0.1299326367669568,0.08389021779135822,-0.023943023625041943],[-0.021955336479628156,0.01790417483882991,0.014638734022911208],[-0.10797730028732865,-0.10179439263018812,0.009304289602130736]]
[[0.1310245705655912,0.08117182295240444,-0.01932835257824908],[-0.022110614751531893,0.01827496139434432,0.014625970822443077],[-0.10891395581405929,-0.09944678434674875,0.004702381755806005]]
[[0.1320124595427973,0.07844472292069775,-0.014809426954543403],[-0.022271441920183477,0.018654986272362842,0.01461248976346034],[-0.10974101762261385,-0.0970997091930606,0.00019693719108306376]]
[[0.13290366655456662,0.07570901549238171,-0.010379483994880413],[-0.02243804667142004,0.01904487313301846,0.014598182577320942],[-0.11046561988314657,-0.09475388862540017,-0.004218698582440529]]
[[0.1337047900927786,0.0729643593151071,-0.006031855293100166],[-0.022610656239358422,0.019445275804736706,0.014582940802779509],[-0.1110941338534202,-0.0924096351198438,-0.008551085509679344]]
[[0.1344217080773708,0.0702100128517473,-0.001759982129122652],[-0.022789497710159354,0.01985687953479892,0.014566655577656858],[-0.11163221036721147,-0.09006689238654622,-0.012806673448534204]]
[[0.1350596175542868,0.0674448679512716,0.002442573028462608],[-0.022974799508509128,0.020280402492979008,0.014549217387598654],[-0.11208481804577768,-0.0877252704442506,-0.01699179041606126]]
[[0.13562307032829496,0.06466747854756008,0.006582118108609729],[-0.023166793079978643,0.020716597547350647,0.01453051576056735],[-0.11245627724831632,-0.08538407609491072,-0.02111263386917708]]
[[0.1361160045850311,0.06187608495689336,0.010664825466208198],[-0.02336571478537447,0.021166254334087208,0.014510438893101512],[-0.11275028979965662,-0.08304233929098057,-0.02517526435930971]]
[[0.13654177257116573,0.059068634198152885,0.014696727786052022],[-0.02357180802634279,0.021630201646246336,0.014488873191318894],[-0.11296996454482293,-0.08069883584439923,-0.02918560097737092]]
[[0.13690316440764289,0.05624279671684098,0.018683715362164736],[-0.02378532562484483,0.022109310170175735,0.014465702706043842],[-0.11311783878279805,-0.07835210688701671,-0.03314941806820858]]
[[0.13720242811031783,0.053395979855147546,0.022631534306313355],[-0.024006532482719025,0.02260449560233601,0.014440808437201177],[-0.1131958956275988,-0.07600047545748356,-0.037072342743514536]]
[[0.13744128588646423,0.050525338375602684,0.026545785282441534],[-0.024235708551406672,0.023116722184053935,0.014414067477611512],[-0.11320557733505757,-0.07364206055965662,-0.040959852760053046]]
[[0.13762094676574632,0.04762778231549455,0.03043192239644113],[-0.02447315214607797,0.02364700669704688,0.014385351960395608],[-0.11314779461966835,-0.07127478901254143,-0.04481727435683674]]
[[0.13774211561130623,0.044699982423278675,0.03429525189396998],[-0.02471918364288478,0.024196422968551803,0.014354527767168423],[-0.11302293196842146,-0.06889640539183048,-0.0486497796611384]]
[[0.13780499854144088,0.04173837340679025,0.03814093033352267],[-0.024974149602922387,0.02476610694161393,0.014321452945858243],[-0.11283084893851848,-0.06650448034840417,-0.052462383279380916]]
[[0.137809304775609,0.0387391552063355,0.041973961908125884],[-0.025238427371739,0.02535726237360767,0.01428597577706231],[-0.11257087740386998,-0.06409641757994317,-0.056259937685188194]]
[[0.13775424490086485,0.0356982924939109,0.045799194587170515],[-0.025512430208923416,0.02597116723444682,0.014247932416029882],[-0.11224181469194143,-0.06166945972835772,-0.060047127003200404]]
[[0.13763852553685363,0.03261151259318843,0.049621314740159746],[-0.02579661300845964,0.026609180885267293,0.014207144023266186],[-0.11184191252839398,-0.059220693478455724,-0.06382845876342592]]
[[0.13746034035984608,0.02947430201392786,0.05344483988657506],[-0.026091478677185184,0.027272752128703108,0.014163413279910221],[-0.1113688616826609,-0.05674705414263097,-0.06760825316648528]]
[[0.13721735742960126,0.026281901799685203,0.05727410919053443],[-0.026397585245841078,0.027963428233295756,0.014116520163895242],[-0.11081977218376017,-0.05424533003298096,-0.07139062935442968]]
[[0.13690670274791794,0.023029301899792423,0.06111327128524295],[-0.026715553794848197,0.02868286504712749,0.01406621683876608],[-0.11019114895306975,-0.051712166946919914,-0.07517948812400903]]
[[0.13652493996548848,0.019711234796468968,0.06496626897010936],[-0.02704607728505371,0.029432838329489272,0.014012221478072642],[-0.10947886268043477,-0.04914407312595824,-0.078978490448182]]
[[0.13606804614526813,0.016322168646698908,0.0688368202724726],[-0.027389930392182578,0.030215256444274613,0.013954210813465588],[-0.10867811575308556,-0.04653742509097353,-0.0827910310859382]]
[[0.13553138348745689,0.012856300237493606,0.07272839530575248],[-0.027747980452466396,0.031032174574778713,0.013891811152756029],[-0.1077834030349905,-0.043888474812272316,-0.08662020645850851]]
[[0.13490966692516398,0.009307548103971606,0.07664418828614582],[-0.02812119963567454,0.031885810636534895,0.013824587563755915],[-0.10678846728948946,-0.0411933587405065,-0.09046877584990172]]
[[0.13419692751316606,0.005669546224212507,0.08058708399042495],[-0.02851067847018742,0.03277856308247806,0.013752030858855367],[-0.10568624904297863,-0.03844810930669057,-0.09433911484928033]]
[[0.13338647155773325,0.001935638785311191,0.08455961784784738],[-0.02891764085229758,0.03371303081265447,0.013673541941780954],[-0.10446883070543567,-0.035648669597965664,-0.09823315978962834]]
[[0.13247083547684385,-0.0019011233859699498,0.08856392875980432],[-0.029343460677821745,0.03469203541821923,0.013588412989095376],[-0.10312737479902212,-0.032790912032249285,-0.10215234174889969]]
[[0.13144173644167045,-0.005847984014155344,0.09260170363223098],[-0.02978968023723242,0.035718646005551316,0.013495804831445472],[-0.10165205620443804,-0.029870661991395972,-0.10609750846367645]]
[[0.1302900189374568,-0.009912479328741893,0.09667411248924021],[-0.030258030514273192,0.03679620685945845,0.013394719769350194],[-0.1000319884231836,-0.026883727530716554,-0.1100688322585904]]
[[0.12900559750152762,-0.014102431748401645,0.10078173291414988],[-0.030750453520153008,0.037928368212456307,0.013283968900632563],[-0.09825514398137461,-0.023825936464054665,-0.11406570181478244]]
[[0.12757739605629176,-0.01842593805811158,0.10492446243957804],[-0.031269126777772195,0.03911912038686422,0.013162132845681759],[-0.09630826927851956,-0.02069318232875264,-0.1180865952852598]]
[[0.12599328446553215,-0.02289135060034199,0.1091014173869707],[-0.031816490038637076,0.04037283156355775,0.01302751452573206],[-0.09417679442689508,-0.017481480963215754,-0.12212893191270276]]
[[0.12424001321460144,-0.02750724972058409,0.11331081654557369],[-0.0323952742631253,0.04169428939948096,0.012878082370212767],[-0.09184473895147616,-0.014187039678896864,-0.12618889891578647]]
[[0.1223031474630141,-0.0322824053839625,0.11754984799254871],[-0.033008532814254116,0.04308874665685885,0.012711401992619132],[-0.08929461464875998,-0.010806341272896348,-0.13026124998516783]]
[[0.12016700215697383,-0.03722572551147707,0.12181451730494959],[-0.03365967469470156,0.04456197090858914,0.012524553969673108],[-0.08650732746227227,-0.007336245397112064,-0.1343390712746227]]
[[0.1178145804371862,-0.042346188171552765,0.12609947542139477],[-0.03435249948103199,0.04612029823020418,0.01231403487409452],[-0.08346208095615422,-0.0037741100586514108,-0.1384135102954893]]
[[0.11522751825300027,-0.047652754308143974,0.13039782450423948],[-0.03509123335685586,0.04777069055674642,0.012075638134786225],[-0.08013628489614442,-0.00011793624860243629,-0.1424734626390257]]
[[0.11238603891732427,-0.05315425719849347,0.134700900368238],[-0.03588056528962994,0.04952079604251605,0.011804310617690838],[-0.07650547362769433,0.003633461155977416,-0.14650521098592886]]
[[0.10926892232697664,-0.05885926432650701,0.13899803042612122],[-0.0367256818958858,0.051379011271849226,0.011493980026120176],[-0.07254324043109084,0.0074802530546577845,-0.1504920104522414]]
[[0.10585349474611516,-0.06477590685602037,0.14327626671473231],[-0.03763229884607097,0.05335454347467307,0.011137347306139618],[-0.06822119590004419,0.011421363381347305,-0.15441361402087192]]
[[0.1021156464152978,-0.07091167142982122,0.1475200944815193],[-0.03860668570570948,0.05545746992800009,0.0107256372156282],[-0.06350896070958831,0.01545420150182112,-0.15824573169714748]]
[[0.09802988580241921,-0.07727314866085594,0.15171111812024485],[-0.039655679806248824,0.05769879037664076,0.010248299097541727],[-0.05837420599617039,0.01957435828421518,-0.1619594172177866]]
[[0.09356944103098853,-0.08386573250065157,0.15582772805304393],[-0.04078668297302291,0.0600904664565694,0.009692648740865313],[-0.05278275805796562,0.02377526604408217,-0.16552037679390924]]
[[0.08870642085173387,-0.09069326477516308,0.15984475458425434],[-0.04200763256472461,0.06264543958998761,0.009043441116775446],[-0.046698788287009255,0.028047825185175478,-0.16888819570102978]]
[[0.08341204936571411,-0.097757619714564,0.16373311793009238],[-0.043326935119372745,0.0653776154379513,0.008282362917732954],[-0.040085114246341376,0.03238000427661269,-0.17201548084782534]]
[[0.07765699039729543,-0.10505822445735806,0.16745948768662638],[-0.04475334674104081,0.06830179849556753,0.007387433493516056],[-0.03290364365625462,0.036756425961790525,-0.17484692118014244]]
[[0.0714117787030386,-0.1125915135125733,0.17098597004672864],[-0.046295778955009664,0.07143355450629582,0.0063323034318853],[-0.02511599974802893,0.04115795900627747,-0.17731827347861395]]
[[0.06464737572435308,-0.12035031829316115,0.17426984717606178],[-0.04796300185190987,0.07478897074206746,0.005085442383330537],[-0.016684373872443224,0.045561347551093694,-0.1793552895593923]]
[[0.057335866844357694,-0.1283231973999778,0.17726340027662432],[-0.049763207713173226,0.07838427454943374,0.003609212842218098],[-0.0075726591311844685,0.04993892285054406,-0.18087261311884242]]
[[0.04945131442648028,-0.1364937196599389,0.17991385581518474],[-0.05170338785959372,0.0822352587076842,0.001858836013635257],[0.002252073433113441,0.054258460952254686,-0.18177269182881997]]
[[0.04097077545461217,-0.14483972028878378,0.18216350274278778],[-0.05378846336287986,0.08635644815305338,-0.0002187282186846204],[0.012817687908267695,0.0584832721357304,-0.18194477452410315]]
[[0.03187548336668174,-0.15333256112915097,0.1839500365024698],[-0.056020097204391606,0.0907599270931165,-0.0026859399400795698],[0.024144613837709872,0.06257263403603447,-0.18126409656239023]]
[[0.022152179588350578,-0.16193643864705154,0.18520719196886898],[-0.05839510308046049,0.09545373002404524,-0.00561579083494504],[0.03624292349210991,0.06648270862300629,-0.17959140113392394]]
[[0.011794560292648634,-0.17060779779525947,0.18586573035212456],[-0.06090335748024454,0.1004396878257656,-0.009092727426346689],[0.04910879718759591,0.07016810996949387,-0.17677300292577788]]
[[0.0008047772925127566,-0.17929492490074042,0.18585484202680358],[-0.06352512235009612,0.10571061658229994,-0.013213167150740132],[0.06272034505758337,0.0735843083184405,-0.17264167487606347]]
[[-0.010805101342626756,-0.1879378064804246,0.18510401505366023],[-0.06622770430355894,0.11124675124578899,-0.018085286663608945],[0.0770328056461857,0.07669105523463561,-0.1670187283900513]]
[[-0.023011804201412904,-0.19646835032417315,0.18354539421487082],[-0.06896142571227487,0.11701137249565224,-0.023827637084966123],[0.09197322991368778,0.07945697782852089,-0.1597177571299047]]
[[-0.03577991754082517,-0.20481106607167895,0.18111661404424614],[-0.07165498011653779,0.12294567183650144,-0.03056600400118125],[0.10743489765736296,0.08186539423517752,-0.1505506100430649]]
[[-0.049061507045388114,-0.21288428948829702,0.1777640288171813],[-0.07421040877539768,0.12896306926023232,-0.03842780762514583],[0.12327191582078578,0.08392122022806471,-0.13933622119203548]]
[[-0.06279653900762039,-0.22060200172887526,0.17344618215156998],[-0.07649818367407524,0.13494345990042522,-0.04753328173191561],[0.13929472268169563,0.08565854182845002,-0.12591290041965436]]
[[-0.07691434149973288,-0.22787623658796977,0.16813726202775509],[-0.07835321797532428,0.14072822766075582,-0.057982761361345364],[0.15526755947505716,0.08714800892721393,-0.11015450066640972]]
[[-0.09133630957794893,-0.23461998198651915,0.16183018266393834],[-0.07957301862539296,0.1461172977919564,-0.06983976117585003],[0.17090932820334187,0.08850268419456275,-0.09199042148808832]]
[[-0.10597996948291852,-0.2407503686793267,0.15453883887951025],[-0.07991956249094058,0.15086991924234952,-0.08311025927053169],[0.1858995319738591,0.08988044943697719,-0.07142857960897855]]
[[-0.12076436543151162,-0.24619180929811935,0.1462990144275839],[-0.07912665616799078,0.15471109899767627,-0.09771978804631407],[0.1998910215995024,0.09148071030044305,-0.048579226381269824]]
[[-0.1356165192021021,-0.25087862459971205,0.1371674206076278],[-0.07691429934538671,0.15734539869137096,-0.11349150415865576],[0.2125308185474888,0.0935332259083411,-0.02367591644897203]]
[[-0.15047845322485978,-0.25475660198809913,0.12721842062429856],[-0.0730106716945063,0.15847886953765353,-0.1301300363423824],[0.22348912491936607,0.09627773245044559,0.0029116157180838764]]
[[-0.1653139969878838,-0.25778291206194387,0.11653817269808045],[-0.06718069089293205,0.15784808972621894,-0.1472169478303483],[0.23249468788081584,0.09993482233572491,0.030678775132267855]]
[[-0.180114365118626,-0.25992389950544653,0.1052161938852503],[-0.05925784888702358,0.15525275991613424,-0.1642232421919435],[0.23937221400564956,0.10467113958931232,0.05900704830669322]]
[[-0.19490136045979137,-0.2611504905876137,0.09333467385083441],[-0.04917388096114124,0.15058579445417347,-0.18054178530406464],[0.24407524142093262,0.11056469613344025,0.08720711145323023]]
[[-0.20972706454500273,-0.2614313233234734,0.08095619979661359],[-0.03697977452511793,0.14385344962542457,-0.1955378270023218],[0.24670683907012064,0.11757787369804885,0.11458162720570822]]
[[-0.2246690567070539,-0.2607241810947534,0.06811083489295183],[-0.02285262850713901,0.13517889583690754,-0.20861015749918513],[0.2475216852141929,0.12554528525784586,0.1404993226062333]]
[[-0.23982055560250876,-0.2589668405971376,0.05478369191413292],[-0.007086158878962603,0.12478621272628865,-0.21925101410631426],[0.24690671448147136,0.13418062787084895,0.16446732219218135]]
[[-0.2552754048588689,-0.256068948835334,0.04090427281104132],[0.009932726481722266,0.11296726677474161,-0.22709191969784526],[0.2453426783771466,0.14310168206059237,0.18618764688680395]]
[[-0.2711085542481155,-0.25190690812671573,0.026338946655022552],[0.027754790230875043,0.10003938895693326,-0.23192617489572476],[0.2433537640172404,0.15186751916978247,0.20558722824070222]]
[[-0.28735367235030285,-0.2463238057118708,0.010888035791968495],[0.045898711609304504,0.08630500291038262,-0.23370565384239061],[0.24145496074099837,0.1600188028014882,0.2228176180504221]]
