[[0.021377933648835563,-0.013454080106423598,-0.11574550215047165],[0.02461230767833176,-0.0779643642441938,0.03650057685725271],[-0.04599024132716732,0.0914184443506174,0.07924492529321893]]
[[0.009787985455168194,-0.021887611110872285,-0.0988187679238179],[0.013394955842896118,-0.063060666171254,0.03136775949949899],[-0.023182941298064315,0.08494827728212628,0.0674510084243189]]
[[0.0018285382085672674,-0.025263048542922828,-0.08219529795123726],[0.006919264107010303,-0.051139293671452556,0.027076303243691646],[-0.00874780231557757,0.07640234221437539,0.0551189947075456]]
[[-0.003100023834622013,-0.025526073409601027,-0.06770041186828012],[0.003180300266648725,-0.041869978900088665,0.02357037183073006],[-0.00008027643202671193,0.0673960523096897,0.044130040037550056]]
[[-0.0058891277208031195,-0.024176316982858374,-0.05580330957011077],[0.0010116396215419212,-0.03469336081632396,0.020712756844695982],[0.004877488099261198,0.05886967779918234,0.03509055272541479]]
[[-0.007300394916422472,-0.02214573986203949,-0.046309873586817256],[-0.0002471447720328871,-0.02910182455673171,0.018368333955696082],[0.007547539688455359,0.0512475644187712,0.02794153963112117]]
[[-0.007872513914047643,-0.019942812641262204,-0.0388091177310414],[-0.0009708015497493406,-0.024698289190579058,0.01642576507058622],[0.008843315463796983,0.044641101831841265,0.022383352660455182]]
[[-0.007954270534233254,-0.017816768784348024,-0.0328804969248727],[-0.0013750060870986267,-0.021187603736612916,0.01479862721549522],[0.009329276621331883,0.03900437252096094,0.01808186970937748]]
[[-0.007761415295908217,-0.01587385610867612,-0.028166230887295442],[-0.0015861808147638705,-0.01835382991186767,0.0134211186193894],[0.009347596110672087,0.03422768602054379,0.014745112267906042]]
[[-0.007424005855431178,-0.014146860524770672,-0.024383991442066037],[-0.001679837879976171,-0.016039064063018273,0.012243249492317414],[0.00910384373540735,0.030185924587788945,0.012140741949748624]]
[[-0.007019059079024259,-0.01263336997649099,-0.021318276775876062],[-0.0017018739768314749,-0.014127072419753167,0.011226830071190122],[0.008720933055855733,0.026760442396244158,0.010091446704685939]]
[[-0.006591388189669679,-0.011315794144198272,-0.018806758618796503],[-0.0016806090400163878,-0.01253144052682274,0.010342417557469707],[0.008271997229686067,0.02384723467102101,0.008464341061326795]]
[[-0.006166439448780804,-0.01017140998482768,-0.016727493585623726],[-0.0016337300852639826,-0.011187192167389871,0.009567070955846163],[0.007800169534044787,0.021358602152217552,0.007160422629777565]]
[[-0.005758078946636951,-0.009177152316300358,-0.014988592725634249],[-0.0015723785554551664,-0.010044896239290876,0.008882717948304787],[0.007330457502092118,0.019222048555591235,0.006105874777329462]]
[[-0.005373289629753313,-0.00831170898354185,-0.013520375478471694],[-0.0015036036774987533,-0.00906651119904954,0.008274966923551026],[0.006876893307252066,0.01737822018259139,0.0052454085549206685]]
[[-0.005015001772274965,-0.007556271739770753,-0.012269574118494102],[-0.0014318621118361429,-0.00822243352641023,0.0077322380441588725],[0.006446863884111108,0.015778705266180984,0.004537336074335228]]
[[-0.004683799625703663,-0.006894643741430808,-0.011195101959454373],[-0.0013599500309886387,-0.007489381548699875,0.00724512238479855],[0.006043749656692302,0.014384025290130683,0.003949979574655822]]
[[-0.004378950493741369,-0.006313061460392302,-0.010264972073502958],[-0.0012895911819842752,-0.0068488623227762925,0.006805904715762609],[0.005668541675725645,0.013161923783168595,0.0034590673577403505]]
[[-0.004099023845696899,-0.005799909786352529,-0.009454048927928003],[-0.0012218128572763574,-0.0062860489289338775,0.006408204527220376],[0.005320836702973257,0.012085958715286407,0.003045844400707628]]
[[-0.003842261395388397,-0.00534541649186557,-0.008742399533005167],[-0.0011571890489745567,-0.005788949463959932,0.006046703231932781],[0.0049994504443629535,0.011134365955825502,0.0026956963010723867]]
[[-0.0036067954044422925,-0.004941364864715574,-0.008114076125352566],[-0.001095999238960138,-0.0053477854868631755,0.005716934776555659],[0.004702794643402431,0.010289150351578749,0.002397141348796908]]
[[-0.003390774337446066,-0.004580839520144127,-0.007556210562042266],[-0.0010383329099120302,-0.004954522421865701,0.005415123365691015],[0.0044291072473580965,0.009535361942009827,0.0021410871963512506]]
[[-0.0031924320251016983,-0.004258008840542925,-0.007058335122891056],[-0.0009841587317763094,-0.004602511335709343,0.005138056533460949],[0.004176590756878007,0.008860520176252268,0.0019202785894301062]]
[[-0.0030101225573904104,-0.003967942211328604,-0.006611868875237173],[-0.0009333705265985448,-0.004286213158756179,0.004882984989472545],[0.003943493083988956,0.008254155370084781,0.0017288838857646277]]
[[-0.0028423346160073196,-0.0037064581213318696,-0.006209726009882047],[-0.0008858178348310059,-0.004000984521134336,0.004647542933201165],[0.003728152450838325,0.007707442642466205,0.0015621830766808817]]
[[-0.002687693719084019,-0.0034699986540673777,-0.005846014735076278],[-0.0008413261963096296,-0.003742910061812504,0.004429684155095209],[0.0035290199153936485,0.007212908715879882,0.0014163305799810687]]
[[-0.0025449576107271603,-0.003255526074635337,-0.005515803938587423],[-0.0007997105214967028,-0.003508670098225632,0.004227630416865832],[0.0033446681322238632,0.006764196172860969,0.0012881735217215905]]
[[-0.0024130080124700184,-0.003060437688961925,-0.00521494096409437],[-0.0007607838014346734,-0.003295435426803987,0.004039829459871673],[0.003173791813904692,0.006355873115765912,0.0011751115042226972]]
[[-0.0022908406957968795,-0.0028824957065890686,-0.00493990824101068],[-0.0007243626658553107,-0.0031007831061196658,0.003864920620781573],[0.00301520336165219,0.005983278812708734,0.0010749876202291067]]
[[-0.002177555048454331,-0.002719769376595453,-0.00468770967265254],[-0.0006902708096228357,-0.002922628590685222,0.003701706501565795],[0.002867825858077167,0.005642397967280675,0.0009860031710867455]]
[[-0.002072343815965519,-0.002570587147402702,-0.004455779985239942],[-0.0006583409808792517,-0.002759170697736091,0.0035491294911080117],[0.0027306847968447704,0.005329757845138793,0.0009066504941319297]]
[[-0.001974483394065481,-0.0024334970128455226,-0.004241911919689267],[-0.0006284160042100951,-0.002608846715054415,0.003406252200053858],[0.0026028993982755762,0.005042343727899938,0.0008356597196354093]]
[[-0.0018833248591551429,-0.002307233550187328,-0.004044197384702406],[-0.0006003491629226702,-0.0024702955747021235,0.0032722410715554508],[0.002483674022077813,0.004777529124889452,0.000771956313146955]]
[[-0.0017982858092065056,-0.0021906904377232686,-0.0038609796066457823],[-0.0005740041626959076,-0.002342327481836752,0.003146352584632651],[0.0023722899719024132,0.0045330179195600204,0.0007146270220131311]]
[[-0.0017188430195651501,-0.0020828974690379545,-0.0036908139965462594],[-0.0005492548289957636,-0.0022238987398720024,0.0030279215857789803],[0.0022680978485609135,0.004306796208909957,0.0006628924107672793]]
[[-0.0016445258794645827,-0.0019830012666351114,-0.0035324359695346596],[-0.0005259846425045493,-0.0021140907821251835,0.002916351376845985],[0.002170510521969132,0.0040970920487602945,0.000616084592688674]]
[[-0.0015749105547581289,-0.0018902490474349588,-0.0033847343419779316],[-0.0005040861835208861,-0.0020120926268181625,0.002811105259522776],[0.0020789967382790152,0.0039023416742531214,0.0005736290824551555]]
[[-0.0015096148133545706,-0.0018039749133225056,-0.0032467292286842047],[-0.00048346053321330934,-0.001917186132264076,0.002711699293624955],[0.00199307534656788,0.0037211610455865816,0.00053502993505925]]
[[-0.0014482934476332573,-0.0017235882371730894,-0.003117553590456028],[-0.0004640166636017667,-0.00182873355362102,0.0026176960714627477],[0.001912310111235024,0.0035523217907941097,0.0004998575189932805]]
[[-0.001390634229868749,-0.001648563793200235,-0.002996437758124818],[-0.00044567083703893784,-0.0017461670001425336,0.002528699346441233],[0.001836305066907687,0.0033947307933427685,0.0004677384116835849]]
[[-0.0013363543406205531,-0.0015784333438013973,-0.0028826963957142115],[-0.00042834602828044387,-0.0016689794686892399,0.0024443493827801107],[0.0017647003689009971,0.003247412812490637,0.0004383470129341008]]
[[-0.0012851972150219866,-0.0015127784463202028,-0.0027757174719644983],[-0.0004119713769400013,-0.0015967171901141543,0.0023643189163712716],[0.0016971685919619879,0.003109495636434357,0.0004113985555932267]]
[[-0.0012369297572492333,-0.00145122428469889,-0.0026749528931297208],[-0.00039648167450567854,-0.0015289730735729024,0.0022883096355057315],[0.0016334114317549117,0.0029801973582717924,0.00038664325762398924]]
[[-0.0011913398787606003,-0.0013934343647765328,-0.0025799105160086233],[-0.00038181688764576136,-0.0014653810725627537,0.0022160491054135463],[0.0015731567664063616,0.0028588154373392865,0.00036386141059507676]]
[[-0.0011482343209367636,-0.0013391059395232354,-0.0024901473125746735],[-0.00036792171790597507,-0.001405611327646386,0.0021472880729830456],[0.0015161560388427388,0.0027447172671696213,0.0003428592395916276]]
[[-0.0011074367274069592,-0.0012879660530045961,-0.0024052634993561132],[-0.0003547451968466636,-0.0013493659659734908,0.0020817980982152846],[0.0014621819242536228,0.002637332018978087,0.0003234654011408287]]
[[-0.0010687859355638528,-0.0012397681103148567,-0.0023248974781963343],[-0.0003422403150147279,-0.001296375458119107,0.0020193694673626447],[0.0014110262505785808,0.0025361435684339638,0.0003055280108336895]]
[[-0.0010321344605435131,-0.001194288895876746,-0.0022487214619740523],[-0.0003303636827675398,-0.0012463954493795513,0.0019598093496418036],[0.0013624981433110529,0.0024406843452562973,0.0002889121123322489]]
[[-0.000997347148292685,-0.0011513259750015313,-0.0021764376806527215],[-0.0003190752207776988,-0.0011992039962618838,0.0019029401651742036],[0.0013164223690703839,0.002350529971263415,0.000273497515478518]]
[[-0.0009642999772929752,-0.0011106954239318186,-0.0021077750807235143],[-0.0003083378779869811,-0.0011545991500658793,0.0018485981366096116],[0.0012726378552799563,0.0022652945739976976,0.00025917694411390285]]
[[-0.0009328789910960343,-0.0010722298421520437,-0.002042486445535663],[-0.00029811737480187875,-0.0011123968386582278,0.0017966320009047503],[0.001230996365897913,0.0021846266808102713,0.0002458544446309128]]
[[-0.0009029793460826758,-0.0010357766078694327,-0.0019803458758221263],[-0.00028838196940129544,-0.0010724290051496376,0.001746901861099554],[0.0011913613154839711,0.0021082056130190705,0.00023344401472257225]]
[[-0.000874504460828722,-0.0010011963435016685,-0.001921146579439178],[-0.00027910224513807145,-0.0010345419685035572,0.001699278160771574],[0.0011536067059667934,0.002035738312005226,0.00022186841866760385]]
[[-0.00084736525517564,-0.0009683615629671728,-0.0018646989273502597],[-0.00027025091714529513,-0.0009985949763676885,0.0016536407662462308],[0.0011176161723209352,0.0019669565393348612,0.000211058161104029]]
[[-0.0008214794685962501,-0.0009371554767307465,-0.001810828739518498],[-0.0002618026563957806,-0.0009644589248170368,0.0016098781436716342],[0.0010832821249920307,0.0019016144015477833,0.00020095059584686396]]
[[-0.0007967710487434576,-0.0009074709340504896,-0.0017593757698850165],[-0.00025373392960184983,-0.000932015223383669,0.0015678866197926403],[0.0010505049783453074,0.0018394861574341586,0.00019148915009237634]]
[[-0.0007731696021983287,-0.0008792094848150146,-0.0017101923642066294],[-0.0002460228534782008,-0.0009011547868480306,0.0015275697167296514],[0.0010191924556765296,0.0017803642716630451,0.00018262264747697808]]
[[-0.0007506099004151952,-0.0008522805458458643,-0.0016631422683716353],[-0.0002386490620203976,-0.0008717771378806902,0.0014888375523246062],[0.0009892589624355928,0.0017240576837265545,0.00017430471604702917]]
[[-0.000729031434715386,-0.0008266006586450135,-0.0016180995680392862],[-0.00023159358557367006,-0.0008437896068340766,0.0014516062986935697],[0.0009606250202890559,0.00167039026547909,0.00016649326934571636]]
[[-0.0007083780149246411,-0.0008020928273540699,-0.0015749477431648568],[-0.0002248387405804627,-0.0008171066168585626,0.0014157976925504845],[0.0009332167555051037,0.0016191994442126324,0.00015915005061437228]]
[[-0.0006885974068970574,-0.0007786859272120271,-0.0015335788232657042],[-0.0002183680290001477,-0.0007916490441113662,0.0013813385916633606],[0.0009069654358972051,0.0015703349713233933,0.00015224023160234347]]
[[-0.0006696410047333714,-0.0007563141750948946,-0.0014938926312256906],[-0.00021216604649061037,-0.0007673436441857535,0.0013481605724919373],[0.0008818070512239817,0.0015236578192806482,0.00014573205873375346]]
[[-0.0006514635339945319,-0.0007349166548286949,-0.0014557961050843374],[-0.00020621839852927803,-0.0007441225370494607,0.0013161995646509101],[0.0008576819325238099,0.0014790391918781556,0.00013959654043342723]]
[[-0.0006340227826425067,-0.000714436890916661,-0.0014192026886611108],[-0.0002005116237310363,-0.0007219227437762713,0.0012853955183588738],[0.0008345344063735431,0.0014363596346929322,0.00013380717030223686]]
[[-0.0006172793568172671,-0.0006948224651364535,-0.001384031783063819],[-0.00019503312369286774,-0.0007006857692091182,0.0012556921014815964],[0.0008123124805101349,0.0013955082343455718,0.00012833968158222262]]
[[-0.0006011964588891244,-0.0006760246711643961,-0.0013502082521559303],[-0.00018977109876050822,-0.0006803572254284797,0.0012270364231688465],[0.0007909675576496327,0.0013563818965928757,0.00012317182898708386]]
[[-0.0005857396855151496,-0.0006579982029882315,-0.0013176619759377765],[-0.00018471448917150514,-0.0006608864915341665,0.0011993787814248587],[0.0007704541746866547,0.0013188846945223981,0.00011828319451291771]]
[[-0.0005708768436826252,-0.0006407008733920838,-0.001286327446553571],[-0.00017985292108233132,-0.0006422264057969549,0.001172672432250584],[0.0007507297647649566,0.0012829272791890388,0.00011365501430298677]]
[[-0.0005565777829459385,-0.0006240933592493068,-0.0012561434022887443],[-0.00017517665703517267,-0.000624332986711507,0.0011468733782570271],[0.0007317544399811113,0.0012484263459608138,0.00010927002403171722]]
[[-0.000542814242260011,-0.0006081389707508893,-0.0012270524954859127],[-0.00017067655046319193,-0.0006071651798943239,0.0011219401748781739],[0.0007134907927232028,0.0012153041506452133,0.00010511232060773885]]
[[-0.0005295597099866622,-0.0005928034420376611,-0.001199000990796055],[-0.00016634400387189694,-0.0005906846281290558,0.0010978337525136086],[0.0006959037138585592,0.001183488070166717,0.00010116723828244633]]
[[-0.0005167892958032222,-0.0005780547410009975,-0.0011719384906051207],[-0.00016217093036918236,-0.0005748554621739556,0.0010745172531084423],[0.0006789602261724045,0.001152910203174953,0.00009742123749667837]]
[[-0.000504479613377804,-0.0005638628962752717,-0.0011458176848447603],[-0.00015814971824801435,-0.0005596441102190307,0.0010519558798348884],[0.0006626293316258184,0.0011235070064943024,0.00009386180500987198]]
[[-0.0004926086727951269,-0.0005501998396711129,-0.0011205941227168804],[-0.00015427319835397947,-0.0005450191241190289,0.0010301167586782966],[0.0006468818711491063,0.001095218963790142,0.00009047736403858386]]
[[-0.00048115578182260214,-0.0005370392624961645,-0.0010962260041420201],[-0.00015053461399532785,-0.0005309510207374042,0.0010089688108530662],[0.0006316903958179299,0.0010679902832335688,0.00008725719328895402]]
[[-0.0004701014552002308,-0.0005243564843832595,-0.0010726739889867388],[-0.0001469275931759949,-0.000517412136919858,0.0009884826350825874],[0.0006170290483762257,0.0010417686213031177,0.00008419135390415133]]
[[-0.00045942733122115493,-0.0005121283333980081,-0.0010499010223400565],[-0.00014344612295266068,-0.0005043764967773163,0.0009686303988739023],[0.0006028734541738156,0.0010165048301753244,0.00008127062346615418]]
[[-0.00044911609494374997,-0.0005003330363315316,-0.0010278721742976635],[-0.00014008452573542813,-0.0004918196901002109,0.0009493857380036608],[0.0005892006206791781,0.0009921527264317425,0.00007848643629400272]]
[[-0.0004391514074420399,-0.0004889501182018672,-0.001006554492878529],[-0.00013683743736838416,-0.0004797187608511797,0.0009307236635084397],[0.000575988844810424,0.0009686688790530469,0.00007583082937008952]]
[[-0.00042951784055991976,-0.00047796031009147684,-0.0009859168688447295],[-0.0001336997868413446,-0.0004680521047939237,0.0009126204755407107],[0.0005632176274012644,0.0009460124148854005,0.00007329639330401887]]
[[-0.0004202008166870417,-0.00046734546454007403,-0.0009659299113243444],[-0.00013066677749764153,-0.0004567993754138398,0.0008950536835127094],[0.0005508675941846832,0.0009241448399539138,0.00007087622781163508]]
[[-0.0004111865531209815,-0.00045708847779320065,-0.0009465658332512912],[-0.00012773386961504457,-0.00044594139737274955,0.0008780019320049334],[0.0005389204227360261,0.0009030298751659502,0.00006856390124635776]]
[[-0.0004024620106221233,-0.00044717321827893576,-0.000927798345736978],[-0.00012489676424795221,-0.000435460086816992,0.0008614449319648583],[0.0005273587748700756,0.0008826333050959278,0.00006635341377211964]]
[[-0.00039401484580511094,-0.000437584460748948,-0.0009096025605781554],[-0.0001221513882289637,-0.0004253383779264898,0.000845363396765196],[0.0005161662340340746,0.0008629228386754378,0.00006423916381295942]]
[[-0.0003858333670442613,-0.00042830782557683195,-0.000891954900184912],[-0.00011949388023696314,-0.0004155601551532362,0.0008297389827303697],[0.0005053272472812244,0.0008438679807300682,0.00006221591745454227]]
[[-0.00037790649360040497,-0.0004193297227571156,-0.000874833014283453],[-0.00011692057784700253,-0.0004061101906518192,0.000814554233775187],[0.0004948270714474075,0.0008254399134089347,0.00006027878050826592]]
[[-0.00037022371770363755,-0.00041063730019328103,-0.000858215702811321],[-0.00011442800548465652,-0.0003969740864529481,0.000799792529831515],[0.0004846517231882941,0.0008076113866462291,0.00005842317297980602]]
[[-0.000362775069350742,-0.00040221839590323,-0.0008420828444789085],[-0.00011201286321420885,-0.0003881382209741214,0.0007854380387674236],[0.0004747879325649509,0.0007903566168773514,0.000056644805711484925]]
[[-0.00035555108359789815,-0.00039406149380643505,-0.0008264153305212921],[-0.0001096720162960963,-0.0003795896995001942,0.0007714756715291085],[0.0004652230998939944,0.0007736511933066293,0.000054939658992183695]]
[[-0.00034854277014897636,-0.0003861556827890353,-0.0008111950032093314],[-0.00010740248545452945,-0.00037131630830118006,0.0007578910402592756],[0.00045594525560350584,0.0007574719910902153,0.00005330396295005573]]
[[-0.00034174158505745713,-0.00037849061877179475,-0.0007964045987291589],[-0.00010520143780120902,-0.0003633064720856267,0.0007446704191667706],[0.0004469430228586661,0.0007417970908574214,0.00005173417956238829]]
[[-0.0003351394043760452,-0.0003710564895315458,-0.000782027694075253],[-0.00010306617836558693,-0.00035554921451573166,0.0007318007079413519],[0.0004382055827416321,0.0007266057040472775,0.00005022698613390102]]
[[-0.0003287284996025137,-0.0003638439820497871,-0.0007680486576346489],[-0.0001009941421862419,-0.0003480341215353676,0.0007192693975248265],[0.00042972264178875555,0.0007118781035851548,0.00004877926010982253]]
[[-0.00032250151478341034,-0.00035684425218283043,-0.0007544526031689485],[-0.00009898288692169365,-0.0003407513072846856,0.0007070645380654662],[0.000421484401705104,0.000697595559467516,0.00004738806510348227]]
[[-0.00031645144514909617,-0.0003500488964665051,-0.0007412253469269709],[-0.00009703008594238956,-0.0003336913823952255,0.0006951747088968922],[0.0004134815310914857,0.0006837402788617305,0.00004605063803007873]]
[[-0.0003105716171643363,-0.0003434499258852316,-0.0007283533676444931],[-0.00009513352186870842,-0.00032684542447772617,0.0006835889903955552],[0.0004057051390330447,0.0006702953503629578,0.000044764377248938014]]
[[-0.00030485566988838406,-0.00033703974145036337,-0.0007158237692088179],[-0.00009329108052265995,-0.0003202049506313163,0.0006722969375827526],[0.000398146750411044,0.0006572446920816797,0.000043526831626065256]]
[[-0.0002992975375473496,-0.00033081111144636784,-0.0007036242457851312],[-0.00009150074526354481,-0.00031376189181766504,0.0006612885553478345],[0.00039079828281089437,0.0006445730032640329,0.0000423356904372967]]
[[-0.00029389143322966493,-0.0003247571502157251,-0.0006917430492189988],[-0.00008976059168020172,-0.0003075085689571371,0.0006505542751790422],[0.00038365202490986666,0.0006322657191728622,0.000041188774039956506]]
[[-0.0002886318336227608,-0.0003188712983645681,-0.0006801689585450876],[-0.00008806878261462061,-0.00030143767061619717,0.0006400849332973506],[0.00037670061623738143,0.0006203089689807653,0.0000400840252477369]]
[[-0.0002835134647157177,-0.00031314730428117876,-0.0006688912514464498],[-0.00008642356349367725,-0.00029554223216635676,0.0006298717500968198],[0.000369937028209395,0.0006086895364475355,0.00003901950134963005]]
[[-0.00027853128839869966,-0.00030757920686857906,-0.0006578996775216446],[-0.00008482325794754346,-0.0002898156163049836,0.0006199063108024198],[0.0003633545463462431,0.0005973948231735627,0.00003799336671922484]]
[[-0.0002736804898955025,-0.00030216131940075417,-0.0006471844332287023],[-0.00008326626369498051,-0.0002842514948373906,0.0006101805472630863],[0.00035694675359048306,0.0005864128142381447,0.00003700388596561604]]
[[-0.0002689564659705804,-0.0002968882144195529,-0.0006367361383856207],[-0.00008175104867723303,-0.0002788438316278951,0.0006006867208040109],[0.0003507075146478134,0.000575732046047448,0.00003604941758160983]]
[[-0.0002643548138565053,-0.00029175470959614717,-0.0006265458141167708],[-0.00008027614742362912,-0.00027358686663505927,0.0005914174060678675],[0.00034463096128013444,0.0005653415762312064,0.000035128408048903335]]
[[-0.0002598713208520264,-0.0002867558544871479,-0.0006166048621434436],[-0.0000788401576332607,-0.0002684751009531701,0.0005823654757799164],[0.0003387114784852871,0.000555230955440318,0.000034239386363527186]]
[[-0.00025550195454472207,-0.0002818869181211172,-0.0006069050453248108],[-0.00007744173695828654,-0.0002635032827882576,0.0005735240863767281],[0.0003329436915030086,0.0005453902009093747,0.00003338095894808265]]
[[-0.0002512428536157682,-0.00027714337735638294,-0.0005974384693629307],[-0.00007607959997547165,-0.00025866639430263965,0.0005648866644426793],[0.0003273224535912398,0.0005358097716590226,0.000032551804920251444]]
[[-0.000247090319187554,-0.0002725209059557409,-0.0005881975655921305],[-0.00007475251533356069,-0.0002539596392671729,0.0005564468939024238],[0.0003218428345211147,0.0005264805452229138,0.00003175067168970669]]
[[-0.00024304080667783746,-0.00026801536432792685,-0.0005791750747792346],[-0.00007345930306498861,-0.00024937843146513497,0.0005481987039212727],[0.0003165001097428261,0.0005173937957930618,0.00003097637085796192]]
[[-0.00023909091812683434,-0.0002636227898896464,-0.0005703640318667094],[-0.0000721988320512659,-0.00024491838379599894,0.0005401362574688408],[0.0003112897501781002,0.0005085411736856453,0.00003022777439786866]]
[[-0.0002352373949661225,-0.0002593393880055306,-0.0005617577515959348],[-0.00007097001763214084,-0.0002405752980313248,0.0005322539405044821],[0.00030620741259826335,0.0004999146860368554,0.000029503811091452647]]
[[-0.00023147711120052498,-0.0002551615234666518,-0.0005533498149525078],[-0.00006977181934935038,-0.00023634515517863202,0.0005245463517459434],[0.0003012489305498754,0.0004915066786452838,0.000028803463206564307]]
[[-0.0002278070669762371,-0.00025108571247123626,-0.0005451340563798062],[-0.0000686032388164201,-0.00023222410641243808,0.0005170082929853528],[0.0002964103057926572,0.0004833098188836744,0.000028125763394453438]]
[[-0.0002242243825103878,-0.0002471086150739447,-0.0005371045517109836],[-0.00006746331770657679,-0.00022820846453470512,0.0005096347599191333],[0.0002916877002169646,0.0004753170796086498,0.00002746979179185035]]
[[-0.00022072629235900932,-0.00024322702807261449,-0.0005292556067732138],[-0.00006635113585138987,-0.000224294695929735,0.0005024209334607265],[0.0002870774282103992,0.0004675217240023495,0.000026834673312487207]]
[[-0.00021731014000201898,-0.00023943787830366014,-0.0005215817466213361],[-0.00006526580944327213,-0.00022047941298112764,0.0004953621715071226],[0.0002825759494452911,0.00045991729128478775,0.00002621957511421347]]
[[-0.0002139733727253329,-0.00023573821631945032,-0.0005140777053611248],[-0.00006420648933544035,-0.0002167593669207781,0.0004884540011321443],[0.0002781798620607732,0.0004524975832402284,0.00002562370422898041]]
[[-0.00021071353678161694,-0.00023212521042292644,-0.0005067384165252355],[-0.00006317235943337783,-0.0002131314410820644,0.00048169211118125114],[0.00027388589621499477,0.00044525665150499085,0.00002504630534398438]]
[[-0.00020752827281246772,-0.000228596141036516,-0.000499559003967483],[-0.00006216263517224192,-0.00020959264453137771,0.00047507234524429474],[0.00026969090798470966,0.0004381887855678937,0.00002448665872318823]]
[[-0.000204415311516002,-0.00022514839538404524,-0.0004925347732435101],[-0.00006117656207503587,-0.00020614010605398702,0.00046859069498421873],[0.00026559187359103786,0.00043128850143803226,0.000023944078259291408]]
[[-0.00020137246954492856,-0.00022177946246586865,-0.00048566120344811905],[-0.000060213414386711645,-0.00020277106847193214,0.0004622432938011285],[0.0002615858839316402,0.00042455053093780077,0.00002341790964699056]]
[[-0.00019839764562118857,-0.00021848692830883193,-0.0004789339394815756],[-0.0000592724937796904,-0.00019948288327319993,0.0004560264108124898],[0.00025767013940087896,0.00041796981158203185,0.000022907528669085766]]
[[-0.0001954888168541927,-0.00021526847147397668,-0.00047234878471909844],[-0.000058353128126586335,-0.0001962730055328859,0.00044993644513146317],[0.00025384194498077905,0.0004115414770068626,0.00002241233958763529]]
[[-0.00019264403525054316,-0.00021212185880607813,-0.000465901694059474],[-0.000057454670336195314,-0.0001931389891083757,0.00044396992042651816],[0.0002500987055867385,0.0004052608479144538,0.000021931773632955878]]
[[-0.0001898614244039414,-0.00020904494141021004,-0.00045958876733036497],[-0.0000565764972490673,-0.0001900784820918152,0.0004381234797465528],[0.0002464379216530087,0.00039912342350202526,0.000021465287583812137]]
[[-0.0001871391763547214,-0.00020603565084154377,-0.0004534062430293671],[-0.00005571800858921747,-0.00018708922250427278,0.00043239388059672823],[0.00024285718494393888,0.0003931248733458166,0.000021012362432638827]]
[[-0.00018447554860914132,-0.00020309199549552428,-0.0004473504923812555],[-0.00005487862596875474,-0.0001841690342170562,0.00042677799025115856],[0.00023935417457789608,0.00038726102971258045,0.00002057250213009699]]
[[-0.00018186886130920797,-0.0002002120571864346,-0.00044141801369314114],[-0.000054057791942410996,-0.00018131582308661813,0.0004212727812894521],[0.00023592665325161897,0.00038152788027305274,0.00002014523240368901]]
[[-0.00017931749454440263,-0.000197393987903163,-0.00043560542699045036],[-0.000053254969109144335,-0.00017852757329038827,0.0004158753273449066],[0.00023257246365354696,0.00037592156119355125,0.000019730099645543745]]
[[-0.00017681988579722983,-0.00019463600673172866,-0.0004299094689177411],[-0.00005246963925817021,-0.00017580234385170885,0.0004105827990529021],[0.00022928952505540004,0.0003704383505834375,0.00001932666986483897]]
[[-0.0001743745275150252,-0.00019193639693481222,-0.00042432698788939116],[-0.0000517013025569371,-0.0001731382653428227,0.0004053924601887328],[0.00022607583007196232,0.0003650746622776349,0.000018934527700658343]]
[[-0.00017197996480093495,-0.00018929350317917516,-0.0004188549394761516],[-0.00005094947677871982,-0.00017053353675558673,0.0004003016639847719],[0.00022292944157965475,0.0003598270399347619,0.000018553275491379712]]
[[-0.00016963479321742506,-0.00018670572890244386,-0.00041349038201443335],[-0.00005021369656764602,-0.00016798642253024914,0.00039530784961746136],[0.0002198484897850711,0.000354692151432693,0.00001818253239697199]]
[[-0.00016733765669609208,-0.00018417153381128568,-0.00040823047242602765],[-0.000049493512739105726,-0.00016549524973325067,0.0003904085388551949],[0.0002168311694351978,0.0003496667835445363,0.00001782193357083273]]
[[-0.0001650872455479304,-0.00018168943150351273,-0.0004030724622367128],[-0.00004878849161361907,-0.0001630584053755859,0.0003856013328586758],[0.00021387573716154945,0.00034474783687909864,0.000017471129378037027]]
[[-0.00016288229456857409,-0.0001792579872071261,-0.00039801369378292717],[-0.00004809821438235279,-0.00016067433386379785,0.0003808839091258418],[0.00021098050895092686,0.0003399323210709239,0.000017129784657085297]]
[[-0.00016072158123336185,-0.0001768758156297522,-0.00039305159659633684],[-0.000047422276502586934,-0.00015834153457617618,0.00037625401857389624],[0.0002081438577359488,0.00033521735020592834,0.00001679757802244061]]
[[-0.0001586039239773878,-0.00017454157891233564,-0.00038818368395675577],[-0.00004676028712153227,-0.00015605855955719576,0.00037170948275142387],[0.00020536421109892006,0.0003306001384695314,0.00001647420120533188]]
[[-0.00015652818055599205,-0.00017225398468133187,-0.0003834075496044464],[-0.00004611186852699596,-0.00015382401132366138,0.000367248191173974],[0.00020264004908298802,0.00032607799600499325,0.000016159358430472456]]
[[-0.00015449324648141667,-0.00017001178419400243,-0.0003787208646033687],[-0.00004547665562348074,-0.00015163654077643033,0.00036286809877686605],[0.00019996990210489744,0.00032164832497043273,0.000015852765826502633]]
[[-0.00015249805353160592,-0.0001678137705717437,-0.0003741213743474468],[-0.00004485429543238565,-0.00014949484521195675,0.00035856722347933347],[0.00019735234896399158,0.0003173086157837005,0.00001555415086811336]]
[[-0.00015054156832736794,-0.00016565877711669072,-0.00036960689570239406],[-0.00004424444661505514,-0.00014739766642825453,0.00035434364385445057],[0.00019478601494242307,0.00031305644354494527,0.000015263251847943487]]
[[-0.0001486227909743362,-0.00016354567570712553,-0.0003651753142760692],[-0.000043646779017494564,-0.00014534378892019917,0.0003501954968995973],[0.00019226956999183076,0.0003088894646273247,0.000014979817376471947]]
[[-0.0001467407537663775,-0.00016147337526748856,-0.0003608245818107535],[-0.0000430609732356389,-0.0001433320381593955,0.0003461209759025111],[0.0001898017270020164,0.00030480541342688404,0.000014703605908242367]]
[[-0.0001448945199472852,-0.00015944082030904072,-0.00035655271369111505],[-0.000042486720200125685,-0.00014136127895412304,0.0003421183283982485],[0.00018738124014741088,0.00030080209926316374,0.000014434385292866518]]
[[-0.0001430831825277811,-0.0001574469895374619,-0.000352357786561989],[-0.00004192372077958145,-0.00013943041388513473,0.00033818585421263294],[0.00018500690330736254,0.0002968774034225966,0.000014171932349356062]]
[[-0.00014130586315501734,-0.00015549089452388605,-0.00034823793605043697],[-0.000041371685401488224,-0.00013753838181333533,0.00033432190358801317],[0.00018267754855650557,0.00029302927633722143,0.000013916032462423808]]
[[-0.00013956171103192948,-0.00015357157843608223,-0.00034419135458685964],[-0.00004083033368974864,-0.00013568415645559664,0.0003305248753873748],[0.0001803920447216781,0.00028925573489167885,0.00001366647919948487]]
[[-0.00013784990188394253,-0.0001516881148266784,-0.0003402162893202392],[-0.00004029939411811744,-0.00013386674502518557,0.0003267932153730712],[0.00017814929600206,0.00028555485985186396,0.000013423073947168006]]
[[-0.00013616963697067066,-0.00014983960647550783,-0.0003363110401228533],[-0.00003977860367871319,-0.00013208518693348312,0.0003231254145566289],[0.00017594824064938385,0.000281924793408991,0.000013185625566224435]]
[[-0.00013452014214038253,-0.00014802518428332225,-0.0003324739576800702],[-0.00003926770756486785,-0.0001303385525498637,0.0003195200076162805],[0.0001737878497052504,0.00027836373683318594,0.00001295395006378968]]
[[-0.00013290066692512952,-0.00014624400621427553,-0.00032870344166107334],[-0.0000387664588676123,-0.00012862594201678218,0.00031597557137905136],[0.0001716671257927418,0.00027486994823105765,0.000012727870282021946]]
[[-0.0001313104836745468,-0.0001444952562847266,-0.00032499793896659094],[-0.00003827461828513397,-0.00012694648411728447,0.00031249072336439216],[0.00016958510195968078,0.00027144174040201106,0.000012507215602198815]]
[[-0.00012974888672644992,-0.00014277814359605167,-0.00032135594204992397],[-0.000037791953844579416,-0.0001252993351923124,0.00030906412038651056],[0.00016754084057102932,0.0002680774787883641,0.000012291821663413437]]
[[-0.0001282151916124471,-0.00014109190140927977,-0.00031777598730776144],[-0.00003731824063560794,-0.00012368367810532246,0.00030569445721269974],[0.00016553343224805502,0.00026477557951460224,0.000012081530095061706]]
[[-0.0001267087342968881,-0.00013943578625949345,-0.00031425665353746574],[-0.00003685326055513405,-0.00012209872125187459,0.00030238046527510207],[0.00016356199485202216,0.00026153450751136806,0.000011876188262363658]]
[[-0.00012522887044755812,-0.0001378090771080451,-0.00031079656045768656],[-0.000036396802062727386,-0.00012054369761197828,0.0002991209114334796],[0.0001616256725102855,0.00025835277472002337,0.000011675649024206956]]
[[-0.00012377497473660943,-0.0001362110745307484,-0.0003073943672893278],[-0.000035948659946165805,-0.0001190178638431028,0.0002959145967866844],[0.00015972363468277526,0.0002552289383738512,0.000011479770502643421]]
[[-0.00012234644017030768,-0.00013464109994030634,-0.0003040487713940519],[-0.00003550863509666467,-0.00011752049941187503,0.00029276035553064115],[0.00015785507526697235,0.00025216159935218137,0.000011288415863410756]]
[[-0.0001209426774462385,-0.0001330984948413271,-0.0003007585069676503],[-0.00003507653429333031,-0.00011605090576259343,0.000289657053860763],[0.0001560192117395688,0.00024914940060392053,0.000011101453106887298]]
[[-0.00011956311433669782,-0.00013158262011637417,-0.0002975223437857518],[-0.00003465216999640842,-0.00011460840552078957,0.00028660358891682684],[0.00015421528433310624,0.0002461910256371637,0.00001091875486892501]]
[[-0.00011820719509705059,-0.00013009285534157396,-0.0002943390859994705],[-0.00003423536014892171,-0.00011319234173016222,0.0002835988877684341],[0.0001524425552459723,0.00024328519707173617,0.000010740198231036392]]
[[-0.00011687437989790875,-0.00012862859813038752,-0.0002912075709787161],[-0.00003382592798631074,-0.00011180207712129898,0.00028064190643927264],[0.00015070030788421948,0.0002404306752516865,0.000010565664539443464]]
[[-0.00011556414428003745,-0.00012718926350422456,-0.00028812666820101073],[-0.000033423701853712553,-0.00011043699341068467,0.0002777316289684861],[0.00014898784613375,0.00023762625691490925,0.00001039503923252463]]
[[-0.00011427597863095394,-0.0001257742832886474,-0.0002850952781837634],[-0.00003302851503052968,-0.00010909649062857367,0.00027486706650754094],[0.00014730449366148364,0.00023487077391722106,0.000010228211676222494]]
[[-0.00011300938768223807,-0.00012438310553397917,-0.00028211233145805653],[-0.0000326402055619605,-0.00010777998647437991,0.00027204725645105574],[0.00014564959324419856,0.00023216309200835907,0.000010065075007000786]]
[[-0.00011176389002662061,-0.00012301519395919124,-0.00027917678758209905],[-0.0000322586160971776,-0.00010648691569830642,0.00026927126160013686],[0.0001440225061237982,0.00022950210965749768,9.90552598196221e-6]]
[[-0.0001105390176539652,-0.00012167002741800342,-0.00027628763419259065],[-0.00003188359373385714,-0.00010521672950800387,0.00026653816935682975],[0.00014242261138782235,0.0002268867569260073,9.749464835760938e-6]]
[[-0.0001093343155053023,-0.00012034709938618466,-0.00027344388609233287],[-0.00003151498986877687,-0.00010396889499910952,0.00026384709094836835],[0.00014084930537407918,0.00022431599438529418,9.596795143964524e-6]]
[[-0.00010814934104411589,-0.00011904591746909532,-0.0002706445843724991],[-0.00003115266005421429,-0.00010274289460857677,0.00026119716067996013],[0.00013930200109833017,0.0002217888120776721,9.447423692538935e-6]]
[[-0.00010698366384412357,-0.00011776600292855842,-0.000267888795568059],[-0.00003079646385989016,-0.0001015382255897608,0.0002585875352149098],[0.00013778012770401373,0.0002193042285183192,9.301260353149224e-6]]
[[-0.00010583686519282843,-0.00011650689022819524,-0.00026517561084492616],[-0.00003044626474021398,-0.00010035439950827922,0.000256017392880941],[0.00013628312993304242,0.00021686128973647445,9.158217963985137e-6]]
[[-0.0001047085377101552,-0.0001152681265964038,-0.0002625041452174612],[-0.000030101929906601803,-0.00009919094175771493,0.0002534859330016242],[0.000134810467616757,0.00021445906835411874,9.018212215836992e-6]]
[[-0.00010359828498151794,-0.00011404927160619823,-0.00025987353679503863],[-0.000029763330204645754,-0.00009804739109427557,0.0002509923752518762],[0.0001333616151861637,0.0002120966627004738,8.881161543162458e-6]]
[[-0.00010250572120469809,-0.00011284989677116865,-0.00025728294605643806],[-0.000029430339995926935,-0.00009692329918956826,0.00024853595903653885],[0.00013193606120062503,0.0002097731959607369,8.7469870198992e-6]]
[[-0.00010143047084994043,-0.00011166958515685436,-0.00025473155515088746],[-0.00002910283704427256,-0.00009581823020069001,0.00024611594289109667],[0.00013053330789421298,0.00020748781535754435,8.615612259790777e-6]]
[[-0.00010037216833270449,-0.00011050793100686103,-0.0002522185672246361],[-0.000028780702406267965,-0.00009473176035687341,0.00024373160390362867],[0.00012915287073897246,0.00020523969136373446,8.486963321007422e-6]]
[[-0.0000993304576985352,-0.00010936453938308331,-0.0002497432057719916],[-0.000028463820325843215,-0.00009366347756196445,0.00024138223715713825],[0.00012779427802437843,0.00020302801694504775,8.360968614853331e-6]]
[[-0.00009830499231954127,-0.00010823902581942546,-0.00024730471400980414],[-0.00002815207813276207,-0.00009261298101204479,0.00023906715519143976],[0.00012645707045230335,0.00020085200683147024,8.237558818364388e-6]]
[[-0.00009729543460199518,-0.00010713101598844282,-0.0002449023542744286],[-0.000027845366144850237,-0.00009157988082754477,0.00023678568748381856],[0.00012514080074684542,0.00019871089681598757,8.11666679061007e-6]]
[[-0.0000963014557045907,-0.00010604014538035407,-0.00024253540744024045],[-0.000027543577573805765,-0.0000905637976992227,0.0002345371799477165],[0.00012384503327839648,0.00019660394307957678,7.99822749252394e-6]]
[[-0.00009532273526691573,-0.0001049660589939002,-0.0002402031723588233],[-0.00002724660843444403,-0.00008956436254741976,0.00023232099444872828],[0.00012256934370135977,0.00019453042154131997,7.882177910095019e-6]]
[[-0.0000943589611477189,-0.00010390841103855184,-0.00023790496531798992],[-0.000026954357457234334,-0.00008858121619402426,0.00023013650833722733],[0.00012131331860495323,0.0001924896272325761,7.768456980762612e-6]]
[[-0.0000934098291725677,-0.0001028668646475892,-0.00023564011951983062],[-0.000026666726003993077,-0.00008761400904660772,0.0002279831139969662],[0.00012007655517656078,0.00019048087369419694,7.657005522864414e-6]]
[[-0.00009247504289051445,-0.00010184109160160216,-0.00023340798457702607],[-0.0000263836179866049,-0.00008666240079422182,0.00022586021840903048],[0.00011885866087711935,0.00018850349239582398,7.547766167995598e-6]]
[[-0.00009155431333940442,-0.00010083077206197827,-0.00023120792602669357],[-0.00002610493978864731,-0.00008572606011436577,0.00022376724273054903],[0.00011765925312805172,0.00018655683217634405,7.440683296144543e-6]]
[[-0.00009064735881947594,-0.00009983559431396747,-0.00022903932486106567],[-0.000025830600189802577,-0.00008480466439066097,0.00022170362188758889],[0.00011647795900927851,0.00018464025870462843,7.3357029734767826e-6]]
[[-0.00008975390467491955,-0.00009885525451893046,-0.00022690157707433756],[-0.00002556051029294333,-0.00008389789944078718,0.00021966880418169136],[0.00011531441496786287,0.00018275315395971763,7.232772892646196e-6]]
[[-0.00008887368308307758,-0.00009788945647539683,-0.00022479409322504455],[-0.00002529458345378546,-0.0000830054592542586,0.00021766225090952637],[0.00011416826653686305,0.00018089491572965543,7.131842315518194e-6]]
[[-0.00008800643285097937,-0.00009693791138857417,-0.000222716298013361],[-0.000025032735213005185,-0.00008212704573963549,0.00021568343599516588],[0.00011303916806398455,0.00017906495712820966,7.032862018195136e-6]]
[[-0.00008715189921892214,-0.00009600033764796903,-0.0002206676298727381],[-0.00002477488323072298,-0.00008126236848078586,0.0002137318456344973],[0.00011192678244964513,0.00017726270612875489,6.935784238240805e-6]]
[[-0.00008630983367081897,-0.00009507646061279191,-0.000218647540575325],[-0.000024520947223260327,-0.00008041114450183025,0.0002118069779513206],[0.00011083078089407929,0.00017548760511462214,6.840562624004378e-6]]
[[-0.00008547999375104928,-0.00009416601240483694,-0.00021665549485064064],[-0.000024270848902080005,-0.00007957309804041825,0.00020990834266468975],[0.00010975084265312928,0.0001737391104452552,6.7471521859508886e-6]]
[[-0.00008466214288755716,-0.00009326873170853841,-0.0002146909700169874],[-0.000024024511914824575,-0.00007874796032900186,0.00020803546076707887],[0.00010868665480238173,0.00017201669203754027,6.655509249908545e-6]]
[[-0.00008385605022095502,-0.00009238436357792008,-0.0002127534556251189],[-0.000023781861788371162,-0.00007793546938378547,0.00020618786421297067],[0.00010763791200932619,0.00017031983296170554,6.565591412148237e-6]]
[[-0.00008306149043940087,-0.00009151265925016707,-0.00021084245311369645],[-0.00002354282587382426,-0.00007713536980104712,0.00020436509561748165],[0.00010660431631322512,0.0001686480290512142,6.4773574962147965e-6]]
[[-0.0000822782436190264,-0.00009065337596556006,-0.00020895747547608834],[-0.000023307333293371925,-0.00007634741256053853,0.00020256670796465527],[0.00010558557691239833,0.00016700078852609858,6.3907675114330755e-6]]
[[-0.000081506095069704,-0.00008980627679352452,-0.00020709804693808416],[-0.000023075314888933476,-0.00007557135483568469,0.00020079226432506795],[0.00010458140995863748,0.0001653776316292092,6.305782613016227e-6]]
[[-0.00008074483518594845,-0.00008897113046455757,-0.0002052637026461148],[-0.000022846703172530644,-0.00007480695981031695,0.0001990413375824086],[0.00010359153835847908,0.00016377809027487452,6.222365063706199e-6]]
[[-0.00007999425930275979,-0.00008814771120780669,-0.00020345398836558773],[-0.000022621432278316155,-0.00007405399650168318,0.00019731351016870675],[0.00010261569158107594,0.00016220170770948986,6.140478196880984e-6]]
[[-0.00007925416755621964,-0.0000873357985940821,-0.00020166846018896043],[-0.000022399437916197093,-0.00007331223958949202,0.00019560837380789515],[0.00010165360547241675,0.00016064803818357414,6.060086381065274e-6]]
[[-0.00007852436474866332,-0.00008653517738409625,-0.00019990668425319446],[-0.000022180657326992812,-0.00007258146925075724,0.00019392552926740983],[0.00010070502207565613,0.0001591166466348535,5.981154985784625e-6]]
[[-0.00007780466021825599,-0.0000857456373817315,-0.0001981682364662423],[-0.000021965029239070262,-0.00007186147100021921,0.00019226458611753622],[0.00009976968945732625,0.0001576071083819507,5.903650348706055e-6]]
[[-0.0000770948677128099,-0.00008496697329214577,-0.00019645270224224087],[-0.000021752493826400603,-0.00007115203553612947,0.00019062516249823013],[0.00009884736153921051,0.00015611900882827524,5.8275397440107335e-6]]
[[-0.0000763948052676845,-0.00008419898458453396,-0.00019475967624508954],[-0.00002154299266798528,-0.00007045295859119412,0.00018900688489314284],[0.00009793779793566978,0.00015465194317572806,5.752791351946695e-6]]
[[-0.00007570429508761993,-0.00008344147535937139,-0.00019308876214011423],[-0.000021336468708599934,-0.00006976404078847964,0.00018740938791060176],[0.00009704076379621987,0.00015320551614785103,5.679374229512475e-6]]
[[-0.00007502316343235901,-0.00008269425421997129,-0.0001914395723535217],[-0.000021132866220808295,-0.00006908508750209462,0.00018583231407129776],[0.00009615602965316731,0.0001517793417220659,5.607258282223956e-6]]
[[-0.00007435124050591941,-0.00008195713414819681,-0.00018981172783936662],[-0.00002093213076819893,-0.00006841590872246657,0.00018427531360244658],[0.00009528337127411834,0.00015037304287066338,5.53641423692004e-6]]
[[-0.00007368836034938365,-0.00008122993238417451,-0.00018820485785376302],[-0.000020734209169800467,-0.00006775631892604271,0.0001827380442381991],[0.00009442256951918412,0.00014898625131021722,5.4668136155639205e-6]]
[[-0.00007303436073707905,-0.00008051247030986118,-0.0001866185997360812],[-0.000020539049465632326,-0.00006710613694924936,0.00018122017102608222],[0.00009357341020271138,0.00014761860725911053,5.398428709998984e-6]]
[[-0.0000723890830760261,-0.00007980457333632431,-0.00018505259869688477],[-0.00002034660088334982,-0.00006646518586655204,0.00017972136613926434],[0.00009273568395937591,0.00014626975920287635,5.331232557620439e-6]]
[[-0.0000717523723085375,-0.0000791060707946001,-0.00018350650761236788],[-0.00002015681380594436,-0.00006583329287246515,0.00017824130869444266],[0.00009190918611448186,0.00014493936366706526,5.26519891792522e-6]]
[[-0.000071124076817856,-0.00007841679582999997,-0.00018197998682506757],[-0.0000199696397404605,-0.00006521028916736541,0.0001767796845751629],[0.0000910937165583165,0.0001436270849973654,5.2003022499046846e-6]]
[[-0.00007050404833672233,-0.00007773658529974062,-0.00018047270395062974],[-0.000019785031287693944,-0.00006459600984697038,0.00017533618626038375],[0.00009028907962441628,0.000142332595146711,5.13651769024598e-6]]
[[-0.00006989214185877009,-0.00007706527967377887,-0.00017898433369041978],[-0.000019602942112835258,-0.00006399029379534854,0.00017391051265811024],[0.00008949508397160534,0.0001410555734691274,5.073821032309553e-6]]
[[-0.0000692882155526479,-0.00007640272293873652,-0.00017751455764977475],[-0.000019423326917026094,-0.00006339298358133226,0.00017250236894392277],[0.000088711542469674,0.00013979570652006878,5.0121887058519585e-6]]
[[-0.00006869213067877299,-0.00007574876250480499,-0.00017606306416170387],[-0.000019246141409795357,-0.00006280392535821154,0.00017111146640423988],[0.00008793827208856835,0.00013855268786301653,4.951597757463997e-6]]
[[-0.0000681037515086245,-0.000075103249115525,-0.0001746295481158494],[-0.000019071342282344867,-0.00006222296876658994,0.0001697375222841533],[0.00008717509379096937,0.00013732621788211494,4.892025831696106e-6]]
[[-0.00006752294524648832,-0.00007446603676033886,-0.0001732137107925292],[-0.00001889888718165424,-0.00006164996684028999,0.0001683802596396855],[0.00008642183242814256,0.00013611600360062884,4.833451152843717e-6]]
[[-0.00006694958195356834,-0.00007383698258981927,-0.0001718152597016877],[-0.000018728734685377355,-0.00006108477591519928,0.00016703940719432105],[0.0000856783166389457,0.00013492175850501854,4.775852507366662e-6]]
[[-0.00006638353447438279,-0.00007321594683348,-0.0001704339084265898],[-0.00001856084427750163,-0.00006052725554095228,0.00016571469919967187],[0.00008494437875188442,0.00013374320237443229,4.71920922691795e-6]]
[[-0.00006582467836536719,-0.00007260279272007954,-0.00016906937647209722],[-0.00001839517632474528,-0.00005997726839534901,0.0001644058753001392],[0.00008421985469011247,0.00013258006111542856,4.6635011719580015e-6]]
[[-0.00006527289182560847,-0.0000719973864003307,-0.0001677213891173741],[-0.000018231692053666065,-0.000059434680201413065,0.0001631126804014423],[0.00008350458387927455,0.00013143206660174377,4.608708715931794e-6]]
[[-0.00006472805562963815,-0.00007139959687193386,-0.00016638967727287452],[-0.000018070353528457365,-0.00005889935964699702,0.00016183486454288728],[0.00008279840915809551,0.0001302989565189309,4.554812729987257e-6]]
[[-0.00006419005306221395,-0.00007080929590685336,-0.00016507397734146775],[-0.000017911123629408938,-0.000058371178306846854,0.00016057218277325404],[0.00008210117669162287,0.00012918047421370022,4.501794568213704e-6]]
[[-0.00006365876985502397,-0.00007022635798076137,-0.00016377403108356638],[-0.000017753966032008593,-0.00005785001056703896,0.0001593243950301853],[0.00008141273588703257,0.00012807636854780032,4.449636053381084e-6]]
[[-0.00006313409412524785,-0.00006965066020457433,-0.00016248958548612395],[-0.000017598845186663962,-0.000057335733551708735,0.00015809126602296368],[0.0000807329393119118,0.00012698639375628305,4.398319463160269e-6]]
[[-0.00006261591631591341,-0.00006908208225801221,-0.00016122039263537593],[-0.000017445726299023263,-0.000056828227051991255,0.00015687256511856922],[0.00008006164261493668,0.00012591030931000346,4.347827516806717e-6]]
[[-0.00006210412913798869,-0.00006852050632511148,-0.00015996620959320108],[-0.0000172945753108749,-0.000056327373457098496,0.00015566806623091152],[0.00007939870444886358,0.00012484787978220998,4.298143362289537e-6]]
[[-0.00006159862751415197,-0.00006796581703162667,-0.00015872679827698562],[-0.000017145358881606493,-0.000055833057687459795,0.00015447754771313603],[0.00007874398639575846,0.00012379887471908647,4.249250563849572e-6]]
[[-0.00006109930852418433,-0.00006741790138425723,-0.00015750192534287703],[-0.000016998044370205036,-0.000055345167129855866,0.00015330079225290682],[0.00007809735289438936,0.0001227630685141131,4.2011330899702165e-6]]
[[-0.00006060607135193145,-0.00006687664871163886,-0.00015629136207231747],[-0.000016852599817779952,-0.00005486359157447872,0.0001521375867705718],[0.0000774586711697114,0.00012174024028611759,4.153775301745664e-6]]
[[-0.00006011881723378312,-0.0000663419506070409,-0.00015509488426175197],[-0.000016708993930591944,-0.000054388223153852176,0.0001509877223201202],[0.00007682781116437506,0.00012073017376089308,4.1071619416317825e-6]]
[[-0.000059637449408621074,-0.00006581370087271355,-0.0001539122721154096],[-0.00001656719606357093,-0.000053918956283551024,0.00014985099399284396],[0.000076204645472192,0.00011973265715626457,4.061278122565621e-6]]
[[-0.00005916187306918732,-0.00006529179546583004,-0.0001527433101410593],[-0.000016427176204307303,-0.00005345568760465867,0.00014872720082361972],[0.00007558904927349462,0.00011874748307048871,4.016109317439571e-6]]
[[-0.00005869199531482747,-0.00006477613244597285,-0.00015158778704864708],[-0.00001628890495750056,-0.00005299831592790477,0.0001476161456997292],[0.00007498090027232803,0.00011777444837387762,3.971641348917875e-6]]
[[-0.00005822772510556388,-0.00006426661192411221,-0.00015044549565172192],[-0.00001615235352985123,-0.000052546742179427854,0.00014651763527213975],[0.0000743800786354151,0.00011681335410354006,3.927860379582156e-6]]
[[-0.00005776897321745692,-0.00006376313601302912,-0.00014931623277156407],[-0.000016017493715380908,-0.000052100869348108894,0.00014543147986916934],[0.00007378646693283783,0.00011586400536113801,3.884752902394722e-6]]
[[-0.00005731565219921249,-0.00006326560877913646,-0.00014819979914393005],[-0.00001588429788116737,-0.000051660602434424174,0.00014435749341246243],[0.00007319995008037986,0.00011492621121356063,3.84230573146762e-6]]
[[-0.0000568676763299966,-0.0000627739361956525,-0.00014709599932833335],[-0.000015752738953480875,-0.00005122584840076781,0.00014329549333520655],[0.00007262041528347748,0.00011399978459642031,3.8005059931267935e-6]]
[[-0.00005642496157841832,-0.00006228802609708402,-0.0001460046416197812],[-0.00001562279040430916,-0.00005079651612319564,0.0001422453005025207],[0.00007204775198272747,0.00011308454222027967,3.759341117260485e-6]]
[[-0.00005598742556264453,-0.00006180778813497681,-0.0001449255379628921],[-0.0000154944262382587,-0.00005037251634454495,0.00014120673913395034],[0.00007148185180090322,0.00011218030447952175,3.718798828941762e-6]]
[[-0.000055554987511610845,-0.00006133313373489352,-0.00014385850386832048],[-0.000015367620979820144,-0.0000499537616288845,0.00014017963672800484],[0.00007092260849143099,0.00011128689536377802,3.6788671403156386e-6]]
[[-0.000055127568227294125,-0.00006086397605457999,-0.00014280335833141702],[-0.000015242349660986745,-0.00004954016631725303,0.00013916382398867605],[0.00007036991788828088,0.00011040414237183303,3.63953434274098e-6]]
[[-0.00005470509004801372,-0.000060400229943282125,-0.00014175992375305694],[-0.000015118587809214236,-0.00004913164648464405,0.00013815913475387836],[0.00006982367785722795,0.00010953187642792617,3.6007889991785705e-6]]
[[-0.000054287476812729305,-0.00005994181190217779,-0.00014072802586256986],[-0.00001499631143571192,-0.00004872811989819746,0.00013716540592575342],[0.00006928378824844122,0.00010866993180037526,3.5626199368164346e-6]]
[[-0.00005387465382630475,-0.000059488640045888675,-0.0001397074936427078],[-0.000014875497024054243,-0.000048329505976559415,0.00013618247740278342],[0.000068750150850359,0.0001078181460224481,3.5250162399243656e-6]]
[[-0.000053466547825707716,-0.00005904063406503785,-0.00013869815925658888],[-0.000014756121519103096,-0.00004793572575037335,0.00013521019201365964],[0.0000682226693448108,0.0001069763598154112,3.487967242929245e-6]]
[[-0.00005306308694711662,-0.000058597715189821416,-0.00013769985797655774],[-0.00001463816231623127,-0.00004754670182386645,0.0001342483954528539],[0.00006770124926334789,0.00010614441701368787,3.451462523703844e-6]]
[[-0.0000526642006939072,-0.00005815980615456257,-0.00013671242811490539],[-0.000014521597250837508,-0.00004716235833749705,0.00013329693621784382],[0.00006718579794474472,0.00010532216449205963,3.415491897061595e-6]]
[[-0.0000522698199054918,-0.00005772683116321748,-0.0001357357109563927],[-0.000014406404588144394,-0.00004678262093162956,0.0001323556655479425],[0.00006667622449363619,0.00010450945209484704,3.3800454084501745e-6]]
[[-0.00005187987672698517,-0.00005729871585580416,-0.00013476955069252302],[-0.000014292563013270504,-0.00004640741671120513,0.000131424437364686],[0.00006617243974025567,0.00010370613256700929,3.3451133278370296e-6]]
[[-0.00005149430457967256,-0.00005687538727572632,-0.0001338137943575139],[-0.000014180051621568017,-0.00004603667421137655,0.00013050310821373335],[0.00006567435620124058,0.00010291206148710288,3.3106861437805567e-6]]
[[-0.00005111303813225488,-0.00005645677383796413,-0.00013286829176591562],[-0.000014068849909218366,-0.000045670323364078056,0.0001295915372082355],[0.00006518188804147324,0.00010212709720204218,3.2767545576801276e-6]]
[[-0.00005073601327284869,-0.000056042805298106834,-0.00013193289545182957],[-0.000013958937764077445,-0.00004530829546550057,0.00012868958597363024],[0.00006469495103692615,0.0001013511007636074,3.2433094781993397e-6]]
[[-0.000050363167081717486,-0.00005563341272220035,-0.00013100746060967886],[-0.000013850295456763364,-0.00004495052314444507,0.00012779711859382253],[0.00006421346253848085,0.00010058393586664542,3.210342015856342e-6]]
[[-0.00004999443780471322,-0.0000552285284573868,-0.0001300918450364861],[-0.000013742903631979112,-0.00004459694033152667,0.00012691400155871033],[0.00006373734143669233,0.00009982546878891348,3.1778434777757843e-6]]
[[-0.00004962976482740657,-0.000054828086103310995,-0.00012918590907561432],[-0.000013636743300063248,-0.00004424748222920384,0.00012604010371301748],[0.00006326650812746982,0.00009907556833251483,3.1458053625968272e-6]]
[[-0.00004926908864988563,-0.000054432020484271834,-0.00012828951556192856],[-0.000013531795828761878,-0.00004390208528260732,0.00012517529620639656],[0.0000628008844786475,0.00009833410576687915,3.114219355531995e-6]]
[[-0.000048912350862203476,-0.000054040267622095984,-0.0001274025297683372],[-0.00001342804293521514,-0.00004356068715114462,0.00012431945244476515],[0.00006234039379741861,0.0000976009547732406,3.083077323572032e-6]]
[[-0.00004855949412045556,-0.0000536527647097126,-0.00012652481935367384],[-0.00001332546667815198,-0.00004322322668085689,0.0001234724480428422],[0.00006188496079860754,0.00009687599139056949,3.0523713108316475e-6]]
[[-0.00004821046212346823,-0.000053269450085408486,-0.00012565625431187996],[-0.000013224049450287043,-0.000042889643877504884,0.00012263416077784827],[0.00006143451157375528,0.00009615909396291336,3.022093534031712e-6]]
[[-0.00004786519959008091,-0.00005289026320774334,-0.00012479670692245277],[-0.00001312377397091373,-0.00004255987988036305,0.00012180447054433959],[0.00006098897356099464,0.00009545014308810639,2.992236378113192e-6]]
[[-0.000047523652237004625,-0.000052515144631106314,-0.00012394605170212112],[-0.0000130246232786877,-0.00004223387693669987,0.0001209832593101423],[0.00006054827551569232,0.00009474902156780619,2.962792391978814e-6]]
[[-0.00004718576675723999,-0.00005214403598189463,-0.00012310416535771503],[-0.000012926580724595136,-0.000041911578376924186,0.00012017041107335714],[0.00006011234748183513,0.00009405561435881882,2.933754284357903e-6]]
[[-0.00004685149079903885,-0.000051776879935296353,-0.00012227092674019555],[-0.000012829629965100583,-0.00004159292859037814,0.00011936581182040487],[0.00005968112076413943,0.00009336980852567449,2.9051149197906773e-6]]
[[-0.00004652077294539369,-0.000051413620192660015,-0.00012144621679981127],[-0.000012733754955468907,-0.000041277873001756956,0.00011856934948508326],[0.0000592545279008626,0.00009269149319441697,2.876867314728013e-6]]
[[-0.00004619356269403986,-0.000051054201459433746,-0.00012062991854235097],[-0.000012638939943256768,-0.00004096635804813791,0.0001177809139086082],[0.00005883250263729662,0.00009202055950757165,2.849004633742777e-6]]
[[-0.00004586981043795602,-0.00005069856942365803,-0.00011982191698646104],[-0.000012545169461968093,-0.00004065833115659977,0.00011700039680061144],[0.000058414979899924115,0.0000913569005802578,2.8215201858496078e-6]]
[[-0.000045549467446348644,-0.000050346670734995786,-0.00011902209912199845],[-0.000012452428324869444,-0.00004035374072241615,0.00011622769170106938],[0.00005800189577121808,0.00009070041145741193,2.794407420929068e-6]]
[[-0.00004523248584610659,-0.000049998452984284554,-0.00011823035386939029],[-0.00001236070161896043,-0.0000400525360878057,0.00011546269394313704],[0.00005759318746506702,0.00009005098907209025,2.767659926253242e-6]]
[[-0.00004491881860371303,-0.000049653864683596216,-0.00011744657203997195],[-0.000012269974699094669,-0.000039754667521222954,0.00011470530061686253],[0.000057188793302807704,0.00008940853220481916,2.7412714231094194e-6]]
[[-0.00004460841950760147,-0.000049312855246789456,-0.0001166706462972778],[-0.000012180233182247236,-0.000039460086197174505,0.00011395541053375906],[0.000056788652689848714,0.00008877294144396396,2.7152357635187256e-6]]
[[-0.00004430124315094345,-0.00004897537497054122,-0.00011590247111925667],[-0.000012091462941924294,-0.00003916874417654488,0.00011321292419220996],[0.00005639270609286775,0.00008814411914708609,2.689546927046713e-6]]
[[-0.00004399724491485605,-0.00004864137501584385,-0.00011514194276138856],[-0.000012003650102711081,-0.000038880594387418124,0.00011247774374368555],[0.000056000895017567125,0.00008752196940326197,2.6641990177030034e-6]]
[[-0.00004369638095201746,-0.000048310807389954634,-0.00011438895922067677],[-0.000011916781034954006,-0.0000385955906063801,0.00011174977295974949],[0.00005561316198697146,0.00008690639799633474,2.639186260927283e-6]]
[[-0.000043398608170679284,-0.00004798362492878511,-0.00011364342020049259],[-0.00001183084234957355,-0.00003831368744028872,0.00011102891719983385],[0.000055229450520252834,0.00008629731236907382,2.614503000658746e-6]]
[[-0.000043103884219064576,-0.00004765978127971808,-0.00011290522707624816],[-0.000011745820893004044,-0.00003803484030849799,0.0001103150833797616],[0.000054849705112068617,0.00008569462158821608,2.5901436964865714e-6]]
[[-0.00004281216747014108,-0.00004733923088484037,-0.00011217428286187707],[-0.000011661703742256778,-0.00003775900542552348,0.00010960817994099823],[0.00005447387121239786,0.00008509823631036385,2.5661029208788376e-6]]
[[-0.00004252341700675941,-0.0000470219289645797,-0.0001114504921770992],[-0.00001157847820010322,-0.00003748613978413669,0.0001089081168206118],[0.000054101895206862635,0.0000845080687487164,2.5423753564874153e-6]]
[[-0.00004223759260714598,-0.000046707831501734835,-0.00011073376121544975],[-0.000011496131790374823,-0.00003721620113887621,0.00010821480542192316],[0.000053733724397520805,0.00008392403264061104,2.518955793526587e-6]]
[[-0.00004195465473074137,-0.00004639689522588792,-0.000110023997713052],[-0.000011414652253376348,-0.00003694914798996393,0.00010752815858582903],[0.000053369306984117715,0.00008334604321585186,2.495839127222967e-6]]
[[-0.00004167456450437448,-0.00004608907759818883,-0.00010932111091811365],[-0.000011334027541409507,-0.00003668493956761516,0.00010684809056277885],[0.000053008592045783985,0.00008277401716580399,2.473020355334795e-6]]
[[-0.0000413972837087634,-0.00004578433679650108,-0.00010862501156112776],[-0.000011254245814403965,-0.000036423535816731486,0.0001061745169853896],[0.00005265152952316737,0.00008220787261323256,2.450494575738157e-6]]
[[-0.0000411227747653344,-0.00004548263170089976,-0.00010793561182576009],[-0.000011175295435652697,-0.00003616489738196593,0.00010550735484168172],[0.00005229807020098709,0.0000816475290828657,2.42825698407837e-6]]
[[-0.00004085100072335027,-0.00004518392187951192,-0.00010725282532040384],[-0.000011097164967649024,-0.00003590898559315006,0.00010484652244891939],[0.00005194816569099929,0.00008109290747266199,2.406302871484447e-6]]
[[-0.00004058192524733983,-0.00004488816757468991,-0.00010657656705038502],[-0.00001101984316802238,-0.00003565576245107306,0.00010419193942804034],[0.000051601768415362206,0.00008054393002576298,2.3846276223446793e-6]]
[[-0.00004031551260482059,-0.00004459532968950908,-0.0001059067533908015],[-0.000010943318985570244,-0.000035405190613603085,0.0001035435266786599],[0.000051258831590390844,0.00008000052030311217,2.3632267121416095e-6]]
[[-0.00004005172765430667,-0.00004430536977458091,-0.00010524330205997847],[-0.000010867581556383687,-0.00003515723338214154,0.00010290120635463391],[0.000050919309210690355,0.00007946260315672246,2.342095705344551e-6]]
[[-0.00003979053583359452,-0.000044018250015173316,-0.00010458613209352511],[-0.000010792620200063977,-0.000034911854688401404,0.00010226490184016722],[0.0000505831560336585,0.00007893010470357473,2.3212302533578878e-6]]
[[-0.00003953190314831908,-0.00004373393321862973,-0.00010393516381897656],[-0.000010718424416027728,-0.00003466901908150025,0.0001016345377264529],[0.00005025032756434681,0.00007840295230012999,2.300626092523649e-6]]
[[-0.00003927579616077321,-0.000043452382802079325,-0.00010329031883100594],[-0.000010644983879898509,-0.00003442869171536028,0.00010101003978882945],[0.00004992078004067172,0.0000778810745174396,2.280279042176491e-6]]
[[-0.000039022181978983566,-0.00004317356278043056,-0.00010265151996719206],[-0.000010572288439982194,-0.00003419083833640617,0.00010039133496444219],[0.00004959447041896576,0.00007736440111683673,2.260185002749865e-6]]
[[-0.00003877102824603599,-0.00004289743775464027,-0.00010201869128432835],[-0.000010500328113824298,-0.000033955425271553456,0.00009977835133039688],[0.00004927135635986029,0.00007685286302619372,2.2403399539314728e-6]]
[[-0.000038522303129644366,-0.00004262397290025186,-0.00010139175803525947],[-0.000010429093084846737,-0.00003372241941647917,0.00009917101808239252],[0.00004895139621449111,0.00007634639231673103,2.220739952866955e-6]]
[[-0.00003827597531195606,-0.00004235313395619457,-0.00010077064664623168],[-0.000010358573699062206,-0.00003349178822416745,0.00009856926551382158],[0.000048634549011018256,0.00007584492218036202,2.201381132410098e-6]]
[[-0.000038032013979588284,-0.000042084887213837925,-0.00010015528469474444],[-0.00001028876046186404,-0.00003326349969372284,0.0000979730249953261],[0.000048320774441452324,0.00007534838690756077,2.1822596994183427e-6]]
[[-0.00003779038881388906,-0.000041819199506293966,-0.00009954560088789024],[-0.000010219644034889526,-0.00003303752235944379,0.00009738222895479802],[0.000048010032848778584,0.00007485672186573775,2.1633719330922275e-6]]
[[-0.00003755106998141734,-0.00004155603819796147,-0.00009894152504117066],[-0.000010151215232954796,-0.00003281382528014992,0.0000967968108578131],[0.00004770228521437214,0.00007436986347811139,2.1447141833575575e-6]]
