[[4.242733290492655,-0.674777829000194,2.056474119763656],[-0.6024201532890907,-0.8289740134532375,0.19441715308885224],[-3.6403131372035644,1.5037518424534317,-2.250891272852508]]
[[5.2429152354365804,-3.9256683058120143,5.426366154876828],[-0.6905084751357218,-0.8767446105224966,0.14090263067863024],[-4.552406760300858,4.802412916334511,-5.567268785555458]]
[[-16.711311912568043,-13.467300350614222,7.836916028772738],[-0.8067821548294454,-1.0246092397291764,0.10289976845385768],[17.518094067397488,14.491909590343399,-7.939815797226596]]
[[0.20276401801374352,4.202436852307607,-3.549910705900739],[-0.9874961010474599,-1.1241358121635605,-0.027973095008248586],[0.7847320830337163,-3.078301040144047,3.5778838009089875]]
[[0.4914381549237108,1.411936958137436,-0.9171689009855568],[-1.4009187822122038,-1.2090408059345839,-0.5903069108074249],[0.909480627288493,-0.20289615220285206,1.5074758117929816]]
[[0.4072611750511884,0.9014672750339392,-0.4907677172376492],[-1.3952153676936734,-0.6270385558278317,-1.5121084798652649],[0.987954192642485,-0.27442871920610745,2.002876197102914]]
[[0.35045331690552484,0.7325707794623915,-0.3757810944156512],[-0.5542659390568818,0.11742866022753629,-1.2687577975720963],[0.203812622151357,-0.8499994396899277,1.6445388919877475]]
[[0.2998762144286371,0.6516698350577188,-0.352997342894281],[-0.12625254153619325,0.10124803970377777,-0.5148710159692629],[-0.17362367289244382,-0.7529178747614965,0.8678683588635439]]
[[0.25030467809814855,0.5968934008535968,-0.36137171141574426],[-0.04014438715521479,-0.07196527276119608,-0.09186998852054473],[-0.21016029094293376,-0.5249281280924007,0.453241699936289]]
[[0.20217379692369894,0.5516915833675383,-0.3803662542262494],[-0.02555023211950938,-0.18620767099319657,0.11740700596306974],[-0.17662356480418956,-0.36548391237434175,0.2629592482631797]]
[[0.15597680998100813,0.5109362248050825,-0.40263375365373516],[-0.015535592055487782,-0.24583587169374577,0.23363198829111081],[-0.14044121792552033,-0.2651003531113368,0.16900176536262432]]
[[0.1116849948144184,0.4726631320115746,-0.42554345751008843],[0.0001992896987531162,-0.2721346167646332,0.30777600133675864],[-0.11188428451317153,-0.20052851524694146,0.11776745617332979]]
[[0.06890299542045755,0.43584057001971066,-0.4482745172480802],[0.021623879459056798,-0.278640613282354,0.3610001312619453],[-0.09052687487951436,-0.15719995673735668,0.0872743859861349]]
[[0.027025457182369574,0.399683985476715,-0.4707103663255512],[0.04754800978332195,-0.27278746695700523,0.40293365055199964],[-0.07457346696569152,-0.1268965185197098,0.06777671577355157]]
[[-0.014672854492398805,0.3634177123392518,-0.4929808818742751],[0.07717155121870925,-0.2584969386669574,0.4384174385643789],[-0.062498696726310435,-0.10492077367229442,0.05456344330989613]]
[[-0.05699562595652319,0.3261731246096582,-0.5152551256438904],[0.1102004120252828,-0.23768787221814858,0.47008123617680364],[-0.05320478606875961,-0.08848525239150959,0.045173889467086725]]
[[-0.10081199632593682,0.2869241056008579,-0.5376303817770588],[0.14674137421804068,-0.2110567093849368,0.49939566015049164],[-0.04592937789210384,-0.07586739621592113,0.03823472162656718]]
[[-0.14705736297863112,0.2444246098915413,-0.5600489962469634],[0.18720047834571302,-0.17846311859127473,0.5271138402015455],[-0.040143115367081914,-0.06596149130026657,0.032935156045417864]]
[[-0.19673633640125182,0.19713428767962288,-0.5822054392875123],[0.23221032255690616,-0.1391011637475357,0.5534323689678655],[-0.035473986155654336,-0.05803312393208718,0.028773070319646737]]
[[-0.2509149477868615,0.14312662510154808,-0.603414665627838],[0.28257120181544665,-0.09154715338361355,0.577990184809819],[-0.03165625402858514,-0.05157947171793453,0.025424480818018964]]
[[-0.3106825861014984,0.07998079923763707,-0.6224105055227646],[0.33917929895666304,-0.033733947070068604,0.5997376900165884],[-0.028496712855164644,-0.04624685216756846,0.02267281550617619]]
[[-0.377049546690356,0.004670587619795292,-0.6370340651153515],[0.4029018853338093,0.03710980210884059,0.6166652563815087],[-0.02585233864345323,-0.041780389728635875,0.02036880873384277]]
[[-0.45071897058252436,-0.08650927234814906,-0.6437614157751569],[0.474334290357563,0.12450161222835576,0.6253545536534972],[-0.023615319775038664,-0.037992339880206685,0.018406862121659547]]
[[-0.5316266234468672,-0.197880256387693,-0.6370187602621955],[0.5533295044029872,0.23262187389106326,0.6203081002945265],[-0.021702880956120073,-0.034741617503370265,0.01671065996766894]]
[[-0.6180773288474737,-0.33396415467017526,-0.6082746099638352],[0.6381275980719768,0.3658844345705312,0.5930504029373588],[-0.02005026922450318,-0.03192027990035597,0.015224207026476422]]
[[-0.7052483739818258,-0.49828954970919254,-0.545064171342571],[0.7238542602440071,0.5277340363021682,0.5311579970395959],[-0.018605886262181254,-0.02944448659297571,0.01390617430297516]]
[[-0.7828911894936307,-0.6907148998390713,-0.43055758420457996],[0.8002191466961934,0.7179633740822513,0.4178312488047103],[-0.017327957202562725,-0.027248474243180006,0.012726335399869683]]
[[-0.8325639742944583,-0.9024594441320104,-0.24524562821607906],[0.8487463772975643,0.9277401216455463,0.23358229780452894],[-0.016182403003106065,-0.025280677513535937,0.011663330411550123]]
[[-0.8262507233145048,-1.108992800786857,0.026369258075575212],[0.8413924817990874,1.1324942371718825,-0.037072430630356396],[-0.015141758484582584,-0.023501436385025602,0.010703172554781187]]
[[-0.730908348113831,-1.264600345366032,0.3813632763604884],[0.74509335585193,1.2864821219352534,-0.39120117944201843],[-0.014185007738099088,-0.021881776569221564,0.009837903081530023]]
[[-0.5243952557095576,-1.3087038317796535,0.7799477434375393],[0.537693241939003,1.3291063513612267,-0.789011492228234],[-0.013297986229445415,-0.020402519581573,0.009063748790694656]]
[[-0.21952509741384582,-1.193902997633464,1.1409834237696053],[0.23199861397779675,1.2129556596651228,-1.1493618017139764],[-0.01247351656395091,-0.019052662031658736,0.00837837794437107]]
[[0.1256342453495679,-0.9240739282286984,1.3730200926495346],[-0.11392408524906535,0.9419001292245528,-1.3807978160555494],[-0.011710160100502555,-0.017826200995854465,0.007777723406014897]]
[[0.43296930999560174,-0.5635957846589928,1.4277772837554017],[-0.4219600859622025,0.5803137134598999,-1.435031174607327],[-0.011009224033399195,-0.0167179288009071,0.007253890851925213]]
[[0.6477631404425329,-0.19982226990485477,1.3248150096950728],[-0.6373918479831888,0.21554244604430586,-1.3316104648410043],[-0.010371292459344148,-0.01572017613945109,0.006795455145931354]]
[[0.7589111530016102,0.10392006884669194,1.1257022138863044],[-0.7491169847639961,-0.08909801256720848,-1.1320918942905118],[-0.009794168237613964,-0.014822056279483468,0.00638968040420747]]
[[0.7864394414305087,0.3245977585316423,0.8927608286343471],[-0.7771665991992713,-0.3105869668271657,-0.8987857519455379],[-0.009272842231237345,-0.014010791704476583,0.0060249233111907205]]
[[0.7595728155851007,0.4679126858459356,0.6672771785431117],[-0.7507721617433669,-0.4546390940056021,-0.6729691642596123],[-0.008800653841733789,-0.013273591840333472,0.005691985716500566]]
[[0.7032372623936086,0.5511489923835879,0.4687751763299098],[-0.6948666847524106,-0.5385499936604282,-0.47415950944103064],[-0.008370577641197955,-0.01259899872315974,0.005384333111120879]]
[[0.63429688036416,0.5922970292155526,0.30251114365257],[-0.6263207745330273,-0.5803195612026553,-0.3076088079203613],[-0.007976105831132813,-0.011977468012897306,0.005097664267791369]]
[[0.5626288604673907,0.6058175114669323,0.1666078054173729],[-0.5550171879045283,-0.5944161133965297,-0.1714370935064442],[-0.0076116725628624,-0.01140139807040269,0.004829288089071308]]
[[0.4933508267747273,0.6020357609325231,0.05651479342474198],[-0.4860780720474382,-0.5911708804148442,-0.06109234732259093],[-0.007272754727289112,-0.010864880517678904,0.004577553897848955]]
[[0.42871606609890467,0.5878614254217244,-0.032756122805087357],[-0.42176027066075217,-0.5774980634316393,0.02841470423038858],[-0.006955795438152461,-0.010363361990085081,0.004341418574698778]]
[[0.36938817366387694,0.567733306333236,-0.10570974323905527],[-0.36273012090635015,-0.5578399895910969,0.1015895910545085],[-0.006658052757526794,-0.00989331674213909,0.0041201521845467635]]
[[0.3152077357172561,0.5444119156998358,-0.1660965502149866],[-0.3088303031572491,-0.5349599451248249,0.16218339551385935],[-0.00637743256000699,-0.009451970575010932,0.003913154701127227]]
[[0.2656233083066786,0.5195520662552557,-0.21692092699975923],[-0.2595109738266909,-0.5105149810803534,0.21320107478248945],[-0.006112334479987613,-0.009037085174902234,0.0037198522172697773]]
[[0.21992087719610387,0.49408836789132626,-0.26054738475772554],[-0.21405935483622335,-0.4854415699947447,0.25700773892867784],[-0.005861522359880523,-0.008646797896581543,0.0035396458290477186]]
[[0.1773384339855324,0.46848452132356666,-0.29882534762480384],[-0.17171441260425419,-0.4602050141877017,0.295453454486529],[-0.005624021381278185,-0.008279507135864953,0.0033718931382748277]]
[[0.13711705213301378,0.44288961971616103,-0.3332018284990843],[-0.1317180124295695,-0.43495582685101475,0.3299859200782107],[-0.00539903970344431,-0.007933792865146302,0.003215908420873608]]
[[0.09851755526272486,0.4172324030099325,-0.36481281680419114],[-0.0933316445189573,-0.4096240398994688,0.3617418445366458],[-0.005185910743767568,-0.007608363110463717,0.0030709722675453296]]
[[0.060818755012575276,0.3912738816282531,-0.39455265955405405],[-0.055834703098588206,-0.3839718627392214,0.3916163146076954],[-0.004984051913987066,-0.007302018889031676,0.002936344946358623]]
[[0.023305824136922906,0.36463102645565315,-0.4231232617625768],[-0.018512888188957414,-0.35761739460820746,0.4203119816540541],[-0.004792935947965493,-0.007013631847445705,0.0028112801085227014]]
[[-0.014746668009885396,0.3367788511774507,-0.45106484802165997],[0.019358739539868317,-0.3300367208514953,0.4483698109939449],[-0.004612071529982919,-0.006742130325955387,0.002695037027715031]]
[[-0.054094559607267736,0.3070344879649012,-0.4787686875691233],[0.058535550161788505,-0.30054799719837555,0.4761817970078369],[-0.004440990554520767,-0.006486490766525651,0.002586890561286357]]
[[-0.09554494619873997,0.2745242142873724,-0.5064700135535114],[0.09982418612060188,-0.2682784819913269,0.5039838749241898],[-0.004279239921861914,-0.006245732296045435,0.002486138629321525]]
[[-0.13997584926123002,0.23813250944517395,-0.5342162734606479],[0.14410222551958385,-0.23211359645250318,0.531824166100969],[-0.004126376258353816,-0.006018912992670759,0.0023921073596788593]]
[[-0.18835063715733405,0.19643111850086134,-0.5618014027146349],[0.19233259949348175,-0.190625991668896,0.5594972484726309],[-0.003981962336147671,-0.005805126831965362,0.002304154242003987]]
[[-0.2417190419567818,0.1475863387406328,-0.5886503232815405],[0.24556460621769435,-0.14198283808187548,0.5864286535384593],[-0.0038455642609125556,-0.005603500658757329,0.002221669743081213]]
[[-0.3011885505243999,0.08924593958786883,-0.6136285186207838],[0.30490529923740545,-0.08383274880036415,0.6114844407065646],[-0.0037167487130055333,-0.005413190787504687,0.002144077914219263]]
[[-0.3678347982243157,0.01841706764572127,-0.6347389480576914],[0.37142987791635584,-0.013183688597777084,0.632668111444048],[-0.0035950796920401523,-0.005233379047944187,0.0020708366136434012]]
[[-0.4424923282499198,-0.0686287121182931,-0.6486546407370533],[0.4459724426151384,0.07369198044280167,0.6466532026229482],[-0.0034801143652186013,-0.005063268324508572,0.0020014381141050044]]
[[-0.5253211607183831,-0.17633137942506338,-0.6500294828789861],[0.5286925585418281,0.1812334573981615,0.6480940717736394],[-0.0033713978234450287,-0.004902077973098098,0.0019354111053467619]]
[[-0.6149769658248248,-0.3094930840756816,-0.630562089796197],[0.6182454227538557,0.31424212414076486,0.6286897643446794],[-0.00326845692903093,-0.004749040065083277,0.001872325451517593]]
[[-0.7071438191523918,-0.47218874536300676,-0.5779367272558962],[0.7103146133637844,0.4767921437444967,0.5761249257831205],[-0.0031707942113926935,-0.004603398381489924,0.0018118014727756258]]
[[-0.7922220381645461,-0.66522410524713,-0.47519731856060765],[0.7952999224277482,0.6696885188696015,0.4734437928348146],[-0.003077884263202087,-0.004464413622471335,0.0017535257257930777]]
[[-0.852408937854783,-0.8812620986468169,-0.3020605102422339],[0.8553981154860063,0.885593478922841,0.3003632357400584],[-0.0029891776312233145,-0.004331380276024102,0.0016972745021754782]]
[[-0.8598672626866287,-1.0975469351492724,-0.04107068419672514],[0.8627713831716757,1.1017505969366663,0.03942774126386985],[-0.0029041204850469566,-0.004203661787393999,0.0016429429328552831]]
[[-0.7804309596119696,-1.269640394033926,0.30833118221251127],[0.7832531594416543,1.273721141434519,-0.30992175171682773],[-0.0028221998296846526,-0.004080747400593075,0.0015905695043164862]]
[[-0.5887329250826718,-1.3360702409249772,0.7105672392117921],[0.5914759419033658,1.3400325609440655,-0.7121075726122488],[-0.002743016820693977,-0.003962320019088467,0.0015403334004567143]]
[[-0.29281744079697114,-1.2449792566006606,1.0867417221344717],[0.2954838075871307,1.2488275548944723,-1.08823421839112],[-0.002666366790159593,-0.003848298293811739,0.0014924962566481622]]
[[0.05277973767670521,-0.9935594449009283,1.3427647479791245],[-0.0501874646767873,0.9972982448347213,-1.3442120317662358],[-0.0025922729999179077,-0.0037387999337929727,0.0014472837871113268]]
[[0.36943668642225225,-0.6415083090391179,1.4235567035701524],[-0.36691576130418857,0.6451423189511097,-1.4249614631564234],[-0.002520925118063672,-0.003634009911991764,0.0014047595862709701]]
[[0.5984608074719714,-0.27630479216089116,1.342236697814329],[-0.5960082656425841,0.2798388121130175,-1.3436014717625204],[-0.0024525418293872385,-0.0035340199521262912,0.0013647739481914864]]
[[0.7244287835046629,0.03524151847832621,1.1576366244787604],[-0.7220415396224749,-0.0318027804081351,-1.1589636410926965],[-0.002387243882187985,-0.0034387380701911105,0.001327016613936179]]
[[0.7648092092049653,0.26631530078599336,0.9326485950800664],[-0.7624842052751386,-0.2629673998291067,-0.9339397161449442],[-0.002325003929826695,-0.003347900956886663,0.0012911210648778658]]
[[0.7480589945653766,0.42014355522967617,0.7104383384532381],[-0.7457933261222549,-0.4168824098672864,-0.7116950907868559],[-0.0022656684431216993,-0.0032611453623897215,0.001256752333617729]]
[[0.6993125055707039,0.5128664401925076,0.5123351103937],[-0.6971034957795315,-0.5096883576850295,-0.5135587608150546],[-0.002209009791172464,-0.0031780825074780627,0.0012236504213545608]]
[[0.6359573748131981,0.5621492355740656,0.34487951017684004],[-0.6338025996456478,-0.5590508873080855,-0.34607114714025977],[-0.0021547751675503463,-0.003098348265980151,0.0011916369634197544]]
[[0.5683912634545516,0.5825082777713212,0.20698721088252733],[-0.5662885436895629,-0.5794866504418946,-0.208147813632192],[-0.0021027197649886656,-0.0030216273294266134,0.0011606027496646827]]
[[0.5021491552998558,0.5844574493729753,0.09455940664627871],[-0.5000965307822254,-0.5815097900066639,-0.09568989607496925],[-0.0020526245176304154,-0.0029476593663114066,0.0011304894286905342]]
[[0.43979170217767244,0.575115435068903,0.0028503549253351603],[-0.43778739923748916,-0.5722391996337869,-0.003951627161623279],[-0.002004302940183284,-0.0028762354351160183,0.0011012722362881188]]
[[0.3822009820120849,0.5591087604085928,-0.07252272206190014],[-0.380243380501615,-0.5563015701148004,0.07144977585802592],[-0.0019576015104699196,-0.0028071902937922963,0.00107294620387421]]
[[0.32937102540345,0.5393538439881824,-0.13525561052852528],[-0.3274586286435389,-0.5366134502173301,0.13421009440157675],[-0.001912396759911065,-0.0027403937708523453,0.0010455161269485235]]
[[0.28085808940977164,0.517631063466234,-0.18833510009302465],[-0.27898949839637227,-0.5149553207477513,0.1873161103535805],[-0.0018685910133993458,-0.002675742718482715,0.0010189897394441425]]
[[0.236024063224855,0.4949753433086661,-0.234128529945347],[-0.23419795536779395,-0.4923621891708118,0.23313515659697528],[-0.0018261078570610528,-0.0026131541378543012,0.000993373348371716]]
[[0.19416063536294037,0.4719308979542914,-0.2744996059745369],[-0.19237574748596412,-0.46937833835946874,0.27353093672902873],[-0.0017848878769762561,-0.0025525595948226766,0.0009686692455081276]]
[[0.15454679294935292,0.4487122612348789,-0.3109164587238418],[-0.1528019080458379,-0.44621836040459545,0.30997158437543526],[-0.0017448849035150175,-0.0024939008302834256,0.0009448743484065567]]
[[0.11646969183293707,0.42530231929664636,-0.34454089425286255],[-0.11476362900485512,-0.4228651929072362,0.34361891459356425],[-0.0017060628280819467,-0.002437126389410173,0.0009219796592982893]]
[[0.07922553088201041,0.40150782643237387,-0.376297106313051],[-0.07755713790897659,-0.3991256373538351,0.37539713606887093],[-0.0016683929730338222,-0.0023821890785387574,0.0008999702441800705]]
[[0.04210941087350568,0.3769852257837036,-0.4069211456745982],[-0.04047755891832269,-0.3746561817125083,0.4060423201525483],[-0.001631851955182986,-0.0023290440711952742,0.000878825522049875]]
[[0.004398933979054808,0.35124419762328885,-0.43699263183465936],[-0.0028025140116529237,-0.3489665501157762,0.4361341121154059],[-0.0015964199674018847,-0.002277647507512592,0.000858519719253474]]
[[-0.034665877189611456,0.3236325630881938,-0.46694901041331516],[0.03622795658887245,-0.32140460763277257,0.4661099880220813],[-0.0015620793992609887,-0.00222795545542124,0.0008390223912338513]]
[[-0.07590459764542519,0.2933034262009713,-0.49708057735647915],[0.07743341136492554,-0.29112350307717555,0.49626027840807957],[-0.0015288137195003538,-0.0021799231237957495,0.0008202989483995374]]
[[-0.120218314309393,0.25916341079234634,-0.5275014359249688],[0.12171492085597922,-0.2570299065564474,0.5266991247765328],[-0.00149660654658622,-0.0021335042358988955,0.0008023111484359716]]
[[-0.1686077132476244,0.21979952440142064,-0.5580870848976386],[0.17007315408409554,-0.2177108739154218,0.5573020673599257],[-0.0014654408364711364,-0.0020886504859988593,0.0007850175377128764]]
[[-0.22217971590679125,0.17338206600332162,-0.5883627141262247],[0.223615014024635,-0.1713367549894973,0.587594340283396],[-0.0014352981178437413,-0.002045311013824326,0.0007683738428286655]]
[[-0.28212718688413285,0.11754363091990183,-0.6173165761633544],[0.28353334458853896,-0.1155401990774307,0.6165642428299511],[-0.001406157704406115,-0.002003431842471134,0.0007523333334032401]]
[[-0.3496512463484334,0.04924334584447236,-0.6430993906936514],[0.351029242160572,-0.0472803906053581,0.6423625434901805],[-0.001377995812138617,-0.0019629552391142576,0.0007368472034708854]]
[[-0.42576832303958695,-0.03535095349405497,-0.6625550523017225],[0.42711910755036053,0.037274772475369235,0.661833187244568],[-0.0013507845107735748,-0.001923818981314272,0.0007218650571545865]]
[[-0.5108970856265488,-0.14087556476064625,-0.6705185415008007],[0.512221576078455,0.14276152031840048,0.66981120585865],[-0.0013244904519061568,-0.0018859555577541995,0.0007073356421507842]]
[[-0.6040491480054787,-0.2724777278315606,-0.6588427620350706],[0.6053482213668658,0.2743270192554648,0.658149553976186],[-0.0012990733613871183,-0.0018492914239042067,0.0006932080588845566]]
[[-0.7013692920850196,-0.43480298309236237,-0.615254684500274],[0.7026437764858685,0.4366167296995036,0.6145752507180544],[-0.0012744844008489328,-0.0018137466071412368,0.0006794337822196127]]
[[-0.7937843684685714,-0.6295342361871406,-0.5225621414837761],[0.7950350332299597,0.6313134714444011,0.5218961715522761],[-0.0012506647613883858,-0.0017792352572605055,0.0006659699315000462]]
[[-0.8639324735519761,-0.8505389653296924,-0.359688827560566],[0.8651600188906218,0.8522846335074832,0.3590360433707088],[-0.001227545338645704,-0.0017456681777907092,0.0006527841898571868]]
[[-0.8839775292227713,-1.0763990805882715,-0.10748765293992806],[0.885182578284721,1.0781120393741501,0.1068477916348455],[-0.001205049061949649,-0.0017129587858786953,0.000639861305082573]]
[[-0.8187476288562925,-1.263510622563054,0.23732662803283658],[0.8199307268927822,1.265191656262032,-0.23795383774990098],[-0.0011830980364897154,-0.0016810336989781763,0.0006272097170643946]]
[[-0.640402213499041,-1.3496255235261776,0.6423008349533896],[0.6415638403495895,1.3512753704707843,-0.6429156993260264],[-0.0011616268505483976,-0.0016498469446066303,0.000614864372636797]]
[[-0.3534702165252605,-1.279658457792421,1.0302892252880858],[0.35461081584964504,1.2812778496073205,-1.0308921051405107],[-0.001140599324384556,-0.0016193918148995588,0.0006028798524248222]]
[[-0.009693623777958092,-1.0459413623832903,1.3056877013105874],[0.010813643142860853,1.0475310623058103,-1.306279012329895],[-0.0011200193649027604,-0.0015896999225200356,0.0005913110193076767]]
[[0.3125008778120721,-0.7043021011215589,1.4088417537811144],[-0.31140095272883084,0.7058629226652333,-1.4094219424634071],[-0.0010999250832412382,-0.001560821543674424,0.0005801886822925762]]
[[0.5520254800720074,-0.3414205880970022,1.3478820668053515],[-0.5509451136512656,0.342953384521615,-1.3484515725363235],[-0.0010803664207417617,-0.0015327964246127745,0.0005695057309721061]]
[[0.6902576078841616,-0.025990732835620554,1.1787144904327804],[-0.6891962272690357,0.02749636624168881,-1.1792737124785442],[-0.0010613806151258752,-0.0015056334060682556,0.0005592220457639092]]
[[0.7422772440616037,0.21242776122382268,0.9637400145559316],[-0.7412342646567839,-0.2109484531963125,-0.964289295866506],[-0.0010429794048198038,-0.0014793080275101937,0.0005492813105743158]]
[[0.7353900249369035,0.37482228567011205,0.7470485503391924],[-0.7343648751923839,-0.3733685129553716,-0.7475881778383691],[-0.001025149744519571,-0.0014537727147405032,0.0005396274991766653]]
[[0.6944812717163693,0.4759790891004895,0.5512700976374136],[-0.693473410104178,-0.47455011935017816,-0.5518003122168467],[-0.0010078616121913138,-0.0014289697503113649,0.0005302145794330137]]
[[0.6371387360238776,0.5329266077727898,0.38408382038554584],[-0.6361476593652114,-0.5315217665638007,-0.3846048299719072],[-0.000991076658666158,-0.0014048412089891892,0.0005210095863613577]]
[[0.5741058590238083,0.5599802291972591,0.24523387170797478],[-0.5731311042505618,-0.5585988945677984,-0.24574586342955207],[-0.0009747547732464701,-0.0013813346294606914,0.0005119917215772724]]
[[0.5112615514356139,0.5676729765984309,0.1311681721240329],[-0.5103026933264816,-0.5663145712406966,-0.131671321966812],[-0.0009588581091323324,-0.001358405357734287,0.0005031498427791143]]
[[0.4514554312690785,0.5632344208023334,0.037480287655949684],[-0.450512078157116,-0.5618984039354409,-0.037974767368454544],[-0.0009433531119625177,-0.0013360168668926312,0.0004944797125048587]]
[[0.39579470591303334,0.5514278558600972,-0.0400120075771228],[-0.3948664946654562,-0.5501137158060283,0.03952602597664845],[-0.0009282112475771387,-0.0013141400540688595,0.00048598160047435646]]
[[0.3444423593007716,0.5353025932734586,-0.10489230469242874],[-0.34352895032070757,-0.5340098411423025,0.1044146462863173],[-0.0009134089800640276,-0.0012927521311560134,0.00047765840611144943]]
[[0.297079078623455,0.5167568394732458,-0.16009003999305993],[-0.29618015125765296,-0.5154850040321671,0.15962052571479185],[-0.0008989273658020252,-0.0012718354410786923,0.0004695142782680711]]
[[0.25315752311152934,0.49692582255119494,-0.2079488887857011],[-0.25227277162779543,-0.49567444619424395,0.20748733514074819],[-0.0008847514837338789,-0.0012513763569510007,0.00046155364495292154]]
[[0.2120351975656831,0.4764377614540537,-0.2503296798822449],[-0.2111643277404071,-0.4752063971289083,0.24987589932485124],[-0.0008708698252759728,-0.0012313643251453802,0.00045378055739368636]]
[[0.17303844291513923,0.4555773911152708,-0.28871083648054946],[-0.17218116920722437,-0.45436560005099424,0.28826463821570136],[-0.0008572737079148596,-0.001211791064276577,0.0004461982648480512]]
[[0.13548792249968888,0.43438667438982176,-0.32427335538196805],[-0.13464396575776014,-0.43319402448051103,0.3238345464283574],[-0.0008439567419287403,-0.001192649909310744,0.0004388089536106769]]
[[0.09870262038680658,0.4127227313170278,-0.35796738874440914],[-0.09787170602658615,-0.41154879603613087,0.3575357751448013],[-0.0008309143602204328,-0.0011739352808969384,0.0004316135996078629]]
[[0.0619916369887763,0.39028564142712757,-0.3905610075932755],[-0.06117349357811052,-0.3891299991695179,0.3901363956962369],[-0.0008181434106657762,-0.0011556422576096564,0.0004246118970385879]]
[[0.024638732657061267,0.366623478304615,-0.4226722287964619],[-0.02383309085227309,-0.3654857120752451,0.42225442656084433],[-0.0008056418047881759,-0.001137766229369881,0.0004178022356175092]]
[[-0.014117722471262478,0.3411181466897376,-0.45478440437869827],[0.014911130684902043,-0.3399978440777723,0.454373222672107],[-0.0007934082136395659,-0.0011203026119653054,0.00041118170659125636]]
[[-0.055107688959630634,0.3129527886363005,-0.48724311357702543],[0.05588913075974211,-0.31184954203192977,0.48683836745356385],[-0.0007814418001114731,-0.0011032466043706972,0.0004047461234615782]]
[[-0.09925342004254294,0.2810593769385228,-0.520229707886188],[0.10002316201821544,-0.27997278396647923,0.5198312178383032],[-0.0007697419756725074,-0.001086592972043569,0.00039849004788487124]]
[[-0.1475910511688539,0.24404358147414723,-0.5537021898880367],[0.1483493593370514,-0.24297324563374834,0.5533097830728831],[-0.0007583081681975096,-0.0010703358403988997,0.0003924068151535001]]
[[-0.20128271359998262,0.20008353809407095,-0.5872873706344026],[0.20202985318576275,-0.19902906961073652,0.5869008820767061],[-0.0007471395857801277,-0.0010544684833344452,0.00038648855769647634]]
[[-0.2616044291888936,0.14680123930513758,-0.620098206845201],[0.26234066414794194,-0.14576225621278163,0.6197174806151428],[-0.0007362349590483552,-0.001038983092355937,0.0003807262300583021]]
[[-0.32988022026536556,0.08111350098381985,-0.6504360149961552],[0.33060581250705173,-0.0800896304703977,0.6500609053500602],[-0.0007255922416861784,-0.0010238705134221458,0.000375109646094991]]
[[-0.40730535605142976,-0.000908157703438135,-0.6753198682014359],[0.4080205642978842,0.0019172776464161136,0.6749502406509046],[-0.000715208246454436,-0.0010091199429779784,0.00036962755053120274]]
[[-0.494553631283319,-0.10408641986316591,-0.6897726839765793],[0.49525870947774714,0.10508113844873555,0.6894084162114231],[-0.0007050781944281645,-0.0009947185855696404,0.0003642677651562321]]
[[-0.5909888919066227,-0.23390002998856121,-0.6858130096931676],[0.5916840870708463,0.23488068128869535,0.6854539922153882],[-0.0006951951642235276,-0.000980651300134141,0.00035901747777949034]]
[[-0.6932139532567337,-0.39554662781116695,-0.6512301473908223],[0.6938995027147208,0.3965135281240079,0.6508762836099855],[-0.0006855494579870533,-0.000966900312840975,0.00035386378083688365]]
[[-0.7926843546681799,-0.5915625161951784,-0.5686305185993947],[0.7933604826428178,0.5925159613635039,0.5682817239907144],[-0.0006761279746379059,-0.0009534451683255185,0.00034879460868036515]]
[[-0.8724956625195877,-0.8169952959381518,-0.4162049204838458],[0.8731625763504671,0.8179355591775425,0.41586112024959815],[-0.0006669138308793697,-0.0009402632393907381,0.0003438002342476289]]
[[-0.9048640377483604,-1.0517584294280253,-0.1732089547759598],[0.9055219244624528,1.0526857607092108,0.17287007940013233],[-0.0006578867140923703,-0.0009273312811856286,0.00033887537582745063]]
[[-0.8537236845231168,-1.253139935986776,0.16625502798958508],[0.8543727092204974,1.2540545645050594,-0.16658904955800677],[-0.0006490246973805832,-0.0009146285182833444,0.00033402156842167875]]
[[-0.6889343341669901,-1.3582987247432963,0.5728024393546605],[0.6895746422879815,1.3592008659181822,-0.5731316880163888],[-0.0006403081209913663,-0.0009021411748859229,0.0003292486617283479]]
[[-0.4116582128791045,-1.3092241584111728,0.9711780719695504],[0.4122899378751619,1.3101140252402772,-0.9715026455058121],[-0.0006317249960573858,-0.0008898668291044045,0.00032457353626161084]]
[[-0.07080225905652925,-1.093636257993206,1.264652399010292],[0.07142553428409627,1.094514073303186,-1.2649724137841216],[-0.0006232752275670316,-0.0008778153099799687,0.0003200147738295372]]
[[0.25568900443135717,-0.7634494870646067,1.3894220680757383],[-0.2550740344234691,0.7643154907981478,-1.3897376531487178],[-0.0006149700078880516,-0.0008660037335409966,0.00031558507297942985]]
[[0.5046798405291335,-0.4042107619470258,1.3487843799201702],[-0.5040730148066748,0.4050652097180874,-1.349095666017003],[-0.0006068257224587573,-0.0008544477710615704,0.0003112860968328553]]
[[0.654531119261893,-0.08613023841099977,1.1955541112628774],[-0.6539322629470907,0.08697339309756248,-1.1958612201524863],[-0.0005988563148022266,-0.0008431546865627042,0.0003071088896089454]]
[[0.7179177841671079,0.1586887426705015,0.991355945791266],[-0.7173267155304078,-0.15785662110959514,-0.9916589841850983],[-0.0005910686367000683,-0.0008321215609063586,0.00030303839383235106]]
[[0.7208812881001035,0.3290216499972915,0.7809782435198295],[-0.7202978262063408,-0.32820031233521374,-0.7812773019807143],[-0.0005834618937628276,-0.0008213376620777667,0.0002990584608847861]]
[[0.6879421435432137,0.4382406423177395,0.5882337263676837],[-0.6873661139901885,-0.43742985418108055,-0.5885288815002578],[-0.000576029553025121,-0.0008107881366589602,0.000295155132574187]]
[[0.6368063070669492,0.5026590264462715,0.4219022739303139],[-0.6362375452453682,-0.5018585693375569,-0.4221935918964287],[-0.0005687618215809056,-0.0008004571087145624,0.0002913179661148225]]
[[0.5785155268358874,0.536325831107839,0.2825602187375938],[-0.5779538791472469,-0.5355355014842564,-0.28284775880937796],[-0.0005616476886404633,-0.0007903296235826268,0.0002875400717842049]]
[[0.5192691448298871,0.5497472115227253,0.1672215023902083],[-0.5187144685490493,-0.5489668189238657,-0.1675053199418536],[-0.0005546762808376379,-0.0007803925988596415,0.0002838175516453127]]
[[0.4621962816922158,0.5502340637060742,0.0718409176855736],[-0.46164844406401273,-0.5494634285808633,-0.07212106645886096],[-0.0005478376282030975,-0.000770635125210907,0.00028014877328736234]]
[[0.4086271478530746,0.5426685096276872,-0.007543777823732296],[-0.4080860248321578,-0.5419074612203771,0.007267244136392922],[-0.0005411230209167693,-0.0007610484073101503,0.00027653368733937284]]
[[0.3588950097065041,0.5302223538892636,-0.07438836468127438],[-0.3583604845926899,-0.5294707283534248,0.07411539141791475],[-0.0005345251138142678,-0.0007516255358388068,0.00027297326335964077]]
[[0.31280771285551784,0.5149059118462772,-0.1315529384228206],[-0.3122796749663722,-0.514163550645988,0.13128346936881413],[-0.0005280378891456524,-0.0007423612002892435,0.0002694690540064519]]
[[0.26991180412004295,0.4979518317811224,-0.18134849875402842],[-0.26939014757240604,-0.4972185803816679,0.18108247588217904],[-0.0005216565476369242,-0.0007332513994545109,0.0002660228718493676]]
[[0.22963366148907466,0.48007115614191503,-0.2256262713391663],[-0.22911828411968369,-0.47934686296621865,0.22536363478280733],[-0.0005153773693909901,-0.0007242931756964428,0.00026263655635898114]]
[[0.1913498114202063,0.46161866735485135,-0.26586994633085037],[-0.1908406138523233,-0.4609031829724457,0.2656106345213195],[-0.0005091975678829985,-0.0007154843824056028,0.0002593118095308617]]
[[0.1544170058972917,0.4426958911122932,-0.3032759329631802],[-0.15391389074811732,-0.44198906762670276,0.3030198828811246],[-0.0005031151491743941,-0.0007068234855904179,0.00025605008205557535]]
[[0.11817938375061207,0.4232112302602043,-0.33881747771996185],[-0.11768225496871002,-0.4225129208636594,0.33856462522422603],[-0.0004971287819020578,-0.0006983093965449037,0.0002528524957357966]]
[[0.08196226969975018,0.4029096534422476,-0.3732924871386858],[-0.08147103201995752,-0.402219712111361,0.3730427673475111],[-0.0004912376797926582,-0.0006899413308866279,0.0002497197911746893]]
[[0.045057739432048646,0.38137919684947846,-0.4073557144676254],[-0.044572297935799594,-0.38069747816075034,0.4071090621751981],[-0.0004854414962490493,-0.0006817186887281021,0.00024665229242728636]]
[[0.006704680882341725,0.35803777227480515,-0.4415351922408218],[-0.006224940653109321,-0.35736413132411055,0.4412915423584525],[-0.0004797402292324046,-0.0006736409506945603,0.0002436498823692831]]
[[-0.03393498819568632,0.33210092386313705,-0.4762309662018395],[0.03440912232945604,-0.3314352162785547,0.47599025421770946],[-0.00047413413376972037,-0.0006657075845823565,0.00024071198413007247]]
[[-0.07780225264133561,0.3025289135052531,-0.5116912703933778],[0.07827087627999567,-0.30187099554776775,0.5114534328481557],[-0.00046862363866005446,-0.0006579179574853729,0.00023783754522204483]]
[[-0.1259660239373275,0.26794977960985816,-0.5479568239703931],[0.1264292332004608,-0.26729950836173777,0.547721798948231],[-0.0004632092631332925,-0.0006502712481203739,0.00023502502216211864]]
[[-0.17964068701585298,0.22655421974666756,-0.5847570971813718],[0.18009857854403777,-0.22591145339281515,0.5845248248167149],[-0.00045789152818478533,-0.0006427663538524251,0.00023227236465693144]]
[[-0.24018219208123465,0.17595968765337758,-0.62133203828439],[0.240634862937205,-0.17532428586672005,0.621102461284251],[-0.00045267085597037386,-0.0006354017866575004,0.00022957700013906412]]
[[-0.3090340883324477,0.1130484706541981,-0.6561377908186644],[0.30948163578144655,-0.11242029510194484,0.655910854996563],[-0.00044754744899885574,-0.0006281755522532493,0.00022693582210143992]]
[[-0.3875673277517705,0.033805657047217275,-0.6863758790386393],[0.38800984889091605,-0.033184572039652846,0.6861515338485743],[-0.00044252113914554727,-0.0006210850075644263,0.00022434519006499264]]
[[-0.4767087197268684,-0.06676559786339488,-0.7072691587506571],[0.4771463109224347,0.06737972455842504,0.7070473577943592],[-0.00043759119556629133,-0.0006141266950301664,0.00022180095629784421]]
[[-0.5761749738379986,-0.19446128577827146,-0.7110210040502968],[0.5766077299205852,0.19506858193918786,0.7108017055042203],[-0.00043275608258655653,-0.0006072961609164166,0.00021929854607655934]]
[[-0.6830335281284297,-0.35501655855778896,-0.6855126261471217],[0.683461541296897,0.3556171463418114,0.6852957930116617],[-0.00042801316846729755,-0.0006005877840224644,0.0002168331354599547]]
[[-0.7892867348250641,-0.5518109902704769,-0.6131922424893985],[0.789710093238263,0.5524049849493763,0.6129778424980512],[-0.0004233584131988613,-0.0005939946788994463,0.0002143999913473082]]
[[-0.8785256763783412,-0.7810772495952405,-0.47157511083094117],[0.8789444625014788,0.7816647583963315,0.4713631157799082],[-0.00041878612313769875,-0.0005875088010910042,0.00021199505103292924]]
[[-0.9230858714286648,-1.0240994414472293,-0.23838204397211624],[0.9235001603930123,1.0246805629086642,0.23817242818541817],[-0.0004142889643474451,-0.0005811214614347417,0.00020961578669807207]]
[[-0.8861046772750973,-1.2391553552119097,0.09485919705544693],[0.8865145358224519,1.2397301796969873,-0.09506645930889972],[-0.00040985854735457077,-0.0005748244850777619,0.0002072622534527933]]
[[-0.7352424404761366,-1.3629767422528731,0.5018760081721513],[0.7356479273651744,1.3635453543087364,-0.5020809460667801],[-0.00040548688903784967,-0.0005686120558631545,0.00020493789462885725]]
[[-0.4683305322270652,-1.334814167243218,0.9094811942689947],[0.46873170086587623,1.3353766499230515,-0.9096838435798855],[-0.000401168638811005,-0.0005624826798333541,0.0002026493108908681]]
[[-0.13134116680969304,-1.1378652890980292,1.2201003776665964],[0.13173806986562372,1.1384217290395053,-1.2203007820172602],[-0.0003969030559306799,-0.0005564399414762255,0.00020040435066384632]]
[[0.1984808727106709,-0.8200288339949107,1.366014761240387],[-0.19808817852906568,0.8205793248920025,-1.366212970296805],[-0.00039269418160523873,-0.0005504908970918333,0.00019820905641790819]]
[[0.45616299351848866,-0.4654756158612164,1.3457317172262537],[-0.45577444482823803,0.4660202585474195,-1.3459277825340952],[-0.0003885486902506023,-0.0005446426862031404,0.00019606530784135504]]
[[0.617145345723485,-0.14570097908008015,1.2088412142572411],[-0.6167608728970556,0.1462398786031055,-1.209035184866102],[-0.0003844728264294347,-0.0005388995230253509,0.0001939706088607544]]
[[0.6916771779068794,0.10476921373339464,1.0160030971202871],[-0.6912967075971105,-0.10423595210317228,-1.0161950167766869],[-0.0003804703097689354,-0.0005332616302223504,0.00019191965639977788]]
[[0.7044608803022134,0.28251589520752746,0.8125569387489214],[-0.7040843384590514,-0.281988169294149,-0.8127468450582912],[-0.0003765418431619566,-0.0005277259133784557,0.00018990630936972726]]
[[0.6795757008812061,0.39946072235521946,0.623416705037751],[-0.6792030151871067,-0.39893843503605014,-0.623604630031123],[-0.00037268569409940554,-0.0005222873191693149,0.0001879249933719871]]
[[0.6347891590856601,0.4711520518402088,0.4584316632079979],[-0.6344202604755885,-0.4706351117650596,-0.4586176345648115],[-0.0003688986100715602,-0.0005169400751491917,0.0001859713568136273]]
[[0.5814058361333054,0.5113285232629029,0.31900700893472084],[-0.5810406595016308,-0.5108168447378105,-0.3191910513284364],[-0.0003651766316747473,-0.0005116785250924101,0.00018404239371552086]]
[[0.5259257413562911,0.5304363986300872,0.20273165458704845],[-0.5255642256897296,-0.52992990104842,-0.20291379088057884],[-0.0003615156665615751,-0.0005064975816672991,0.0001821362935303933]]
[[0.47174769451156706,0.5358450789996498,0.10593424544023351],[-0.47138978267260917,-0.5353436860871577,-0.10611449763496736],[-0.0003579118389579085,-0.0005013929124921836,0.00018025219473384038]]
[[0.4204208778780061,0.5325404651352492,0.02488491913770252],[-0.42006651620351665,-0.5320441041664564,-0.025063309071628955],[-0.0003543616744894453,-0.0004963609687928746,0.000178389933926432]]
[[0.37244794700594486,0.5238072349032591,-0.04373355339117715],[-0.37209708482770676,-0.5233158359704474,0.04355700356320785],[-0.00035086217823809737,-0.0004913989328117227,0.0001765498279692901]]
[[0.3277646188562918,0.5117618327776754,-0.10270312783120927],[-0.3274172080071725,-0.5112753281476375,0.10252839533243441],[-0.0003474108491193275,-0.00048650463003789774,0.00017473249877486224]]
[[0.2860128031031303,0.4977307458262797,-0.1542951037338861],[-0.2856687974440341,-0.4972490693946687,0.1541221649956383],[-0.00034400565909623965,-0.0004816764316109954,0.00017293873824780957]]
[[0.24668954687675052,0.4825058376359068,-0.20034555054078282],[-0.24634890186188418,-0.4820289244762783,0.20017438113405006],[-0.0003406450148663247,-0.0004769131596284855,0.00017116940673277416]]
[[0.2092234644660075,0.4665109918450875,-0.24233903744974758],[-0.2088861367536131,-0.46603877784415876,0.24216961209199633],[-0.00033732771239443164,-0.00047221400092873397,0.00016942535775127043]]
[[0.17300931682238507,0.4499070843055314,-0.28148390119550054],[-0.1726752639323,-0.4494395058744623,0.2813161938129078],[-0.00033405289008506175,-0.0004675784310691084,0.00016770738259277987]]
[[0.1374183169639045,0.4326541342008324,-0.31877369406928896],[-0.1370874969803196,-0.43219112805258664,0.31860767789982214],[-0.00033081998358489115,-0.00046300614824576795,0.000166016169466861]]
[[0.10179395213587492,0.4145427850914156,-0.35503391365132836],[-0.10146632345236106,-0.4140842880754699,0.35486956137830866],[-0.00032762868351386286,-0.00045849701594574395,0.00016435227301970433]]
[[0.06543861229695398,0.39520224873289383,-0.3909542470473784],[-0.06511413340056224,-0.39474819772020886,0.39079153095644],[-0.00032447889639173553,-0.00045405101268500975,0.00016271609093842837]]
[[0.02759381826461321,0.3740881151043008,-0.4271059933323312],[-0.0272724475562466,-0.3736384469173135,0.4269448854872364],[-0.0003213707083666112,-0.00044966818698725073,0.00016110784509474848]]
[[-0.012584339057719225,0.35045054284122573,-0.4639426383897837],[0.012902643408593708,-0.3500051942255868,0.4637831108245346],[-0.00031830435087448164,-0.0004453486156389626,0.00015952756524907353]]
[[-0.05605303507347147,0.3232809740727706,-0.5017787232863321],[0.05636831524040782,-0.32283988170964245,0.501620748212532],[-0.0003152801669363437,-0.00044109236312813067,0.0001579750738000985]]
[[-0.10391110972690625,0.2912335842404468,-0.5407377100375327],[0.10422340830324324,-0.2907966848004593,0.540581260067039],[-0.00031229857633699595,-0.0004368994399875256,0.0001564499704937141]]
[[-0.1574220117155184,0.25251654645122446,-0.5806526358824737],[0.1577313717528681,-0.25208377669372145,0.5804976842659783],[-0.000309360037349714,-0.00043276975750300266,0.00015495161649550917]]
[[-0.21801811382342584,0.20474917511402135,-0.6208927050134644],[0.21832457882533676,-0.2043204720380827,0.6207392258955339],[-0.0003064650019109045,-0.00042870307593866725,0.00015347911793054853]]
[[-0.28725883427831783,0.14478750900835016,-0.6600732821047103],[0.2875624481384974,-0.14436281006516508,0.6599212507945703],[-0.0003036138601795847,-0.0004246989431850722,0.00015203131013995127]]
[[-0.36668744275421833,0.06854074215934537,-0.6955860835017613],[0.3669882496235251,-0.06811998553850243,0.6954354767558784],[-0.0003008068693067936,-0.00042075662084294183,0.00015060674588287008]]
[[-0.45748167941534645,-0.0291491857569008,-0.7228668308571041],[0.45777972347566354,0.02956606075277265,0.7227176271629752],[-0.00029804406031708474,-0.0004168749958718521,0.00014920369412893238]]
[[-0.5597122931899041,-0.15438071050517913,-0.73432443451112],[0.5600076183071169,0.1547937629846138,0.7341766143493436],[-0.0002953251172127021,-0.0004130524794346838,0.0001478201617764528]]
[[-0.67091941181494,-0.31341209913734036,-0.7179636870580843],[0.6712120610409578,0.3138213860403964,0.7178172330986791],[-0.00029264922601773987,-0.0004092869030560304,0.00014645395940535014]]
[[-0.7836731451890409,-0.510457997380172,-0.656119869231637],[0.7839631600922187,0.5108635728200591,0.6559747663879717],[-0.0002900149031778087,-0.00040557543988713966,0.00014510284366535167]]
[[-0.882102127158223,-0.7429459690125713,-0.5256902500126278],[0.8823895469986278,0.7433478836228755,0.525546485234413],[-0.00028741984040481726,-0.0004019146103043127,0.00014376477821472367]]
[[-0.9387314893082112,-0.9935777640449125,-0.30291829353918254],[0.9390163501628033,0.9939760645190288,0.30277585519339656],[-0.0002848608545920493,-0.0003983004741163103,0.0001424383457859719]]
[[-0.9159961012319796,-1.2217255297180758,0.023218224499855923],[0.916278435329923,1.2221202588555193,-0.02335934778043677],[-0.00028233409794353325,-0.00039472913744357434,0.00014112328058084534]]
[[-0.7794436680471211,-1.3638553027953828,0.4296188280760489],[0.7797235037469179,1.3642465004229019,-0.4297586490108027],[-0.0002798356997967798,-0.00039119762751902104,0.00013982093475377804]]
[[-0.5235908072417602,-1.3566424038209195,0.8453448123372109],[0.5238681700762827,1.357030108728141,-0.8454833466318704],[-0.0002773628345225817,-0.00038770490722122035,0.00013853429465946198]]
[[-0.19136863244021063,-1.178823675897976,1.1722321135685636],[0.19164354721308224,1.1792079283013412,-1.1723693807538769],[-0.00027491477287161156,-0.0003842524033652948,0.00013726718531337857]]
[[0.14087642048922588,-0.8741755066804408,1.338842122796327],[-0.1406039273427341,0.8745563501027596,-1.3389781456285734],[-0.0002724931464917705,-0.00038084342231880814,0.00013602283224643986]]
[[0.4065172908781586,-0.5252749649515474,1.3389201587135129],[-0.4062471898059836,0.5256524465624711,-1.3390549613405711],[-0.00027010107217498725,-0.0003774816109237977,0.0001348026270581914]]
[[0.5781551468016894,-0.2047015443211218,1.2187126938060577],[-0.5778874050853133,0.20507571377146927,-1.2188462996651295],[-0.00026774171637617127,-0.0003741694503474756,0.0001336058590716895]]
[[0.6635973572293118,0.050703900142464245,1.0377515032936564],[-0.663331940017768,-0.05033299254283304,-1.0378839336369232],[-0.0002654172115437857,-0.0003709075996312,0.0001324303432666863]]
[[0.6861443688933739,0.23534751877808385,0.8417976305826315],[-0.6858812405874652,-0.2349798236888232,-0.8419289039078042],[-0.0002631283059087193,-0.0003676950892606742,0.0001312733251727417]]
[[0.6693679907873934,0.35967281781832633,0.6567911337420836],[-0.6691071162338158,-0.3593082879156873,-0.6569212659201432],[-0.0002608745535776566,-0.00036452990263902303,0.00013013217805961472]]
[[0.6310465260802129,0.4384217530931518,0.4936186414233191],[-0.6307878713728771,-0.43806034353874307,-0.4937476461884196],[-0.0002586547073358813,-0.0003614095544087189,0.00012900476510045717]]
[[0.5827142138346691,0.4849842674412823,0.35450751578594797],[-0.5824577467390323,-0.4846259359361595,-0.35463540533009386],[-0.0002564670956368574,-0.00035833150512280614,0.0001278895441458685]]
[[0.5311522342598464,0.5097169178949685,0.2376269538567804],[-0.5308979243561927,-0.5093616244914034,-0.23775373938705144],[-0.00025430990365378503,-0.0003552934035651589,0.00012678553027105856]]
[[0.4800186714048556,0.5200262831157113,0.13968910474013693],[-0.4797664900502414,-0.5196739899139239,-0.13981479694030832],[-0.0002521813546141919,-0.00035229320178742124,0.00012569220017140503]]
[[0.4310767489620995,0.5209874815905037,0.057206728824481495],[-0.4308266691481763,-0.5206381523996028,-0.057331338209398786],[-0.00025007981392320965,-0.0003493291909009409,0.0001246093849172857]]
[[0.38499674259437466,0.5159884118341362,-0.012989564549556356],[-0.3847487387533799,-0.5156420118410211,0.012866027377590187],[-0.0002480038409947943,-0.0003463999931151177,0.00012353717196616923]]
[[0.3418422090939003,0.5072453991509058,-0.07359572494629556],[-0.34159625688546846,-0.5069018946184151,0.07347324912290781],[-0.0002459522084318227,-0.00034350453249086456,0.00012247582338774255]]
[[0.3013513046723954,0.49617483758282477,-0.12683689695095793],[-0.3011073807703075,-0.4958341955854498,0.1267154712402101],[-0.0002439239020878952,-0.00034064199737500456,0.00012142571074783972]]
[[0.26309308981135493,0.48364705365275923,-0.17452876623045838],[-0.26285117170066585,-0.4833092418513133,0.17440837896591319],[-0.0002419181106890922,-0.00033781180144590783,0.00012038726454517836]]
[[0.2265498336376991,0.4701537588079319,-0.21815255721004892],[-0.22630989942737736,-0.46981874526119055,0.21803319627463227],[-0.0002399342103217429,-0.0003350135467413835,0.00011936093541664163]]
[[0.1911559841874531,0.4559146802882304,-0.2589251069963864],[-0.1909180124405575,-0.4555824332981914,0.2588067598319525],[-0.00023797174689563078,-0.000332246990038972,0.00011834716443385954]]
[[0.15631157943054175,0.440941543963203,-0.2978574722196983],[-0.15607554901223508,-0.44061203195032894,0.2977401258595109],[-0.0002360304183066679,-0.00032951201287402266,0.00011734636018744642]]
[[0.12138009744042909,0.42507125144565727,-0.3358004354674],[-0.12114598738327,-0.4247444428507482,0.335684076586631],[-0.0002341100571590913,-0.0003268085949090534,0.00011635888076898739]]
[[0.08567618000329968,0.40797523749243303,-0.37347671815897077],[-0.0854439693889381,-0.4076511007023649,0.37336133313984243],[-0.00023221061436157951,-0.0003241367900681576,0.00011538501912836108]]
[[0.04844607701237776,0.38914831053662075,-0.41149934671949734],[-0.04821574486882944,-0.38882681383193896,0.4113849217289148],[-0.00023033214354832473,-0.0003214967046818027,0.00011442499058260981]]
[[0.008842368659131506,0.3678773594900893,-0.4503740709217666],[-0.008613893873128007,-0.3675584710133218,0.45026059200027874],[-0.00022847478600349964,-0.00031888847676752913,0.00011347892148786014]]
[[-0.03410570728820236,0.34318783822304594,-0.4904809903797579],[0.03433234604372303,-0.34287152596759507,0.49036844354148085],[-0.0002266387555206765,-0.0003163122554508801,0.000112546838277041]]
[[-0.0815239631195548,0.31376381205574716,-0.5320261416791253],[0.0817487874419111,-0.31345004387636943,0.5319145130228818],[-0.0002248243223562913,-0.0003137681793776983,0.0001116286562434417]]
[[-0.13472155964786808,0.27783588447243485,-0.5749468242682617],[0.13494459144296078,-0.27752462811966727,0.5748361001006025],[-0.00022303179509271888,-0.00031125635276754325,0.0001107241676592934]]
[[-0.19520356229511826,0.23303174761175272,-0.6187435414508645],[0.1954248237938882,-0.23272297079424067,0.6186337084217309],[-0.00022126149876994513,-0.00030877681751204756,0.00010983302913361408]]
[[-0.2646413054209072,0.17618969411677296,-0.6621950638538853],[0.26486081916795184,-0.1758833645972975,0.6620861091052257],[-0.00021951374704467255,-0.00030632951947545396,0.00010895474865953163]]
[[-0.3447466436856298,0.10315392271124493,-0.7028908835483058],[0.3449644324910332,-0.10285000844420394,0.7027827948745161],[-0.0002177888054034031,-0.00030391426704098944,0.00010808867378968847]]
[[-0.43694574099586936,0.00861864025551819,-0.7364924793473717],[0.4371618278375964,-0.008317109575224793,0.7363852453632183],[-0.00021608684172706838,-0.00030153068029339805,0.0001072339841534508]]
[[-0.541664138761415,-0.11380150668430422,-0.7556351961334205],[0.5418785466216449,0.11410068481505696,0.7555288064388223],[-0.00021440786022999076,-0.0002991781307527462,0.00010638969459816085]]
[[-0.6569224194712364,-0.2708726502261522,-0.7484796160320845],[0.6571351710873732,0.27116950590185307,0.7483740613519139],[-0.000212751616136744,-0.00029685567570083746,0.00010555468017052851]]
[[-0.775879402015008,-0.4676355165140104,-0.6972942972468138],[0.7760905195289641,0.4679300785143152,0.6971895695057746],[-0.0002111175139560516,-0.0002945620003047413,0.00010472774103921243]]
[[-0.8832437866048944,-0.702722009602785,-0.5784172601379055],[0.8834532911113017,0.7030143050007449,0.5783133524057686],[-0.0002095045064072058,-0.0002922953979599838,0.00010390773213678546]]
[[-0.9518013830927516,-0.96029883362918,-0.3666729183615773],[0.952009294132004,0.960588887473843,0.36656982458119236],[-0.00020791103925229816,-0.0002900538446630041,0.00010309378038491306]]
[[-0.9433792891093824,-1.2009375995338485,-0.048513543036604045],[0.9435856242364113,1.2012254347769828,0.04841125745427477],[-0.00020633512702901,-0.0002878352431342799,0.00010228558232927779]]
[[-0.8214983174798706,-1.3609990832763394,0.3561929974390734],[0.8217030921433973,1.3612847211586399,-0.35629448113167117],[-0.00020477466352673043,-0.00028563788230043995,0.0001014836925977681]]
[[-0.5773753115973372,-1.3747434581617655,0.7789342035417],[0.5775785395863232,1.3750269191749185,-0.7790348931386759],[-0.00020322798898600046,-0.0002834610131531848,0.00010068959697592599]]
[[-0.2507967589319737,-1.216506236534316,1.121203766207286],[0.25099845343311755,1.2167875417478624,-1.121303671557815],[-0.0002016945011438581,-0.0002813052135465224,0.00009990535052893846]]
[[0.08297979156447872,-0.9258403760163528,1.308032159495396],[-0.08277961667583553,0.9261195481884624,-1.3081312923215511],[-0.00020017488864319363,-0.0002791721721095712,0.00009913282615504428]]
[[0.3558480431125213,-0.5835230990905452,1.328433171893035],[-0.3556493723678374,0.5838001630043285,-1.3285315448980057],[-0.00019867074468385394,-0.0002770639137831878,0.00009837300497089768]]
[[0.5376517830879113,-0.2630256829836999,1.2252019911731535],[-0.5374545992664957,0.2633006649506885,-1.22529961692207],[-0.00019718382141559207,-0.0002749819669885696,0.00009762574891635157]]
[[0.6337459842571481,-0.003397364790164982,1.0565898988028437],[-0.6335502688431659,0.0036702917311147725,-1.0566867888740845],[-0.00019571541398221933,-0.00027292694094979036,0.00009689007124082078]]
[[0.6659728610615661,0.1876174182197199,0.8686551886784749],[-0.6657785949453876,-0.18734651965723362,-0.8687513532758893],[-0.00019426611617855843,-0.0002708985624862671,0.00009616459741430872]]
[[0.6573351326093093,0.31896193566304565,0.6882894523196256],[-0.6571422967331906,-0.3186930397137579,-0.6883849002671297],[-0.00019283587611865498,-0.00026889594928774754,0.00009544794750418611]]
[[0.6255732175320609,0.4045346303573451,0.5273827269191022],[-0.6253817933509617,-0.40426771244875165,-0.5274774658717054],[-0.0001914241810992397,-0.00026691790859345246,0.00009473895260317278]]
[[0.5824183163667863,0.4573410967803826,0.38897529709014983],[-0.5822282861158934,-0.45707613361615723,-0.3890693338237999],[-0.00019003025089298236,-0.0002649631642253643,0.0000940367336500396]]
[[0.5349129429339451,0.4876197116869376,0.2718196993247645],[-0.5347242897443552,-0.48735668118922143,-0.27191304002375094],[-0.00018865318958992966,-0.00026303049771610757,0.00009334069898641256]]
[[0.48696337357193625,0.5027934111942164,0.17301952714161287],[-0.4867760814834256,-0.5025322923720578,-0.17311217764660883],[-0.0001872920885106607,-0.0002611188221586152,0.00009265050499596432]]
[[0.4405412751018657,0.5080120245295405,0.08933921555542297],[-0.44035532901281743,-0.5077527973174162,-0.08943118156123932],[-0.00018594608904825568,-0.0002592272121243427,0.00009196600581634435]]
[[0.39648218483604325,0.5067568548203152,0.017765714251118697],[-0.39629757041880675,-0.5064994999123233,-0.01785700145580832],[-0.0001846144172364408,-0.0002573549079918837,0.00009128720468962106]]
[[0.3549769870790273,0.5013376109246884,-0.04430354887861832],[-0.35479369067906646,-0.5010821096178781,0.04421293466679799],[-0.00018329639996083745,-0.00025550130681028306,0.00009061421182033914]]
[[0.3158605922523637,0.4932563950854016,-0.09904140514137875],[-0.31567860078243454,-0.49300272913841414,0.09895145793157935],[-0.00018199146992914383,-0.0002536659469874452,0.00008994720979941083]]
[[0.2787751316446269,0.4834593848845964,-0.14823809236672542],[-0.27859443248050736,-0.48320753639370145,0.14814880594071506],[-0.00018069916411958192,-0.00025184849089491537,0.00008928642601035714]]
[[0.24325788148731428,0.4725046178477847,-0.19336734097558156],[-0.24307846236862327,-0.4722545691402591,0.19327870886470963],[-0.0001794191186910047,-0.0002500487075256202,0.0000886321108719398]]
[[0.20878449719893913,0.460669973414635,-0.23565107554591203],[-0.20860634613676793,-0.46042170695843365,0.23556309102521805],[-0.00017815106217119949,-0.0002482664562013392,0.00008798452069397335]]
[[0.17478547977820222,0.44801880030788066,-0.2761150271313628],[-0.17460858497021883,-0.4477722986361992,0.27602768322732774],[-0.00017689480798338786,-0.00024650167168143984,0.00008734390403505873]]
[[0.14064605046751436,0.4344346902610177,-0.3156328963656033],[-0.14047040022062812,-0.4341899359103532,0.3155461858749882],[-0.00017565024688625662,-0.00024475435066452554,0.00008671049061513996]]
[[0.10569499595012385,0.41963221744015033,-0.35495845101370943],[-0.10552057861053564,-0.4193891929006792,0.354872366531715],[-0.00017441733958821208,-0.00024302453947112375,0.00008608448199441763]]
[[0.06918537608142486,0.40314683588057326,-0.39474479096633525],[-0.06901217997184367,-0.40290552355800285,0.394659324922972],[-0.0001731961095811929,-0.00024131232257041253,0.0000854660433632652]]
[[0.030268590990859223,0.3843041848805975,-0.43554861109716664],[-0.030096604354785193,-0.38406456706907777,0.4354637558012736],[-0.00017198663607402876,-0.00023961781151967713,0.00008485529589305954]]
[[-0.012037056521241034,0.36216648535885226,-0.4778146470133403],[0.01220784556799454,-0.3619285442250609,0.4777303947041583],[-0.00017078904675350647,-0.0002379411337913727,0.00008425230918202074]]
[[-0.058881305790211357,0.3354513943846509,-0.5218311308292709],[0.059050909300144054,-0.33521511196380194,0.5217474737358639],[-0.00016960350993270082,-0.00023628242084892498,0.00008365709340705279]]
[[-0.11161553600716982,0.30241688619106355,-0.5676400664984964],[0.11178396623260185,-0.30218224439637825,0.5675569969076109],[-0.00016843022543203004,-0.0002346417946853324,0.00008306959088553957]]
[[-0.17181356321569025,0.26070558935321336,-0.6148750007171417],[0.17198083262894007,-0.26047257000135904,0.6147925110502415],[-0.0001672694132498028,-0.00023301935185429974,0.00008248966690029919]]
[[-0.24125438013620834,0.20714668241472087,-0.6624819519983489],[0.2414205014348978,-0.20691526727090234,0.6624000348984317],[-0.00016612129868944766,-0.00023141514381851277,0.00008191709991727975]]
[[-0.32181426849521894,0.1375305344199709,-0.708255400448022],[0.321979254587331,-0.13730070526769253,0.7081740488761686],[-0.00016498609211205206,-0.00022982915227837578,0.00008135157185336696]]
[[-0.4151647360433297,0.04641757661659966,-0.7480951164679666],[0.41532860000425975,-0.04618931535839915,0.7480143238079258],[-0.00016386396093005188,-0.000228261258200504,0.00008079266004088213]]
[[-0.5220861357514148,-0.07284816159316287,-0.7748835273191578],[0.5222488907424929,0.07307487279710365,0.7748032874848466],[-0.0001627549910781217,-0.00022671120394078336,0.0000802398343112192]]
[[-0.6410864037116725,-0.2275242559661862,-0.7769692377317895],[0.6412480628473,0.22774943451617347,0.7768895452661982],[-0.00016165913562742263,-0.0002251785499872804,0.00007969246559129845]]
[[-0.7659331407244391,-0.42346689911994156,-0.7366008629674689],[0.7660937168753625,0.42369056175288233,0.7365217131106842],[-0.0001605761509235333,-0.00022366263294075175,0.000079149856784671]]
[[-0.8819570028808077,-0.6605197911521203,-0.6296173532469231],[0.8821165084092343,0.6607419536935881,0.629538741935404],[-0.0001595055284265401,-0.00022216254146775942,0.00007861131151902661]]
[[-0.9622755871640498,-0.9243598794046565,-0.42948495316822244],[0.9624340336110332,0.9245805565475524,0.4294068769112084],[-0.00015844644698331247,-0.00022067714289598922,0.00007807625701404742]]
[[-0.9682041028716328,-1.1768618987081776,-0.1201586499620139],[0.9683615006671109,1.177081103916249,0.12008110553972975],[-0.00015739779547810687,-0.0002192052080713035,0.00007754442228415582]]
[[-0.861324851637471,-1.3544416917350102,0.28178222056311436],[0.8614812099699204,1.3546594374054868,-0.28185923658906276],[-0.0001563583324494394,-0.00021774567047650682,0.00007701602594843975]]
[[-0.6295741924702145,-1.3891064812531115,0.7104244721552382],[0.6297295194798365,1.3893227792290408,-0.7105009640100056],[-0.0001553270096219869,-0.00021629797592932504,0.00007649185476740006]]
[[-0.30949617361670084,-1.2508553467487025,1.067164187942144],[0.3096504769674148,1.2510702090875945,-1.0672401610338642],[-0.0001543033507139746,-0.0002148623388918741,0.00007597309171995944]]
[[0.024926000945261508,-0.9749251167347599,1.2736918606778027],[-0.02477271330736729,0.9751385564077636,-1.273767321571798],[-0.00015328763789421865,-0.0002134396730036888,0.00007546089399518144]]
