[[-0.0012642750599269439,-0.05280123137601866,-0.045269521722110434],[-0.002521444682799169,0.0697562471647723,0.0566083965757376],[0.003785719742726113,-0.016955015788753643,-0.011338874853627168]]
[[-0.009238657540602668,-0.03670669027249096,-0.022466760525053652],[0.004977773020481762,0.05529406096042026,0.03359511372051571],[0.004260884520120906,-0.018587370687929303,-0.011128353195462064]]
[[-0.011559604149246528,-0.02370746847972011,-0.010574773214647056],[0.00664207858148523,0.0439732528260582,0.021344159321631972],[0.004917525567761297,-0.020265784346338092,-0.010769386106984916]]
[[-0.012304731771638452,-0.01411036927349243,-0.0042524563946949034],[0.0065012922350837716,0.03609010400617546,0.014474850707720241],[0.0058034395365546805,-0.021979734732683033,-0.010222394313025338]]
[[-0.012873853651379913,-0.006922512274569716,-0.0008545181148519503],[0.0059016865567691765,0.030626130637933787,0.010284842624004439],[0.006972167094610736,-0.02370361836336407,-0.009430324509152488]]
[[-0.013740363253491403,-0.0013437931605558631,0.0008189886622199686],[0.005268141462206419,0.02672723431486456,0.007493847612003417],[0.008472221791284984,-0.025383441154308697,-0.008312836274223386]]
[[-0.015048574846952413,0.003091018363708134,0.0012855357856311417],[0.004720795196303979,0.023828270550758167,0.0054814906142967405],[0.010327779650648435,-0.0269192889144663,-0.006767026399927882]]
[[-0.016787953101976106,0.006574519714056197,0.0007467656853977567],[0.004279687755454201,0.021573715732502857,0.003935348362923844],[0.012508265346521904,-0.028148235446559054,-0.0046821140483216]]
[[-0.01882410020699046,0.009098872765974065,-0.0007148493256286578],[0.003933850017992314,0.01974163095418359,0.0026919192376602926],[0.014890250188998144,-0.028840503720157652,-0.001977069912031635]]
[[-0.020893443866357705,0.010536531290936318,-0.002999219998659706],[0.0036649908826116846,0.01819310837291633,0.0016623995869443054],[0.01722845298374602,-0.028729639663852648,0.0013368204117154008]]
[[-0.022623838502910044,0.010752062660741054,-0.005885236588141241],[0.0034553768392863145,0.01684092366843878,0.0007965293531535224],[0.01916846166362373,-0.027592986329179836,0.005088707234987718]]
[[-0.023621149984295865,0.009736102579922443,-0.008990393465818211],[0.0032900360441529904,0.015630238058185635,0.00006428195253779941],[0.02033111394014287,-0.025366340638108078,0.008926111513280412]]
[[-0.02361061337860001,0.007699889364084194,-0.0118345816105224],[0.0031569513339301954,0.014526629653606866,-0.0005537083449079241],[0.020453662044669817,-0.022226519017691057,0.012388289955430324]]
[[-0.022554315691105033,0.005056513120851417,-0.013991684052988637],[0.003046653441801323,0.013508607470653706,-0.0010712764855151803],[0.019507662249303708,-0.018565120591505124,0.015062960538503816]]
[[-0.020658394376003163,0.002287299772506817,-0.015233281710131807],[0.0029517647424732274,0.012562873764147045,-0.0014995039451861654],[0.017706629633529935,-0.014850173536653861,0.016732785655317974]]
[[-0.01826683318678418,-0.00021522270018410877,-0.015569005307108643],[0.00286665562552018,0.011681258552059414,-0.0018481762035795271],[0.015400177561264002,-0.011466035851875304,0.01741718151068817]]
[[-0.015723997456451897,-0.0022311649198504054,-0.015178248388198224],[0.00278719476265564,0.010858681508363114,-0.0021264585283187025],[0.012936802693796256,-0.008627516588512709,0.017304706916516928]]
[[-0.013285707687796298,-0.003704450859969197,-0.01430282616943505],[0.002710528154586729,0.01009178347476718,-0.002343112857987345],[0.010575179533209569,-0.006387332614797982,0.016645939027422396]]
[[-0.0110977646931697,-0.0046847535697656165,-0.01316534608346298],[0.0026348494355704615,0.009378032480175094,-0.0025064762005765876],[0.008462915257599238,-0.004693278910409477,0.015671822284039568]]
[[-0.009216667608861919,-0.005267636466463499,-0.011932763139787752],[0.0025591628167074922,0.008715179915588024,-0.002624349233030752],[0.006657504792154426,-0.0034475434491245257,0.014557112372818502]]
[[-0.0076422513306699125,-0.005554616086930709,-0.010713147571461005],[0.0024830585162178296,0.008100968516901886,-0.002703882272124871],[0.005159192814452082,-0.002546352429971176,0.013417029843585875]]
[[-0.006345385625143334,-0.005633807301239494,-0.009567521640268008],[0.0024065191407447945,0.007533009032172916,-0.002751498373934698],[0.00393886648439854,-0.0018992017309334224,0.012319020014202705]]
[[-0.005286179203452296,-0.00557409543600693,-0.008524605774977177],[0.002329766053278562,0.0070087592368844554,-0.002772863239076115],[0.0029564131501737343,-0.0014346638008775258,0.011297469014053292]]
[[-0.004424028603041605,-0.005426045481861369,-0.007593164238388503],[0.002253145901032925,0.006525557119252521,-0.002772896320229224],[0.0021708827020086806,-0.0010995116373911512,0.010366060558617728]]
[[-0.003722269455848188,-0.005225260433453073,-0.006770735147485658],[0.0021770521508816826,0.006080676504735983,-0.002755812011798786],[0.0015452173049665054,-0.0008554160712829109,0.009526547159284445]]
[[-0.003149763379712026,-0.004996057809410795,-0.006049220581511035],[0.002101874432315168,0.0056713862426580886,-0.0027251795266952563],[0.0010478889473968579,-0.0006753284332472929,0.008774400108206291]]
[[-0.00268095314204415,-0.0047546296305895465,-0.0054182185543573055],[0.0020279685143389493,0.005295003057835659,-0.0026839920195714548],[0.0006529846277052009,-0.0005403734272461133,0.00810221057392876]]
[[-0.0022952638764537044,-0.0045114866396414955,-0.004866883836818604],[0.001955640762227195,0.004948933890006648,-0.002634738037970089],[0.0003396231142265094,-0.0004374472503651532,0.007501621874788693]]
[[-0.001976304574047799,-0.004273245381500801,-0.004384889031343283],[0.0018851422389742694,0.004630706874753756,-0.0025794707035434127],[0.00009116233507352935,-0.0003574614932529553,0.0069643597348866965]]
[[-0.001711081583739236,-0.004043892569323443,-0.0039628613796768],[0.001816668874666447,0.004337991857178631,-0.0025198718736753013],[-0.00010558729092721101,-0.0002940992878551888,0.006482733253352101]]
[[-0.0014893082421893796,-0.003825661767736096,-0.00359252789192512],[0.0017503651786868058,0.004068612082501571,-0.002457309880728493],[-0.0002610569364974262,-0.00024295031476547413,0.006049837772653614]]
[[-0.0013028325805379834,-0.0036196334645058623,-0.0032667071329046432],[0.0016863297839232454,0.00382054889651646,-0.002392890362029868],[-0.00038349720338526187,-0.00020091543201059773,0.005659597494934511]]
[[-0.0011451775997864462,-0.0034261421961393848,-0.002979227248687394],[0.0016246217109392516,0.003591941183619944,-0.002327500275834079],[-0.00047944411115280537,-0.00016579898748055912,0.005306727524521473]]
[[-0.0010111784929548152,-0.003245050893474424,-0.0027248144975333334],[0.001565266663541677,0.003381081034233213,-0.0022618455390622486],[-0.000554088170586862,-0.00013603014075878883,0.004986660036595582]]
[[-0.0008966991704130744,-0.00307593459136691,-0.002498975877739094],[0.0015082629568875343,0.0031864068593987944,-0.0021964828972990836],[-0.0006115637864744599,-0.00011047226803188436,0.004695458775038177]]
[[-0.0007984118254374319,-0.0029182025760576317,-0.0022978876266514267],[0.0014535868712562982,0.003006494906465775,-0.002131846703767366],[-0.0006551750458188663,-0.00008829233040814335,0.004429734330418792]]
[[-0.0007136257991418417,-0.00277117885261491,-0.002118294777240707],[0.0014011973475075489,0.0028400498980493375,-0.0020682712830693397],[-0.0006875715483657071,-0.00006887104543442713,0.004186566060310046]]
[[-0.0006401546494209816,-0.00263415446481699,-0.001957423405810964],[0.0013510400156056324,0.0026858953240124057,-0.002006009515859058],[-0.0007108853661846509,-0.00005174085919541576,0.003963432921670023]]
[[-0.0005762126911362073,-0.00250642085634459,-0.001812905383114104],[0.0013030505910729363,0.0025429637624550068,-0.0019452482211906009],[-0.0007268378999367289,-0.000036542906110417035,0.003758153604304705]]
[[-0.0005203342351759803,-0.0023872905068521373,-0.001682714588630115],[0.0012571576968811063,0.002410287486393556,-0.0018861208461385234],[-0.0007368234617051259,-0.000022996979541419068,0.0035688354347686384]]
[[-0.0004713103177701004,-0.002276109070433502,-0.0015651132232643943],[0.0012132851777311292,0.002286989522480653,-0.0018287179047508373],[-0.0007419748599610289,-0.000010880452047151452,0.003393831128015232]]
[[-0.00042813893083594044,-0.002172261883001184,-0.001458606807606511],[0.0011713539750641856,0.0021722752612248365,-0.0017730955446489923],[-0.0007432150442282452,-1.3378223652363644e-8,0.0032317023522555033]]
[[-0.00038998570251002213,-0.002075176781208802,-0.0013619065397749931],[0.0011312836278999355,0.0020654246697230866,-0.00171928256175547],[-0.0007412979253899134,9.752111485715215e-6,0.003081189101530463]]
[[-0.00035615269374874887,-0.001984324547668952,-0.0012738978309279007],[0.0010929934589281715,0.0019657851236734494,-0.0016672861325388434],[-0.0007368407651794228,0.000018539423995502045,0.002941183963466744]]
[[-0.00032605352225375096,-0.0018992178699551788,-0.0011936139963101098],[0.0010564034985760975,0.0018727648519259199,-0.0016170964888743062],[-0.0007303499763223467,0.000026453018029258925,0.002810710485184416]]
[[-0.00029919343941794426,-0.0018194094097957344,-0.0011202142343448567],[0.0010214351928828583,0.0017858269713049214,-0.0015686907227447065],[-0.0007222417534649141,0.00003358243849081299,0.002688904957089563]]
[[-0.00027515330105566844,-0.0017444893804222578,-0.0010529651662743794],[0.0009880119344220653,0.0017044840797553276,-0.0015220358759533764],[-0.0007128586333663969,0.00004000530066693023,0.0025750010422277555]]
[[-0.00025357661257990833,-0.0016740828947485104,-0.000991225330890068],[0.0009560594494777426,0.0016282933703879528,-0.0014770914431015342],[-0.0007024828368978343,0.00004578952436055765,0.0024683167739916025]]
[[-0.000234159012395772,-0.0016078472549184712,-0.0009344321328294183],[0.0009255060693100718,0.0015568522264936286,-0.0014338113936106418],[-0.0006913470569142997,0.000050995028424842635,0.00236824352644006]]
[[-0.0002166396974566488,-0.0015454692911675795,-0.0008820908301371404],[0.0008962829086674784,0.0014897942571363322,-0.001392145799894556],[-0.0006796432112108296,0.00005567503403124726,0.0022742366300316963]]
[[-0.00020079440260840526,-0.001486662815597398,-0.0008337652192807992],[0.0008683239706833226,0.0014267857338471448,-0.0013520421433199901],[-0.0006675295680749174,0.000059877081750253224,0.0021858073626007894]]
[[-0.00018642962836727602,-0.0014311662280159373,-0.0007890697356937772],[0.0008415661938843892,0.001367522390728891,-0.0013134463568190919],[-0.0006551365655171132,0.00006364383728704617,0.002102516092512869]]
[[-0.0001733778760337941,-0.0013787402920821432,-0.000747662737195896],[0.0008159494541685306,0.0013117265525922667,-0.0012763036524874522],[-0.0006425715781347366,0.00006701373948987644,0.0020239663896833484]]
[[-0.00016149369897756972,-0.0013291660876137725,-0.0007092407781056027],[0.0007914165322115056,0.0012591445583280585,-0.0012405591738332206],[-0.0006299228332339359,0.00007002152928571397,0.0019497999519388232]]
[[-0.0001506504178864602,-0.0012822431370061948,-0.0006735337150521926],[0.0007679130547721539,0.0012095444494035117,-0.0012061585052162765],[-0.0006172626368856937,0.00007269868760268285,0.001879692220268469]]
[[-0.0001407373782943113,-0.0012377876988390586,-0.0006403005127258346],[0.0007453874167197595,0.00116271389603696,-0.0011730480651610527],[-0.0006046500384254482,0.0000750738028020986,0.0018133485778868872]]
[[-0.00013165765270891136,-0.0011956312189334234,-0.0006093256401521597],[0.0007237906892535079,0.0011184583361772268,-0.0011411754054182102],[-0.0005921330365445966,0.00007717288275619651,0.0017505010455703698]]
[[-0.00012332610862226756,-0.0011556189276838618,-0.0005804159664410739],[0.0007030765186738974,0.0010765993048460353,-0.0011104894337028793],[-0.0005797504100516299,0.0000790196228378265,0.001690905400143953]]
[[-0.00011566777871959205,-0.001117608571959335,-0.0005533980800688046],[0.000683201019158994,0.00103697293366625,-0.0010809405747969195],[-0.000567533240439402,0.00008063563829308507,0.0016343386548657243]]
[[-0.00010861648157133543,-0.0010814692699209116,-0.0005281159682056826],[0.0006641226622597443,0.0009994286024842811,-0.0010524808820430445],[-0.0005555061806884088,0.00008204066743663051,0.0015805968502487272]]
[[-0.00010211365065645016,-0.0010470804775228758,-0.0005044290028861912],[0.0006458021652288707,0.0009638277268991613,-0.0010250641090754713],[-0.0005436885145724207,0.00008325275062371447,0.0015294931119616624]]
[[-0.00009610733723667863,-0.0010143310560963362,-0.00048221018932789685],[0.0006282023798125552,0.000930042667237913,-0.0009986457498395765],[-0.0005320950425758765,0.00008428838885842307,0.0014808559391674733]]
[[-0.00009055135877824466,-0.0009831184311599416,-0.0004613446387631887],[0.0006112881827426874,0.0008979557460752183,-0.0009731830534815731],[-0.0005207368239644427,0.00008516268508472339,0.0014345276922447616]]
[[-0.00008540456960826439,-0.0009533478333937214,-0.000441728234013572],[0.0005950263688529194,0.0008674583627958475,-0.0009486350194810373],[-0.000509621799244655,0.00008588947059787395,0.0013903632534946093]]
[[-0.00008063023454035692,-0.0009249316135057019,-0.00042326646092284644],[0.0005793855474899955,0.0008384501949527275,-0.0009249623774069159],[-0.0004987553129496386,0.0000864814185529743,0.0013482288383297623]]
[[-0.0000761954894971264,-0.0008977886234894682,-0.00040587338284588976],[0.0005643360426913005,0.0008108384772944068,-0.0009021275548628945],[-0.0004881405531941741,0.0000869501461950614,0.0013080009377087845]]
[[-0.00007207087584590926,-0.0008718436574978259,-0.00038947073880490446],[0.0005498497974406449,0.0007845373503351767,-0.0008800946365188865],[-0.00047777892159473563,0.00008730630716264915,0.001269565375323791]]
[[-0.0000682299373665852,-0.0008470269462343559,-0.00037398714879007395],[0.0005359002821892229,0.0007594672712311142,-0.0008588293165760301],[-0.0004676703448226377,0.0000875596750032418,0.001232816465366104]]
[[-0.00006464887058008706,-0.0008232736993870328,-0.0003593574120908051],[0.0005224624077309576,0.0007355544805168655,-0.0008382988465615755],[-0.0004578135371508706,0.00008771921887016737,0.0011976562586523806]]
[[-0.00006130622065811622,-0.0008005236911956559,-0.0003455218865743589],[0.0005095124424458704,0.0007127305189614556,-0.0008184719799799583],[-0.0004482062217877541,0.00008779317223420034,0.0011639938665543173]]
[[-0.0000581826163680773,-0.000778720884759056,-0.00033242593854413186],[0.0004970279338673392,0.0006909317894261761,-0.0007993189150428033],[-0.0004388453174992619,0.00008778909533287984,0.0011317448535869351]]
[[-0.00005526053853015798,-0.0007578130911516752,-0.00032001945426233424],[0.0004849876344856913,0.0006700991591623675,-0.0007808112364518385],[-0.0004297270959555333,0.00008771393198930757,0.0011008306907141728]]
[[-0.0000525241173141823,-0.0007377516598355797,-0.0003082564054544306],[0.00047337143166860266,0.0006501775984793618,-0.0007629218570049945],[-0.0004208473143544204,0.00008757406135621773,0.0010711782624594252]]
[[-0.00004995895441334928,-0.0007184911972270298,-0.00029709446216101863],[0.0004621602815559583,0.0006311158521500263,-0.0007456249596293591],[-0.00041220132714260907,0.00008737534507700353,0.0010427194217903777]]
[[-0.0000475519667252852,-0.0006999893106102186,-0.0002864946471963502],[0.0004513361467712695,0.0006128661403094996,-0.000728895940308641],[-0.0004037841800459843,0.00008712317030071899,0.0010153905875049912]]
[[-0.0000452912486683311,-0.000682206374888457,-0.000276421027235912],[0.00044088193778190655,0.0005953838859474042,-0.0007127113522619024],[-0.0003955906891135755,0.00008682248894105281,0.0009891323794978145]]
[[-0.000043165950679216215,-0.0006651053199284856,-0.0002668404362087584],[0.00043078145773505747,0.0005786274664000285,-0.0006970488516401742],[-0.0003876155070558412,0.00008647785352845723,0.0009638892878489326]]
[[-0.00004116617179074767,-0.0006486514364900551,-0.0002577222272306159],[0.0004210193505944558,0.0005625579865211106,-0.0006818871449344542],[-0.00037985317880370815,0.00008609344996894457,0.0009396093721650701]]
[[-0.00003928286448594357,-0.000632812198943526,-0.0002490380497953546],[0.0004115810524037381,0.0005471390714518309,-0.0006672059382295299],[-0.0003722981879177945,0.00008567312749169513,0.0009162439880248845]]
[[-0.000037507750277244316,-0.0006175571031657579,-0.0002407616493571284],[0.00040245274550512636,0.0005323366771258866,-0.0006529858883905444],[-0.000364944995227882,0.00008522042603987124,0.0008937475377476729]]
[[-0.000035833244673520994,-0.0006028575181715433,-0.00023286868679330485],[0.0003936213155464779,0.000518118916837149,-0.0006392085562311913],[-0.0003577880708729569,0.00008473860133439433,0.0008720772430244961]]
[[-0.00003425239037975284,-0.0005886865501865571,-0.0002253365755476329],[0.000385074311115177,0.0005044559023680874,-0.0006258563616821885],[-0.0003508219207354241,0.00008423064781846963,0.0008511929372298214]]
[[-0.00003275879772955855,-0.0005750189180002765,-0.00021814433452099004],[0.000376799905843542,0.0004913195983292954,-0.0006129125409548453],[-0.00034404110811398343,0.000083699319670981,0.0008310568754758353]]
[[-0.000031346591483494664,-0.0005618308385554026,-0.0002112724550094912],[0.0003687868628371075,0.0004786836884961425,-0.0006003611056759219],[-0.0003374402713536128,0.00008314715005925999,0.000811633560685413]]
[[-0.000030010363239690434,-0.0005490999218356026,-0.00020470278019178237],[0.00036102450128413035,0.0004665234530497228,-0.0005881868039556662],[-0.00033101413804443995,0.0000825764687858798,0.0007928895841474487]]
[[-0.000028745128800923,-0.0005368050742073291,-0.0001984183958432565],[0.0003535026651117801,0.00045481565573746846,-0.0005763750833400818],[-0.0003247575363108571,0.00008198941846986057,0.0007747934791833383]]
[[-0.000027546289926095796,-0.0005249264094553339,-0.00019240353110837278],[0.00034621169356159967,0.00044353844006552937,-0.0005649120555904879],[-0.0003186654036355039,0.00008138796938980455,0.0007573155866988607]]
[[-0.000026409599966333448,-0.0005134451668264235,-0.00018664346829630512],[0.0003391423935638594,0.00043267123372157105,-0.0005537844632277648],[-0.00031273279359752594,0.00008077393310485247,0.0007404279315240699]]
[[-0.000025331132948268793,-0.0005023436354629834,-0.00018112446078246487],[0.00033228601379730525,0.00042219466050412625,-0.0005429796477748359],[-0.00030695488084903647,0.0000801489749588571,0.0007241041085573007]]
[[-0.00002430725572102964,-0.0004916050846677374,-0.00017583365820125806],[0.00032563422032747924,0.0004120904591040865,-0.0005324855196286393],[-0.0003013269646064496,0.00007951462556365102,0.0007083191778298974]]
[[-0.000023334602830153306,-0.0004812136994948758,-0.0001707590382057079],[0.0003191790737232086,0.00040234140814618565,-0.00052229052949169],[-0.0002958444708930553,0.00007887229134869017,0.0006930495676973978]]
[[-0.000022410053822214017,-0.00047115452121077896,-0.00016588934414893473],[0.0003129130075570237,0.00039293125695423557,-0.0005123836412931668],[-0.00029050295373480965,0.00007822326425654339,0.0006782729854421016]]
[[-0.000021530712719200022,-0.0004614133922107114,-0.00016121402811237128],[0.0003068288082011329,0.00038384466155408104,-0.0005027543065300176],[-0.00028529809548193287,0.00007756873065663041,0.0006639683346423889]]
[[-0.00002069388943238501,-0.00045197690501657973,-0.0001567231987672159],[0.00030091959583615903,0.00037506712547338546,-0.0004933924399597114],[-0.000280225706403774,0.0000769097795431943,0.0006501156387269274]]
[[-0.000019897082912224012,-0.0004428323550156474,-0.000152407573610052],[0.00029517880659513053,0.00036658494493798375,-0.00048428839657785555],[-0.00027528172368290656,0.00007624741007766366,0.0006366959701879075]]
[[-0.000019137965854206466,-0.0004339676966313897,-0.00014825843516169294],[0.0002896001757702073,0.0003583851581011095,-0.000475432949815801],[-0.00027046220991600083,0.00007558253853028017,0.0006236913849774939]]
[[-0.000018414370801083418,-0.00042537150264582895,-0.00014426759076093096],[0.0002841777220143233,0.00035045549797477644,-0.0004668172708955085],[-0.00026576335121323994,0.00007491600467105251,0.0006110848616564395]]
[[-0.00001772427749983734,-0.0004170329264180664,-0.00014042733562267341],[0.0002789057324743578,0.00034278434876232724,-0.0004584329092812657],[-0.00026118145497452044,0.00007424857765573914,0.0005988602449039391]]
[[-0.000017065801387524734,-0.0004089416667665931,-0.00013673041886350622],[0.0002737787487965949,0.00033536070531800657,-0.00045027177417026443],[-0.00025671294740907017,0.00007358096144858658,0.0005870021930337707]]
[[-0.000016437183093974896,-0.0004010879353036083,-0.0001331700122275693],[0.00026879155394913374,0.0003281741354836665,-0.0004423261169665254],[-0.0002523543708551588,0.0000729137998199418,0.0005754961291940947]]
[[-0.00001583677886152963,-0.00039346242602821365,-0.00012973968127219594],[0.0002639391598095557,0.00032121474507464055,-0.0004345885146851592],[-0.00024810238094802604,0.0000722476809535731,0.0005643281959573552]]
[[-0.000015263051792762264,-0.0003860562870022056,-0.00012643335879644336],[0.0002592167954695751,0.00031447314530666536,-0.000427051854236443],[-0.00024395374367681283,0.00007158314169554027,0.0005534852130328863]]
[[-0.000014714563846610822,-0.00037886109394743434,-0.00012324532031678069],[0.00025461989621158767,0.0003079404224736979,-0.00041970931754164705],[-0.00023990533236497685,0.00007092067147373645,0.0005429546378584278]]
[[-0.000014189968511756955,-0.00037186882561750516,-0.00012017016141307844],[0.0002501440931150194,0.00030160810970276237,-0.0004125543674349548],[-0.00023595412460326244,0.00007026071591474282,0.0005327245288480332]]
[[-0.000013688004093513961,-0.0003650718408091158,-0.00011720277678493793],[0.00024578520325315903,0.00029546816062673783,-0.0004055807343081649],[-0.00023209719915964509,0.00006960368018237793,0.0005227835110931028]]
[[-0.000013207487557075595,-0.00035846285688966386,-0.00011433834087352606],[0.00024153922044376004,0.00028951292482939857,-0.0003987824034571235],[-0.00022833173288668444,0.00006894993206026527,0.0005131207443306496]]
[[-0.00001274730887582744,-0.0003520349297280753,-0.00011157228991764464],[0.00023740230651911998,0.0002837351249292103,-0.0003921536030910334],[-0.00022465499764329254,0.00006829980479886499,0.0005037258930086781]]
[[-0.000012306425838617624,-0.00034578143492515793,-0.00010890030532494015],[0.00023337078308360965,0.00027812783517945416,-0.0003856887929678775],[-0.00022106435724499203,0.00006765359974570374,0.0004945890982928176]]
[[-0.000011883859274510115,-0.0003396960502483024,-0.00010631829825009614],[0.00022944112372872896,0.0002726844614723282,-0.00037938265362121016],[-0.00021755726445421884,0.0000670115887759742,0.0004857009518713063]]
[[-0.00001147868865766235,-0.0003337727391830979,-0.00010382239528169547],[0.00022560994667773443,0.00026739872264384935,-0.00037323007614549285],[-0.00021413125802007208,0.00006637401653924858,0.00047705247142718836]]
[[-0.000011090048058644992,-0.0003280057355214916,-0.00010140892514829756],[0.00022187400783371368,0.00026226463298474015,-0.00036722615250897757],[-0.0002107839597750687,0.00006574110253675143,0.0004686350776572751]]
[[-0.000010717122411801222,-0.00032238952891254513,-0.00009907440636226469],[0.00021823019420668792,0.00025727648587010177,-0.000361366166364885],[-0.0002075130717948867,0.00006511304304244339,0.00046044057272714967]]
[[-0.000010359144071178571,-0.00031691885130771954,-0.0000968155357270783],[0.0002146755176969158,0.0002524288384276339,-0.0003556455843332797],[-0.00020431637362573724,0.00006449001288008559,0.000452461120060358]]
[[-0.000010015389630189635,-0.00031158866423796667,-0.00009462917764039545],[0.00021120710921305235,0.0002477164971705112,-0.00035006004772760883],[-0.00020119171958286273,0.00006387216706745552,0.00044468922536800427]]
[[-9.685176982511145e-6,-0.0003063941468648092,-0.00009251235413098023],[0.0002078222131051988,0.00024313450452682548,-0.00034460536470135874],[-0.00019813703612268766,0.00006325964233798375,0.0004371177188323389]]
[[-9.367862603841296e-6,-0.00030133068475205816,-0.00009046223557296942],[0.0002045181818941661,0.000238678126202817,-0.0003392775027916872],[-0.00019515031929032478,0.00006265255854924114,0.0004297397383646566]]
[[-9.062839036027324e-6,-0.00029639385930891823,-0.00008847613202575765],[0.00020129247127947304,0.00023434283932196334,-0.0003340725818382151],[-0.00019222963224344573,0.00006205101998695486,0.0004225487138639728]]
[[-8.769532556780674e-6,-0.00029157943785897665,-0.00008655148515215565],[0.00019814263540972083,0.0002301243212864496,-0.0003289868672564176],[-0.00018937310285294014,0.00006145511657252705,0.00041553835240857326]]
[[-8.487401019725885e-6,-0.00028688336429300986,-0.00008468586067144907],[0.0001950663224000245,0.00022601843931161007,-0.0003240167636462334],[-0.0001865789213802986,0.0000608649249813998,0.00040870262431768245]]
[[-8.215931850911201e-6,-0.00028230175026669067,-0.0000828769413075829],[0.0001920612700821573,0.00022202124058767194,-0.00031915880871763056],[-0.0001838453382312461,0.000060280509679018715,0.00040203575002521345]]
[[-7.954640189151113e-6,-0.0002778308669071733,-0.0000811225201959777],[0.00018912530197396773,0.00021812894302655468,-0.0003144096675159148],[-0.00018117066178481662,0.00005970192388061863,0.00039553218771189256]]
[[-7.703067158693378e-6,-0.00027346713699518484,-0.00007942049471546016],[0.0001862563234554744,0.00021433792655462636,-0.00030976612693055846],[-0.00017855325629678102,0.000059129210440558475,0.0003891866216460186]]
[[-7.460778263716798e-6,-0.00026920712759169625,-0.00007776886071450757],[0.00018345231813983456,0.0002106447249152092,-0.0003052250904722603],[-0.00017599153987611776,0.000058562402676487084,0.00038299395118676784]]
[[-7.2273618950818615e-6,-0.00026504754308048615,-0.00007616570710347522],[0.00018071134442811525,0.00020704601794728153,-0.0003007835733038261],[-0.0001734839825330334,0.000058001525133204624,0.00037694928040730134]]
[[-7.0024279405859e-6,-0.00026098521859997583,-0.00007460921078673489],[0.00017803153223748492,0.00020353862430926972,-0.0002964386975112842],[-0.00017102910429689903,0.00005744659429070613,0.0003710479082980191]]
[[-6.785606490724579e-6,-0.00025701711383961775,-0.0000730976319107074],[0.00017541107989308243,0.00020011949461906973,-0.00029218768760242927],[-0.00016862547340235786,0.00005689761922054803,0.0003652853195131367]]
[[-6.576546632642338e-6,-0.00025314030717786746,-0.00007162930940565686],[0.00017284825117442124,0.0001967857049835129,-0.0002880278662207206],[-0.0001662717045417789,0.00005635460219435456,0.00035965717562637747]]
[[-6.374915325572333e-6,-0.00024935199014038774,-0.00007020265680082928],[0.00017034137250774399,0.00019353445089239773,-0.00028395665006314733],[-0.00016396645718217166,0.00005581753924799002,0.00035415930686397666]]
[[-6.180396351626055e-6,-0.00024564946215862037,-0.00006881615829409422],[0.00016788883029626598,0.00019036304145396906,-0.00027997154599132383],[-0.00016170843394463992,0.00005528642070465132,0.0003487877042854181]]
[[-5.99268933630313e-6,-0.00024203012561023905,-0.00006746836505868651],[0.00016548906838073377,0.00018726889395035185,-0.0002760701473256849],[-0.00015949637904443063,0.000054761231659887196,0.0003435385123843714]]
[[-5.811508833554778e-6,-0.0002384914811242662,-0.00006615789177096454],[0.00016314058562318112,0.00018424952869294407,-0.00027225013031322525],[-0.00015732907678962633,0.00005424195243132215,0.0003384080220841898]]
[[-5.636583470656361e-6,-0.00023503112313481045,-0.00006488341334431167],[0.0001608419336071929,0.00018130256415915943,-0.000268509250759767],[-0.00015520535013653655,0.000053728558975651,0.0003333926641040787]]
[[-5.467655148528432e-6,-0.0002316467356684692,-0.00006364366185541748],[0.00015859171444838432,0.0001784257123931899,-0.00026484534081824677],[-0.0001531240592998559,0.00005322102327527931,0.00032848900267366425]]
[[-5.304478293496225e-6,-0.00022833608835144448,-0.00006243742365019327],[0.00015638857870917778,0.00017561677465464026,-0.0002612563059249864],[-0.00015108410041568155,0.00005271931369680419,0.0003236937295751796]]
[[-5.1468191567968454e-6,-0.00022509703262335053,-0.00006126353661751472],[0.0001542312234123082,0.00017287363729998458,-0.00025774012187636773],[-0.00014908440425551135,0.000052223395323365966,0.00031900365849388246]]
[[-4.994455158435634e-6,-0.0002219274981455558,-0.00006012088761984374],[0.00015211839014781658,0.00017019426788280543,-0.0002542948320387497],[-0.00014712393498938096,0.00005173323026275034,0.0003144157196585934]]
[[-4.84717427225917e-6,-0.0002188254893926988,-0.00005900841007057439],[0.0001500488632685943,0.00016757671145971705,-0.00025091854468485986],[-0.00014520168899633513,0.00005124877793298175,0.00030992695475543425]]
[[-4.704774449357218e-6,-0.00021578908241676065,-0.00005792508164867647],[0.000148021468169832,0.00016501908708974354,-0.00024760943045027653],[-0.00014331669372047478,0.000050769995327017123,0.00030553451209895297]]
[[-4.567063077127328e-6,-0.00021281642177376273,-0.00005686992214188353],[0.0001460350696479914,0.00016251958451572886,-0.00024436571990395754],[-0.00014146800657086406,0.00005029683725803385,0.00030123564204584104]]
[[-4.43385647154221e-6,-0.00020990571760380041,-0.0000558419914102889],[0.00014408857033517485,0.00016007646101710675,-0.00024118570122711396],[-0.00013965471386363264,0.00004982925658669365,0.00029702769263740284]]
[[-4.304979400345392e-6,-0.00020705524285571285,-0.00005484038746278724],[0.00014218090920499888,0.00015768803842404884,-0.0002380677179950296],[-0.0001378759298046535,0.00004936720443166401,0.00029290810545781683]]
[[-4.180264635073353e-6,-0.00020426333064824375,-0.0000538642446393239],[0.00014031106014630385,0.000155352700283659,-0.00023501016705672803],[-0.0001361307955112305,0.000048910630364584754,0.0002888744116960519]]
[[-4.059552529959397e-6,-0.00020152837176005945,-0.000052912731892402984],[0.00013847803060123664,0.0001530688891694783,-0.00023201149650766006],[-0.00013441847807127725,0.00004845948259058115,0.00028492422840006306]]
[[-3.942690625919531e-6,-0.00019884881224146935,-0.000051985051161754315],[0.00013668086026444055,0.0001508351041261235,-0.00022907020375084944],[-0.00013273816963852103,0.00004801370811534582,0.0002810552549126038]]
[[-3.829533277952904e-6,-0.000196223151141136,-0.00005108043583647503],[0.00013491861984026764,0.00014864989824139957,-0.00022618483364217606],[-0.00013108908656231475,0.000047573252899736404,0.00027726526947865105]]
[[-3.7199413044123658e-6,-0.00019364993834147874,-0.00005019814929934711],[0.0001331904098551025,0.00014651187633870944,-0.00022335397671570926],[-0.00012947046855069013,0.000047138062002769315,0.0002735521260150564]]
[[-3.6137816567120476e-6,-0.00019112777249685866,-0.00004933748354838848],[0.0001314953595220468,0.0001444196927830329,-0.00022057626748522226],[-0.00012788157786533473,0.00004670807971382578,0.0002699137510336107]]
[[-3.5109271081437874e-6,-0.0001886552990689931,-0.000048497757891024136],[0.0001298326256553663,0.0001423720493941648,-0.00021785038281822196],[-0.0001263216985472225,0.000046283249674828315,0.0002663481407092461]]
[[-3.411255960567674e-6,-0.00018623120845438342,-0.00004767831770657119],[0.00012820139163224447,0.00014036769346129156,-0.00021517504037902392],[-0.0001247901356716768,0.00004586351499309188,0.0002628533580855951]]
[[-3.314651767831694e-6,-0.00018385423419885254,-0.0000468785332730141],[0.0001266008663995206,0.00013840541585334913,-0.00021254899713758413],[-0.00012328621463168893,0.00004544881834550341,0.00025942753041059826]]
[[-3.221003074855107e-6,-0.00018152315129458185,-0.000046097798654309816],[0.00012503028352321688,0.00013648404921994407,-0.00020997104794097079],[-0.00012180928044836177,0.00004503910207463778,0.0002560688465952806]]
[[-3.130203171385781e-6,-0.00017923677455530953,-0.00004533553064470648],[0.0001234889002787775,0.00013460246627793493,-0.00020744002414452376],[-0.00012035869710739172,0.000044634308277374595,0.00025277555478923024]]
[[-3.0421498595100305e-6,-0.0001769939570656075,-0.00004459116776678692],[0.0001219759967800546,0.00013275957817906648,-0.0002049547922999002],[-0.00011893384692054457,0.00004423437888654104,0.0002495459600666871]]
[[-2.956745234058207e-6,-0.0001747935887003939,-0.000043864169320157476],[0.00012049087514517987,0.00013095433295432548,-0.00020251425289735163],[-0.00011753412991112166,0.00004383925574606839,0.0002463784222175091]]
[[-2.873895475107139e-6,-0.00017263459471105982,-0.000043154014477899945],[0.00011903285869756165,0.0001291857140309431,-0.0002001173391597127],[-0.00011615896322245451,0.00004344888068011674,0.0002432713536376126]]
[[-2.793510651835994e-6,-0.00017051593437479958,-0.000042460201428085986],[0.0001176012912003385,0.00012745273881821034,-0.00019776301588571288],[-0.00011480778054850251,0.000043063195556589244,0.00024022321731379887]]
[[-2.715504537041971e-6,-0.0001684365997039272,-0.000041782246557822784],[0.00011619553612270933,0.00012575445735849792,-0.00019545027834034102],[-0.00011348003158566737,0.00004268214234542925,0.00023723252489816381]]
[[-2.6397944316693775e-6,-0.00016639561421214751,-0.00004111968367745681],[0.00011481497593664214,0.00012408995104008232,-0.00019317815119011215],[-0.00011217518150497277,0.00004230566317206519,0.00023429783486756894]]
[[-2.5663009987483315e-6,-0.00016439203173492067,-0.00004047206328271016],[0.00011345901144254282,0.00012245833136857696,-0.00019094568748119012],[-0.00011089271044379449,0.00004193370036634372,0.0002314177507639003]]
[[-2.4949481061804217e-6,-0.00016242493530121873,-0.00003983895185265955],[0.00011212706112253673,0.00012085873879395153,-0.00018875196765842582],[-0.0001096321130163563,0.000041566196507267206,0.00022859091951108536]]
[[-2.4256626778446066e-6,-0.00016049343605412637,-0.00003921993118159739],[0.00011081856052008733,0.00011929034159029624,-0.00018659609862346598],[-0.00010839289784224272,0.00004120309446383013,0.00022581602980506336]]
[[-2.358374552532273e-6,-0.0001585966722178779,-0.00003861459774293271],[0.00010953296164474109,0.00011775233478564831,-0.00018447721283018092],[-0.00010717458709220882,0.000040844337432229596,0.00022309181057311364]]
[[-2.293016350251719e-6,-0.00015673380810905482,-0.00003802256208340095],[0.00010826973240084852,0.00011624393913935101,-0.00018239446741574462],[-0.0001059767160505968,0.0000404898689697038,0.00022041702949914557]]
[[-2.229523345472412e-6,-0.00015490403318979518,-0.00003744344824595571],[0.0001070283560391714,0.00011476440016455735,-0.00018034704336578484],[-0.00010479883269369898,0.00004013963302523785,0.00021779049161174056]]
[[-2.167833346906867e-6,-0.0001531065611609821,-0.000036876893219813005],[0.00010580833063033966,0.00011331298719362408,-0.00017833414471209687],[-0.0001036404972834328,0.00003979357396735802,0.00021521103793190987]]
[[-2.1078865834537622e-6,-0.0001513406290934874,-0.00003632254641620777],[0.00010460916855917504,0.00011188899248426708,-0.00017635499776148982],[-0.00010250128197572128,0.000039451636609220335,0.0002126775441776976]]
[[-2.049625595949742e-6,-0.00014960549659565338,-0.000035780069168509055],[0.0001034303960389461,0.00011049173036446672,-0.0001744088503544026],[-0.00010138077044299636,0.00003911376623118666,0.00021018891952291163]]
[[-1.9929951343999738e-6,-0.00014790044501529004,-0.0000352491342554182],[0.00010227155264466768,0.000109120536414223,-0.00017249497115199382],[-0.00010027855751026772,0.000038779908601067054,0.00020774410540741201]]
[[-1.9379420603774796e-6,-0.0001462247766745579,-0.000034729425446048914],[0.00010113219086459982,0.00010777476668236241,-0.00017061264895047162],[-0.00009919424880422234,0.00003845000999219548,0.00020534207439652053]]
[[-1.8844152543014114e-6,-0.00014457781413619293,-0.000034220637065757814],[0.00010001187566914413,0.00010645379693669854,-0.0001687611920214894],[-0.00009812746041484272,0.00003812401719949441,0.00020298182908724723]]
[[-1.8323655273219882e-6,-0.0001429588994996114,-0.000033722473581658555],[0.00009891018409637474,0.00010515702194593783,-0.00016693992747748865],[-0.00009707781856905276,0.00003780187755367356,0.0002006624010591472]]
[[-1.7817455375563242e-6,-0.00014136739372550773,-0.000033234649206814325],[0.00009782670485347736,0.00010388385479180978,-0.00016514820066092415],[-0.00009604495931592104,0.00003748353893369795,0.00019838284986773848]]
[[-1.7325097104357135e-6,-0.0001398026759876323,-0.00003275688752215951],[0.00009676103793340615,0.000102633726209981,-0.00016338537455635644],[-0.00009502852822297044,0.0000371689497776513,0.00019614226207851596]]
[[-1.6846141629389126e-6,-0.00013826414305050284,-0.00003228892111525605],[0.00009571279424610144,0.00010140608395839063,-0.0001616508292244455],[-0.00009402818008316254,0.0000368580590921122,0.00019393975033970157]]
[[-1.6380166314997597e-6,-0.00013675120867186674,-0.00003183049123503926],[0.0000946815952636416,0.00010020039221171414,-0.000159943961256923],[-0.00009304357863214183,0.000036550816460152606,0.00019177445249196225]]
[[-1.5926764033903747e-6,-0.00013526330302879362,-0.00003138134746175566],[0.0000936670726787341,0.0000990161309807325,-0.00015826418325166523],[-0.00009207439627534372,0.00003624717204806114,0.0001896455307134209]]
[[-1.5485542513928717e-6,-0.00013379987216633274,-0.000030941247391338996],[0.00009266886807597817,0.00009785279555544693,-0.00015661092330702942],[-0.00009112031382458529,0.0000359470766108858,0.00018755217069836843]]
[[-1.5056123715834716e-6,-0.0001323603774677245,-0.00003050995633351304],[0.00009168663261535806,0.00009670989597083901,-0.00015498362453465406],[-0.00009018102024377459,0.000035650481496885466,0.0001854935808681671]]
[[-1.463814324063753e-6,-0.00013094429514520585,-0.000030087247022947794],[0.0000907200267274522,0.00009558695649423323,-0.00015338174458996077],[-0.00008925621240338844,0.00003535733865097264,0.00018346899161290856]]
[[-1.4231249764833042e-6,-0.0001295511157504979,-0.000029672899342832746],[0.00008976871981986715,0.00009448351513327331,-0.00015180475521963188],[-0.00008834559484338384,0.00003506760061722459,0.00018147765456246463]]
[[-1.3835104502064973e-6,-0.00012818034370410729,-0.00002926670006026592],[0.00008883238999442816,0.00009339912316357234,-0.00015025214182536802],[-0.00008744887954422166,0.00003478122054053494,0.00017951884188563394]]
[[-1.344938068985838e-6,-0.0001268314968426194,-0.000028868442572888997],[0.00008791072377468018,0.00009233334467514629,-0.0001487234030432647],[-0.00008656578570569434,0.0000344981521674731,0.0001775918456161537]]
[[-1.3073763100112988e-6,-0.00012550410598319777,-0.00002847792666622954],[0.0000870034158432736,0.00009128575613678448,-0.0001472180503381748],[-0.0000856960395332623,0.000034218349846413297,0.00017569597700440434]]
[[-1.2707947572129349e-6,-0.00012419771450454558,-0.00002809495828124041],[0.00008611016878882856,0.0000902559459775534,-0.00014573560761245297],[-0.00008483937403161564,0.0000339417685269922,0.00017383056589369338]]
[[-1.2351640567010389e-6,-0.0001229118779436193,-0.000027719349291553045],[0.00008523069286189023,0.00008924351418466997,-0.0001442756108285049],[-0.00008399552880518918,0.00003366836375894934,0.00017199496012005794]]
[[-1.2004558742345769e-6,-0.00012164616360741995,-0.000027350917289987136],[0.00008436470573960523,0.00008824807191701935,-0.00014283760764459056],[-0.00008316424986537065,0.000033398091690400614,0.00017018852493457768]]
[[-1.1666428546149372e-6,-0.0001204001501992195,-0.000026989485383882774],[0.00008351193229876605,0.00008726924113362673,-0.00014142115706335427],[-0.00008234528944415111,0.00003313090906559277,0.00016841064244723703]]
[[-1.1336985829077186e-6,-0.00011917342745861045,-0.00002663488199884388],[0.00008267210439688663,0.00008630665423642848,-0.00014002582909257904],[-0.00008153840581397892,0.00003286677322218198,0.00016666071109142292]]
[[-1.101597547400685e-6,-0.00011796559581479554,-0.000026286940690503383],[0.0000818449606609863,0.00008535995372671747,-0.00013865120441768254],[-0.00008074336311358562,0.000032605642088078084,0.00016493814510818594]]
[[-1.0703151042110665e-6,-0.00011677626605256344,-0.000025945499963940348],[0.0000810302462837752,0.00008442879187467049,-0.0001372968740854956],[-0.00007995993117956413,0.000032347474177892955,0.00016324237404943595]]
[[-1.0398274434604373e-6,-0.00011560505899041974,-0.000025610403100397812],[0.00008022771282694678,0.00008351283040139242,-0.00013596243919888258],[-0.00007918788538348635,0.00003209222858902732,0.00016157284229928042]]
[[-1.0101115569395339e-6,-0.0001144516051703709,-0.000025281497990969266],[0.00007943711803129676,0.00008261174017294007,-0.00013464751062178335],[-0.00007842700647435722,0.00003183986499743084,0.0001599290086127526]]
[[-9.811452071897777e-7,-0.00011331554455887821,-0.000024958636976936922],[0.00007865822563339945,0.00008172520090581349,-0.00013335170869427251],[-0.00007767708042620966,0.000031590343653064726,0.00015831034567120942]]
[[-9.529068979324111e-7,-0.00011219652625852488,-0.00002464167669646218],[0.00007789080518858536,0.0000808529008834282,-0.00013207466295725236],[-0.00007693789829065295,0.00003134362537509668,0.00015671633965371455]]
[[-9.253758457793974e-7,-0.00011109420822995772,-0.000024330477937343292],[0.0000771346318999741,0.00007999453668310335,-0.00013081601188640914],[-0.00007620925605419471,0.000031099671546854375,0.00015514648982375244]]
[[-8.985319531644507e-7,-0.0001100082570236862,-0.00002402490549556885],[0.00007638948645332749,0.00007914981291312417,-0.00012957540263508],[-0.00007549095450016304,0.000030858444110562034,0.00015360030813064886]]
[[-8.723557824351626e-7,-0.00010893834752134093,-0.00002372482803941058],[0.00007565515485749891,0.00007831844195945663,-0.00012835249078569248],[-0.00007478279907506374,0.000030619905561884295,0.00015207731882510304]]
[[-8.468285310508147e-7,-0.0001078841626860104,-0.000023430117978810113],[0.00007493142829026285,0.00007750014374171284,-0.0001271469401094523],[-0.00007408459975921204,0.00003038401894429756,0.00015057705808826244]]
[[-8.219320078333037e-7,-0.00010684539332129331,-0.000023140651339827202],[0.00007421810294931987,0.00007669464547798392,-0.00012595842233396984],[-0.00007339617094148657,0.000030150747843309388,0.00014909907367379705]]
[[-7.976486102210093e-7,-0.00010582173783871962,-0.000022856307643928666],[0.00007351497990827882,0.00007590168145817474,-0.00012478661691852673],[-0.00007271733129805781,0.000029920056380544884,0.0001476429245624554]]
[[-7.73961302478628e-7,-0.00010481290203320841,-0.000022576969791906718],[0.00007282186497742882,0.00007512099282549196,-0.00012363121083669955],[-0.0000720479036749502,0.000029691909207716464,0.00014620818062860625]]
[[-7.50853594818055e-7,-0.00010381859886624638,-0.0000223025239522269],[0.00007213856856911927,0.00007435232736575291,-0.00012249189836606596],[-0.00007138771497430121,0.000029466271500493466,0.00014479442231829284]]
[[-7.283095233877626e-7,-0.00010283854825648397,-0.000022032859453614937],[0.00007146490556757547,0.00007359543930419745,-0.00012136838088473257],[-0.00007073659604418772,0.00002924310895228652,0.0001434012403383475]]
[[-7.063136310904245e-7,-0.00010187247687746,-0.000021767868681700665],[0.00007080069520298387,0.00007285008910949975,-0.00012026036667443301],[-0.00007009438157189345,0.00002902238776796024,0.00014202823535613366]]
[[-6.848509491905221e-7,-0.00010092011796217745,-0.000021507446979546403],[0.00007014576092968775,0.0000721160433046907,-0.00011916757072995591],[-0.00006946090998049723,0.00002880407465748675,0.0001406750177095023]]
[[-6.639069796757202e-7,-0.00009998121111426695,-0.000021251492551894877],[0.00006949993030834153,0.0000713930742847144,-0.00011808971457467202],[-0.00006883602332866581,0.00002858813682955256,0.0001393412071265669]]
[[-6.434676783374026e-7,-0.00009905550212548326,-0.000020999906372979833],[0.00006886303489187741,0.00007068096014035457,-0.00011702652608193874],[-0.00006821956721354,0.000028374541985128686,0.00013802643245491858]]
[[-6.235194385377986e-7,-0.00009814274279929378,-0.00002075259209774995],[0.00006823491011514412,0.0000699794844882785,-0.00011597773930216971],[-0.00006761139067660631,0.00002816325831101527,0.00013673033139991966]]
[[-6.04049075632548e-7,-0.00009724269078032625,-0.000020509455976363045],[0.00006761539518808413,0.00006928843630695742,-0.00011494309429536569],[-0.00006701134611245158,0.000027954254473368837,0.00013545255027172873]]
[[-5.8504381201919e-7,-0.0000963551093894544,-0.000020270406771814956],[0.00006700433299232012,0.00006860760977823264,-0.00011392233696891119],[-0.00006641928918030092,0.00002774749961122174,0.00013419274374072614]]
[[-5.664912627835871e-7,-0.00009547976746430856,-0.000020035355680573543],[0.000066401569981027,0.00006793680413430715,-0.0001129152189204481],[-0.00006583507871824341,0.000027542963330001423,0.00013295057460102164]]
[[-5.483794219175437e-7,-0.00009461643920500771,-0.000019804216256093476],[0.00006580695608197173,0.00006727582350995142,-0.00011192149728564746],[-0.00006525857666005418,0.000027340615695056278,0.00013172571354174093]]
[[-5.306966490822527e-7,-0.00009376490402491819,-0.000019576904335094633],[0.00006522034460360618,0.0000666244767997223,-0.00011094093459070449],[-0.00006468964795452393,0.000027140427225195902,0.00013051783892579913]]
[[-5.134316568935957e-7,-0.00009292494640625215,-0.000019353337966490747],[0.00006464159214410458,0.00006598257752000134,-0.00010997329860939139],[-0.00006412816048721098,0.000026942368886250807,0.00012932663657588215]]
[[-4.965734987061322e-7,-0.0000920963557603267,-0.00001913343734286114],[0.00006407055850324037,0.00006534994367566856,-0.00010901836222450831],[-0.00006357398500453425,0.000026746412084658143,0.00012815179956736944]]
[[-4.801115568742446e-7,-0.00009127892629231217,-0.00001891712473436266],[0.00006350710659700192,0.00006472639763123423,-0.00010807590329357768],[-0.00006302699504012768,0.000026552528661077946,0.00012699302802794034]]
[[-4.6403553146937606e-7,-0.00009047245687030508,-0.00001870432442498398],[0.00006295110237485038,0.00006411176598625992,-0.00010714570451863601],[-0.00006248706684338101,0.000026360690884045162,0.00012585002894361998]]
[[-4.48335429433786e-7,-0.00008967675089856795,-0.000018494962651048298],[0.00006240241473952686,0.00006350587945490648,-0.00010622755331997942],[-0.00006195407931009308,0.000026170871443661466,0.00012472251597102772]]
[[-4.330015541519546e-7,-0.00008889161619478477,-0.000018288967541875047],[0.00006186091546931953,0.00006290857274945367,-0.00010532124171372793],[-0.00006142791391516758,0.000025983043445331095,0.000123610209255603]]
[[-4.180244954216501e-7,-0.00008811686487118698,-0.00001808626906251508],[0.00006132647914270533,0.00006231968446764323,-0.00010442656619307708],[-0.00006090845464728369,0.00002579718040354374,0.00012251283525559214]]
[[-4.0339511980762813e-7,-0.00008735231321941072,-0.000017886798958477642],[0.0000607989830652834,0.00006173905698370207,-0.00010354332761310995],[-0.00006039558794547577,0.00002561325623570865,0.0001214301265715876]]
[[-3.891045613616976e-7,-0.0000865977815989518,-0.00001769049070237057],[0.00006027830719892144,0.00006116653634290984,-0.00010267133107904944],[-0.00005988920263755974,0.00002543124525604197,0.00012036182178142001]]
[[-3.7514421269360467e-7,-0.00008585309432909005,-0.000017497279442379445],[0.0000597643340930385,0.00006060197215957959,-0.00010181038583783334],[-0.0000593891898803449,0.000025251122169510466,0.00011930766528021278]]
[[-3.615057163779832e-7,-0.00008511807958416002,-0.0000173071019525138],[0.00005925694881795143,0.00006004521751832609,-0.00010096030517290025],[-0.00005889544310157345,0.000025072862065833926,0.00011826740712541405]]
[[-3.4818095668319164e-7,-0.00008439256929204984,-0.00001711989658455219],[0.00005875603890021411,0.000059496128878501506,-0.00010012090630207839],[-0.000058407857943530914,0.000024896440413548323,0.00011724080288663057]]
[[-3.3516205160879166e-7,-0.00008367639903581465,-0.00001693560322162036],[0.000058261494259882225,0.000058954565981683116,-0.00009929201027847306],[-0.00005792633220827344,0.00002472183305413153,0.00011622761350009342]]
[[-3.2244134521855486e-7,-0.00008296940795829566,-0.000016754163233340272],[0.00005777320714963803,0.00005842039176210216,-0.00009847344189425311],[-0.00005745076580441947,0.0000245490161961935,0.00011522760512759339]]
[[-3.1001140025698837e-7,-0.00008227143866963995,-0.000016575519432489588],[0.000057291072095712454,0.000057893472259907825,-0.00009766502958723951],[-0.000056981060695455466,0.000024377966409732123,0.0001142405490197291]]
[[-2.978649910376022e-7,-0.00008158233715762043,-0.000016399616033114372],[0.00005681498584054476,0.000057373676537164345,-0.00009686660535020386],[-0.00005651712084950716,0.000024208660620456087,0.00011326622138331824]]
[[-2.859950965918629e-7,-0.00008090195270065936,-0.000016226398610039978],[0.000056344847287120945,0.00005686087659648337,-0.00009607800464278726],[-0.000056058852190529086,0.00002404107610417599,0.00011230440325282724]]
[[-2.743948940679623e-7,-0.00008023013778346214,-0.00001605581405972746],[0.00005588055744493548,0.0000563549473021977,-0.0000952990663059533],[-0.00005560616255086752,0.00002387519048126444,0.00011135488036568076]]
[[-2.630577523695242e-7,-0.00007956674801517231,-0.000015887810562424877],[0.00005542201937752244,0.00005585576630398627,-0.00009452963247889272],[-0.000055158961625152916,0.000023710981711186046,0.00011041744304131759]]
[[-2.5197722602436454e-7,-0.00007891164204996155,-0.00001572233754556541],[0.00005496913815150422,0.00005536321396286367,-0.00009376954851829933],[-0.000054717160925479856,0.00002354842808709789,0.00010949188606386475]]
[[-2.4114704927409393e-7,-0.00007826468150997216,-0.000015559345648365383],[0.000054521820787108,0.000054877173279451216,-0.0000930186629199412],[-0.0000542806737378339,0.00002338750823052094,0.00010857800856830658]]
[[-2.3056113037562374e-7,-0.00007762573091053232,-0.00001539878668757867],[0.00005407997621010172,0.00005439752982444938,-0.00009227682724245159],[-0.000053849415079726096,0.00002322820108608294,0.00010767561393003027]]
[[-2.2021354610625333e-7,-0.00007699465758756813,-0.000015240613624363754],[0.000053643515205103475,0.0000539241716712352,-0.00009154389603326966],[-0.00005342330165899722,0.00002307048591633293,0.00010678450965763341]]
[[-2.100985364640831e-7,-0.00007637133162713792,-0.000015084780532223381],[0.00005321235037021964,0.000053456989330510484,-0.00009081972675666071],[-0.000053002251833755555,0.000022914342296627435,0.0001059045072888841]]
[[-2.0021049955608928e-7,-0.00007575562579701903,-0.000014931242565977532],[0.0000527863960729686,0.000052995875686930144,-0.00009010417972375061],[-0.000052586185573412507,0.00002275975011008889,0.00010503542228972814]]
[[-1.9054398666649827e-7,-0.0000751474154802781,-0.000014779955931731633],[0.000052365568407448826,0.00005254072593764247,-0.00008939711802450966],[-0.000052175024420782326,0.00002260668954263564,0.0001041770739562413]]
[[-1.8109369749830795e-7,-0.00007454657861075953,-0.000014630877857804445],[0.00005194978515271141,0.00005209143753267566,-0.00008869840746162435],[-0.0000517686914552131,0.00002245514107808387,0.0001033292853194288]]
[[-1.718544755811596e-7,-0.00007395299561042894,-0.000014483966566580819],[0.000051538965732298174,0.000051647910117107765,-0.00008800791648619757],[-0.00005136711125671701,0.000022305085493321184,0.00010249188305277839]]
[[-1.6282130383921254e-7,-0.00007336654932851078,-0.00001433918124725604],[0.00005113303117490878,0.00005121004547495923,-0.00008732551613521952],[-0.00005097020987106957,0.00002215650385355155,0.00010166469738247556]]
[[-1.5398930031265709e-7,-0.00007278712498236107,-0.0000141964820294399],[0.00005073190407616037,0.0000507777474747498,-0.00008665107997075382],[-0.000050577914775847716,0.000022009377507611274,0.00010084756200019372]]
[[-1.453537140270567e-7,-0.00007221461010001964,-0.000014055829957589991],[0.00005033550856140596,0.000050350922016663774,-0.000085984484020786],[-0.0000501901548473789,0.00002186368808335587,0.00010004031397837598]]
[[-1.3690992100475122e-7,-0.0000716488944643865,-0.000013917186966244545],[0.000049943770249577606,0.000049929476981269405,-0.00008532560672168158],[-0.00004980686032857286,0.00002171941748311709,0.00009924279368792613]]
[[-1.2865342041292363e-7,-0.00007108987005897044,-0.000013780515856026857],[0.00004955661621802256,0.00004951332217974061,-0.00008467432886220487],[-0.000049427962797609636,0.000021576547879229833,0.00009845484471823173]]
[[-1.2057983084308244e-7,-0.00007053743101515959,-0.00001364578027039392],[0.00004917397496830135,0.00004910236930553107,-0.00008403053352904982],[-0.00004905339513745826,0.000021435061709628527,0.00009767631379944374]]
[[-1.1268488671701955e-7,-0.00006999147356096434,-0.00001351294467310338],[0.00004879577639291769,0.00004869653188745213,-0.00008339410605383666],[-0.00004868309150620067,0.000021294941673512214,0.00009690705072694005]]
[[-1.0496443481442408e-7,-0.00006945189597118659,-0.000013381974326373538],[0.00004842195174295162,0.000048295725244108764,-0.00008276493396152952],[-0.0000483169873081372,0.000021156170727077822,0.00009614690828790306]]
[[-9.741443091746644e-8,-0.00006891859851896972,-0.000013252835269712618],[0.000048052433596567756,0.00004789986643964838,-0.00008214290692023138],[-0.000047955019165650286,0.000021018732079321336,0.000095395742189944]]
[[-9.003093656823923e-8,-0.00006839148342868532,-0.000013125494299393797],[0.00004768715582837172,0.00004750887424077976,-0.0000815279166923149],[-0.00004759712489180348,0.000020882609187905566,0.0000946534109917087]]
[[-8.281011593446944e-8,-0.00006787045483011506,-0.00001299991894855402],[0.000047326053579589076,0.00004712266907502058,-0.00008091985708684852],[-0.000047243243463654607,0.000020747785755094477,0.00009391977603540254]]
[[-7.574823277984589e-8,-0.00006735541871388669,-0.000012876077467894982],[0.000046969063229041215,0.000046741172990133643,-0.00008031862391327864],[-0.00004689331499626137,0.000020614245723753048,0.00009319470138117363]]
[[-6.884164753473536e-8,-0.0000668462828881253,-0.000012753938806965889],[0.000046616122364894085,0.00004636430961471324,-0.00007972411493633027],[-0.00004654728071735935,0.000020481973273412055,0.00009247805374329615]]
[[-6.208681446380266e-8,-0.00006634295693628174,-0.000012633472596008018],[0.000046267169757156834,0.00004599200411988472,-0.00007913622983208985],[-0.00004620508294269303,0.000020350952816397023,0.00009176970242809787]]
[[-5.548027892695344e-8,-0.00006584535217610194,-0.000012514649128342113],[0.00004592214533090693,0.000045624183182081424,-0.0000785548701452347],[-0.000045866665051979976,0.000020221168994020517,0.0000910695192735768]]
[[-4.901867473004378e-8,-0.00006535338161970167,-0.000012397439343280259],[0.00004558099014022039,0.0000452607749468644,-0.00007797993924737499],[-0.00004553197146549035,0.000020092606672837275,0.00009037737859065524]]
[[-4.2698721562219334e-8,-0.00006486695993471311,-0.000012281814809544585],[0.00004524364634278611,0.000044901708993752104,-0.00007741134229647577],[-0.00004520094762122389,0.000019965250940961,0.00008969315710602037]]
[[-3.651722251666341e-8,-0.00006438600340646987,-0.000012167747709175871],[0.000044910057175183264,0.00004454691630202738,-0.00007684898619732649],[-0.000044873539952666606,0.00001983908710444248,0.00008901673390650236]]
[[-3.0471061691779344e-8,-0.00006391042990119924,-0.000012055210821915561],[0.00004458016692880301,0.00004419632921749155,-0.000076292779563028],[-0.00004454969586711124,0.000019714100683707697,0.00008834799038494357]]
[[-2.4557201869789984e-8,-0.00006344015883019092,-0.000011944177510045668],[0.00004425392092639426,0.00004384988142013509,-0.00007574263267746654],[-0.00004422936372452447,0.000019590277410055838,0.0000876868101875122]]
[[-1.8772682270179307e-8,-0.00006297511111491249,-0.000011834621703671116],[0.00004393126549921614,0.000043507507892696835,-0.00007519845745874632],[-0.000043912492816945966,0.000019467603222215653,0.00008703307916241744]]
[[-1.311461637506577e-8,-0.0000625152091530432,-0.000011726517886430232],[0.00004361214796477871,0.000043169144890083356,-0.00007466016742355292],[-0.00004359903334840364,0.00001934606426295984,0.00008638668530998314]]
[[-7.58018982408827e-9,-0.00006206037678539864,-0.000011619841081619164],[0.0000432965166051545,0.00004283472990962203,-0.00007412767765241986],[-0.00004328893641533041,0.000019225646875776618,0.00008574751873403902]]
[[-2.166658376333058e-9,-0.00006161053926371924,-0.000011514566838716527],[0.00004298432064584513,0.000042504201662122004,-0.00007360090475587334],[-0.0000429821539874688,0.000019106337601597228,0.00008511547159458988]]
[[3.128654063192036e-9,-0.00006116562321929719,-0.000011410671220295609],[0.000042675510235185856,0.00004217750004371798,-0.00007307976684142911],[-0.00004267863888924904,0.000018988123175579208,0.00008449043806172471]]
[[8.308357354689245e-9,-0.00006072555663241678,-0.000011308130789311206],[0.000042370036424272706,0.00004185456610847261,-0.00007256418348141689],[-0.000042378344781627395,0.000018870990523944175,0.00008387231427072809]]
[[1.3374996974505567e-8,-0.00006029026880258395,-0.00001120692259674906],[0.00004206785114739771,0.000041535342041714655,-0.00007205407568160963],[-0.00004208122614437221,0.000018754926760869297,0.0000832609982783587]]
[[1.8331055808101614e-8,-0.00005985969031952195,-0.000011107024169626352],[0.00004176890720297671,0.000041219771134090014,-0.00007154936585063386],[-0.00004178723825878481,0.000018639919185431934,0.0000826563900202602]]
[[2.3178955886916388e-8,-0.00005943375303491048,-0.000011008413499331757],[0.0000414731582349563,0.00004090779775630414,-0.00007104997777013927],[-0.00004149633719084322,0.00001852595527860634,0.00008205839126947103]]
[[2.7921060071179495e-8,-0.00005901239003484679,-0.000010911069030294358],[0.000041180558714685786,0.00004059936733453495,-0.00007055583656570608],[-0.00004120847977475697,0.000018413022700311843,0.00008146690559600043]]
[[3.255967368056985e-8,-0.00005859553561300717,-0.000010814969648970934],[0.000040891063923241136,0.000040294426326495635,-0.00007006686867846941],[-0.00004092362359692171,0.000018301109286511535,0.00008088183832744034]]
[[3.7097046074326836e-8,-0.00005818312524448924,-0.00001072009467314133],[0.00004060462993418808,0.00003999292219812851,-0.00006958300183744061],[-0.000040641726980262406,0.000018190203046360735,0.00008030309651058195]]
[[4.1535372182848507e-8,-0.00005777509556031463,-0.000010626423841502464],[0.000040321213596771816,0.000039694803400910126,-0.00006910416503250591],[-0.00004036274896895466,0.0000180802921594045,0.00007973058887400836]]
[[4.5876793992196446e-8,-0.00005737138432257339,-0.000010533937303551284],[0.00004004077251952142,0.000039400019349750076,-0.00006863028848808341],[-0.00004008664931351362,0.00001797136497282331,0.00007916422579163469]]
[[5.0123401983191194e-8,-0.00005697193040019174,-0.000010442615609747814],[0.00003976326505425726,0.00003910852040146555,-0.00006816130363742063],[-0.000039813388456240454,0.00001786340999872619,0.00007860391924716845]]
[[5.427723652664153e-8,-0.00005657667374530497,-0.000010352439701949291],[0.00003948865028049015,0.00003882025783381457,-0.0000676971430975144],[-0.0000395429275170168,0.000017756415911490406,0.00007804958279946369]]
[[5.834028923631697e-8,-0.000056185555370218636,-0.000010263390904107311],[0.0000392168879902013,0.0000385351838250714,-0.00006723774064463592],[-0.00003927522827943762,0.00001765037154514723,0.00007750113154874323]]
[[6.231450428077481e-8,-0.00005579851732494097,-0.000010175450913219288],[0.000038947938672992475,0.00003825325143412839,-0.00006678303119044483],[-0.00003901025317727325,0.000017545265890812584,0.00007695848210366412]]
[[6.620177965582383e-8,-0.000055415502675270736,-0.000010088601790527025],[0.000038681763501596206,0.00003797441458110842,-0.00006633295075867567],[-0.00003874796528125203,0.000017441088094162314,0.0000764215525492027]]
[[7.000396841858691e-8,-0.00005503645548142441,-0.00001000282595295409],[0.00003841832431773594,0.000037698628028473495,-0.00006588743646238121],[-0.00003848832828615453,0.000017337827452950905,0.0000758902624153353]]
[[7.372287988472455e-8,-0.00005466132077718792,-9.918106164775241e-6],[0.000038157583618326634,0.000037425847362614654,-0.00006544642648171776],[-0.00003823130649821136,0.000017235473414573263,0.00007536453264649301]]
[[7.73602807898271e-8,-0.00005429004454957797,-9.834425529510364e-6],[0.00003789950454200641,0.00003715602897590946,-0.00006500986004225744],[-0.00003797686482279624,0.00001713401557366851,0.0000748442855717678]]
[[8.091789641633454e-8,-0.00005392257371899887,-9.751767482036411e-6],[0.00003764405085599027,0.000036889130049233506,-0.00006457767739381331],[-0.0000377249687524066,0.000017033443669765366,0.00007432944487584971]]
[[8.439741168698821e-8,-0.0000535588561198811,-9.670115780910484e-6],[0.00003739118694323706,0.000036625108534912864,-0.00006414981978976362],[-0.00003747558435492406,0.000016933747584968237,0.0000738199355706741]]
[[8.780047222605641e-8,-0.000053198840481788145,-9.589454500897835e-6],[0.000037140877789921194,0.000036363923140104754,-0.0000637262294668616],[-0.000037228678262147256,0.000016834917341683398,0.00007331568396775944]]
[[9.112868538921041e-8,-0.00005284247641097875,-9.509768025698411e-6],[0.00003689308897320074,0.0000361055333105943,-0.00006330684962551787],[-0.000036984217658589954,0.00001673694310038444,0.00007281661765121628]]
[[9.438362126327656e-8,-0.00005248971437241211,-9.431041040866223e-6],[0.0000366477866492744,0.00003584989921499558,-0.0000628916244105431],[-0.00003674217027053768,0.00001663981515741653,0.00007232266545140933]]
[[9.756681363667435e-8,-0.00005214050567218376,-9.353258526915574e-6],[0.00003640493754171885,0.00003559698172934513,-0.00006248049889233827],[-0.000036502504355355525,0.00001654352394283863,0.00007183375741925385]]
[[1.0067976094163044e-7,-0.000051794802440380296,-9.276405752608577e-6],[0.00003616450893009954,0.000035346742422077276,-0.00006207341904852087],[-0.00003626518869104117,0.00001644806001830302,0.00007134982480112945]]
[[1.0372392716897167e-7,-0.000051452557614341916,-9.200468268418746e-6],[0.00003592646863884755,0.00003509914353937029,-0.00006167033174597581],[-0.000036030192566016524,0.000016353414074971625,0.00007087080001439455]]
[[1.0670074275645009e-7,-0.00005111372492232115,-9.125431900165226e-6],[0.00003569078502639505,0.00003485414799085282,-0.0000612711847233192],[-0.000035797485769151496,0.000016259576931468333,0.00007039661662348443]]
[[1.0961160545140867e-7,-0.00005077825886752754,-9.051282742812717e-6],[0.000035457426974563036,0.00003461171933566087,-0.00006087592657376497],[-0.00003556703858001445,0.00001616653953186667,0.00006992720931657768]]
[[1.1245788114868412e-7,-0.00005044611471254762,-8.97800715443231e-6],[0.000035226363878194345,0.00003437182176883516,-0.00006048450672838309],[-0.00003533882175934303,0.000016074292943712455,0.0000694625138828154]]
[[1.1524090470442173e-7,-0.000050117248464130273,-8.905591750318306e-6],[0.00003499756563502554,0.000034134420108049736,-0.00006009687543973962],[-0.00003511280653972997,0.000015982828356080537,0.00006900246719005794]]
[[1.17961980726679e-7,-0.00004979161685832738,-8.834023397256636e-6],[0.00003477100263579144,0.00003389947978066238,-0.000059712983765908586],[-0.00003488896461651813,0.000015892137077665004,0.00006854700716316522]]
[[1.206223843434719e-7,-0.000049469177345980705,-8.763289207940437e-6],[0.0000345466457545563,0.00003366696681107812,-0.00005933278355484585],[-0.00003466726813889977,0.00001580221053490258,0.0000680960727627863]]
[[1.2322336194904227e-7,-0.0000491498880785455,-8.693376535528398e-6],[0.00003432446633926534,0.000033436847808417196,-0.000058956227429115914],[-0.000034447689701214384,0.00001571304027012831,0.0000676496039646443]]
[[1.2576613192900434e-7,-0.000048833707894242016,-8.624272968341921e-6],[0.00003410443620251161,0.00003320908995447897,-0.00005858326877096247],[-0.000034230202334440614,0.000015624617939763044,0.00006720754173930439]]
[[1.2825188536499492e-7,-0.00004852059630452626,-8.555966324696932e-6],[0.00003388652761251182,0.000032983660991994035,-0.00005821386170771376],[-0.00003401477949787682,0.000015536935312532226,0.0000667698280324107]]
