[[0.05830838108303105,0.06510696247927071,0.5559899405754902],[-0.04179844181779072,-0.020400677795113273,-0.020505888375279006],[-0.016509939265240327,-0.04470628468415744,-0.5354840522002112]]
[[0.13915855801455945,0.055651835176918324,0.4276005466323678],[-0.04062320231383362,-0.021354706222806694,-0.022149027694626712],[-0.09853535570072583,-0.03429712895411163,-0.40545151893774106]]
[[0.16887838158427215,0.04628275173421113,0.3236230864755412],[-0.039256080024146656,-0.022409486973694246,-0.024080077014518017],[-0.1296223015601255,-0.023873264760516884,-0.2995430094610232]]
[[0.17339463298989968,0.0384199953675518,0.24596670108853672],[-0.03749243478543171,-0.023397577856756335,-0.026163906206097994],[-0.13590219820446797,-0.015022417510795465,-0.2198027948824387]]
[[0.16671084197531072,0.03218397542828538,0.18929671283640348],[-0.03523892884092103,-0.024167883304388064,-0.028215647107391502],[-0.1314719131343897,-0.008016092123897322,-0.16108106572901199]]
[[0.1556829854464021,0.027318940700770657,0.1479263420801285],[-0.03251156434160964,-0.024607095217540058,-0.030043622875678827],[-0.12317142110479247,-0.002711845483230599,-0.11788271920444969]]
[[0.14351311107036488,0.023522331706594953,0.1174215112141149],[-0.02941565927845484,-0.0246545930389349,-0.03148781639526622],[-0.11409745179191004,0.0011322613323399462,-0.08593369481884869]]
[[0.13163117681360825,0.020536856577772752,0.09462066716695348],[-0.026110964728576425,-0.02430606956113165,-0.03244690556766433],[-0.10552021208503182,0.0037692129833588987,-0.06217376159928916]]
[[0.120623280332904,0.018163901467820133,0.07732896852643194],[-0.022771645187968557,-0.02360492121594794,-0.03288787198422477],[-0.09785163514493543,0.005441019748127808,-0.04444109654220717]]
[[0.11067856621993626,0.016255256913377276,0.0640265969302812],[-0.019552560028885724,-0.022625402797757016,-0.03283849498118321],[-0.09112600619105053,0.006370145884379742,-0.031188101949098004]]
[[0.10180397740481277,0.014701389853063615,0.05365310613514972],[-0.0165690751743656,-0.021453891692343907,-0.032368929221296944],[-0.08523490223044716,0.006752501839280292,-0.021284176913852773]]
[[0.09392779025314416,0.013421269266374481,0.04545977817443282],[-0.013891202540857073,-0.02017354092050564,-0.0315704383573054],[-0.08003658771228708,0.006752271654131158,-0.013889339817127418]]
[[0.086949458420062,0.012354591200998601,0.03891093147844789],[-0.01154821561003448,-0.018854750250336588,-0.03053742224679202],[-0.07540124281002752,0.006500159049337985,-0.00837350923165587]]
[[0.08076323044715873,0.011456104024853201,0.03361812660016782],[-0.00953848219248878,-0.017551264622383912,-0.029355470194670552],[-0.07122474825466996,0.006095160597530711,-0.004262656405497271]]
[[0.07526883264097554,0.01069153356635627,0.029296004934718504],[-0.007840229473924177,-0.016300316496010405,-0.028095372271129772],[-0.06742860316705138,0.005608782929654136,-0.0012006326635887292]]
[[0.0703757576900311,0.010034666909555685,0.025732321720774484],[-0.006420765924488962,-0.015124992464166376,-0.02681159581621257],[-0.06395499176554215,0.005090325554610691,0.0010792740954380861]]
[[0.06600442837514221,0.00946525965124288,0.02276735532610845],[-0.005243258252564852,-0.014037399558596238,-0.025543459314962283],[-0.06076117012257736,0.004572139907353357,0.002776103988853834]]
[[0.06208588926595223,0.008967525463108195,0.02027957701846188],[-0.004271127349655979,-0.01304175963940952,-0.02431756581825606],[-0.05781476191629625,0.004074234176301326,0.004037988799794178]]
[[0.058560864926709824,0.008529038043638373,0.018175552433056224],[-0.0034705487797533586,-0.0121370196146473,-0.023150552435903356],[-0.05509031614695647,0.0036079815710089265,0.0049750000028471325]]
[[0.05537860610452786,0.008139926504798084,0.016382739594759405],[-0.002811623911014046,-0.01131886157485302,-0.02205164222250063],[-0.052566982193513814,0.0031789350700549357,0.005668902627741222]]
[[0.052495729430061686,0.007792280878849619,0.014844294117519627],[-0.002268708189502662,-0.010581152306788012,-0.02102478070940318],[-0.05022702124055903,0.0027888714279383922,0.0061804865918835515]]
[[0.04987514400092924,0.007479709169250703,0.01351528173818619],[-0.0018202564945796799,-0.009916933517464675,-0.02007031210597592],[-0.04805488750634956,0.0024372243482139724,0.006555030367789729]]
[[0.04748510044340184,0.007197004532988622,0.012359888682295074],[-0.0014484267953990986,-0.009319064409976386,-0.019186235493652788],[-0.046036673648002735,0.002122059876987764,0.006826346811357716]]
[[0.04529836904530035,0.006939893125795412,0.011349347039316563],[-0.0011385913108737308,-0.008780615198834635,-0.018369113572822157],[-0.04415977773442663,0.0018407220730392226,0.007019766533505594]]
[[0.04329153980344522,0.0067048414940853104,0.010460377654126767],[-0.0008788403446628734,-0.008295089692789788,-0.017614710623887177],[-0.042412699458782344,0.0015902481987044763,0.00715433296976041]]
[[0.04144443150150732,0.006488908272415694,0.009674011180639428],[-0.0006595226568459236,-0.007856534922906475,-0.016918427779993188],[-0.0407849088446614,0.0013676266504907817,0.007244416599353758]]
[[0.03973959533170031,0.006289629104149009,0.008974687989671184],[-0.0004728412224575952,-0.007459578940493737,-0.016275591013989156],[-0.03926675410924271,0.0011699498363447291,0.007300903024317974]]
[[0.03816189899456007,0.006104926666908556,0.00834956549211045],[-0.00031250903233748153,-0.007099424969836957,-0.015681634588033098],[-0.03784938996222259,0.000994498302928401,0.007332069095922648]]
[[0.036698178530226486,0.005933039811366568,0.007787981023305926],[-0.00017346217198188326,-0.00677182067931521,-0.01513221180805609],[-0.0365247163582446,0.0008387808679486426,0.007344230784750165]]
[[0.03533694676211218,0.005772467358964433,0.0072810323261185295],[-0.00005162402801767076,-0.006473014721159806,-0.014623256211971676],[-0.03528532273409451,0.0007005473621953737,0.007342223885853146]]
[[0.034068148872158276,0.005621923222792445,0.006821247610981034],[0.000056286636719640563,-0.0061997081738926684,-0.014151009672147122],[-0.034124435508877914,0.0005777849511002233,0.007329762061166088]]
[[0.03288295713747234,0.005480300335703377,0.0064023243456243425],[0.00015291090559864688,-0.005949005506586393,-0.013712028971990062],[-0.033035868043070994,0.0004687051708830159,0.007309704626365721]]
[[0.03177359818719627,0.00534664147480975,0.006018921147029174],[0.00024037473228681085,-0.005718367712866195,-0.013303178851768436],[-0.03201397291948308,0.0003717262380564454,0.007284257704739262]]
[[0.03073320727583117,0.005220115521168382,0.005666490975798448],[0.00032038939564566415,-0.005505569001086614,-0.012921616977117571],[-0.031053596671476835,0.0002854534799182321,0.007255126001319124]]
[[0.029755705025947644,0.0050999980298820895,0.005341146660989155],[0.00039433211531017314,-0.0053086576397170775,-0.012564774494067128],[-0.030150037141257816,0.00020865960983498756,0.007223627833077974]]
[[0.02883569288914567,0.004985655239237018,0.005039551887767967],[0.00046331072625194203,-0.005125921081239493,-0.012230334587630391],[-0.029299003615397612,0.00014026584200247457,0.007190782699862424]]
[[0.027968364231719743,0.004876530839584584,0.004758832357092268],[0.0005282155839630596,-0.0049558552138008185,-0.011916210600851337],[-0.028496579815682804,0.00007932437421623458,0.007157378243759068]]
[[0.0271494284924675,0.004772134969223848,0.004496503016122493],[0.0005897612582900012,-0.004797137444026017,-0.01162052468366212],[-0.0277391897507575,0.000025002474802169466,0.007124021667539629]]
[[0.02637504630406861,0.004672035017033364,0.004250408161188849],[0.0006485200671031788,-0.004648603248342989,-0.011341587543982663],[-0.027023566371171787,-0.000023431768690375214,0.0070911793827938135]]
[[0.025641773833464235,0.00457584789847372,0.004018671905087735],[0.0007049490884348741,-0.004509225812334322,-0.011077879608908544],[-0.02634672292189911,-0.00006662208613939847,0.007059207703820807]]
[[0.024946514895069483,0.004483233539060187,0.0037996570307498143],[0.0007594119572304028,-0.0043780983877027,-0.01082803373049225],[-0.025705926852299887,-0.00010513515135748591,0.007028376699742437]]
[[0.024286479635430683,0.004393889352115137,0.0035919306632181693],[0.0008121964866806516,-0.004254419021546218,-0.010590819459740705],[-0.025098676122111335,-0.00013947033056891994,0.006998888796522535]]
[[0.0236591487889641,0.004307545539010372,0.0033942355104938757],[0.0008635289419478584,-0.0041374773447874075,-0.010365128843978472],[-0.02452267773091196,-0.00017006819422296497,0.006970893333484595]]
[[0.02306224266976152,0.00422396107279898,0.0032054656728050315],[0.0009135856254605481,-0.004026643140943594,-0.010149963662759214],[-0.023975828295222067,-0.00019731793185538606,0.006944497989954182]]
[[0.022493694200702814,0.0041429202520804976,0.0030246462154560395],[0.0009625022991133975,-0.003921356450151604,-0.009944423996457539],[-0.02345619649981621,-0.00022156380192889366,0.006919777781001498]]
[[0.02195162539362717,0.004064229732635775,0.0028509158548364255],[0.0010103818625481632,-0.003821118994934607,-0.009747698012957523],[-0.022962007256175334,-0.0002431107377011679,0.006896782158121097]]
[[0.02143432678742691,0.003987715960951179,0.0026835122296699435],[0.0010573006224803684,-0.0037254867428880723,-0.009559052856983372],[-0.022491627409907275,-0.00026222921806310674,0.006875540627313429]]
[[0.020940239428164035,0.003913222947103235,0.0025217593272161692],[0.0011033134211945012,-0.003634063447014139,-0.009377826530552339],[-0.022043552849358536,-0.0002791595000890962,0.0068560672033361695]]
[[0.020467939039531924,0.0038406103252721577,0.0023650567122968217],[0.0011484578392215998,-0.0035464950268801663,-0.00920342065973314],[-0.021616396878753524,-0.00029411529839199163,0.006838363947436317]]
[[0.020016122085515786,0.003769751658922346,0.002212870269862078],[0.001192757644960483,-0.003462464673303868,-0.009035294051016893],[-0.02120887973047627,-0.0003072869856184778,0.0068224237811548155]]
[[0.01958359347183617,0.003700532954839942,0.0020647242225516737],[0.0012362256303361952,-0.003381688576135968,-0.008872956949276443],[-0.020819819102172364,-0.0003188443787039741,0.006808232726724771]]
[[0.019169255670230007,0.0036328513560738053,0.0019201942258374864],[0.0012788659447167104,-0.003303912189211208,-0.008715965917950482],[-0.020448121614946718,-0.0003289391668625973,0.006795771692112995]]
[[0.01877209908108923,0.003566613988639774,0.0017789013768083582],[0.0013206760178206167,-0.0032289069589584983,-0.00856391927040452],[-0.020092775098909846,-0.0003377070296812759,0.0067850178935961614]]
[[0.018391193476465773,0.003501736940819267,0.0016405070000016456],[0.0013616481451330044,-0.003156467453773665,-0.008416452989200972],[-0.019752841621598776,-0.00034526948704560203,0.006775945989199327]]
[[0.018025680387805314,0.003438144357170995,0.0015047080961036264],[0.001401770795527346,-0.0030864088403121234,-0.008273237077160527],[-0.01942745118333266,-0.0003517355168588714,0.0067685289810569]]
[[0.017674766321681728,0.0033757676321057822,0.0013712333577834855],[0.001441029689675854,-0.0030185646605755756,-0.008133972290583847],[-0.019115796011357582,-0.0003572029715302067,0.006762738932800362]]
[[0.017337716702838193,0.00331454469015067,0.001239839672149732],[0.0014794086888727097,-0.002952784870240936,-0.007998387210832871],[-0.018817125391710904,-0.000361759819909734,0.00675854753868314]]
[[0.017013850457469063,0.0032544193419314403,0.0011103090419256108],[0.0015168905266606122,-0.002888934104280246,-0.007866235615674594],[-0.018530740984129677,-0.0003654852376511943,0.006755926573748983]]
[[0.016702535161286575,0.00319534070649824,0.0009824458679136396],[0.0015534574097980606,-0.0028268901406924927,-0.0077372941164097105],[-0.018255992571084637,-0.0003684505658057476,0.006754848248496072]]
[[0.016403182686829006,0.0031372626919605757,0.0008560745440464711],[0.0015890915103597635,-0.002766542537236841,-0.007611360030893609],[-0.01799227419718877,-0.00037072015472373453,0.006755285486847138]]
[[0.01611524529295033,0.0030801435275290496,0.0007310373236136944],[0.0016237753669085923,-0.0027077914195277916,-0.00748824946615834],[-0.017739020659858922,-0.00037235210800125784,0.006757212142544645]]
[[0.01583821210670665,0.0030239453410172866,0.0006071924213649892],[0.0016574922095412058,-0.0026505464018166097,-0.007367795587511968],[-0.01749570431624786,-0.00037339893920067713,0.0067606031661469786]]
[[0.015571605954107844,0.00296863377666749,0.000484412321324049],[0.0016902262210526822,-0.0025947256243165286,-0.007249847053773146],[-0.017261832175160526,-0.0003739081523509613,0.006765434732449097]]
[[0.015314980501589172,0.0029141776488510146,0.00036258226447222035],[0.001721962744377126,-0.0025402548930966336,-0.007134266600738254],[-0.017036943245966298,-0.0003739227557543812,0.006771684336266033]]
[[0.01506791767470678,0.0028605486277808153,0.00024159889411200924],[0.0017526884447525638,-0.0024870669104259447,-0.00702092975711611],[-0.016820606119459344,-0.0003734817173548703,0.0067793308630041006]]
[[0.014830025324582101,0.0028077209538718982,0.00012136903981109243],[0.001782391433657701,-0.002435100585041431,-0.006909723679037258],[-0.016612416758239802,-0.0003726203688304675,0.006788354639226167]]
[[0.014600935116105973,0.002755671177812616,1.8086234482737537e-6],[0.0018110613604179066,-0.0023843004131809294,-0.006800546090883762],[-0.016411996476523878,-0.00037137076463168706,0.006798737467435487]]
[[0.014380300614940255,0.0027043779237748986,-0.00011715832688897771],[0.0018386894764313285,-0.0023346159223974683,-0.006693304321619957],[-0.016218990091371583,-0.00036976200137743033,0.006810462648508934]]
[[0.014167795552989375,0.0026538216735048077,-0.00023560056750833187],[0.001865268676185864,-0.002286001171183503,-0.006587914427060431],[-0.01603306422917524,-0.0003678205023213049,0.0068235149945687626]]
[[0.013963112254311667,0.0026039845693040286,-0.00035358044495142557],[0.001890793518593188,-0.0022384142983059895,-0.006484300389610696],[-0.015853905772904856,-0.0003655702709980393,0.006837880834562122]]
[[0.013765960205447805,0.002554850234144548,-0.00047115462641682607],[0.00191526023163241,-0.002191817116506326,-0.006382393387978788],[-0.015681220437080215,-0.00036303311763822204,0.006853548014395614]]
[[0.01357606475590127,0.0025064036073585037,-0.000588374762930919],[0.001938666702853142,-0.00214617474587012,-0.00628213113019912],[-0.01551473145875441,-0.0003602288614883839,0.006870505893130039]]
[[0.013393165936047795,0.0024586307945177847,-0.000705288092413092],[0.0019610124579192444,-0.0021014552827353303,-0.006183457244049137],[-0.01535417839396704,-0.0003571755117824545,0.006888745336462229]]
[[0.013217017381106177,0.002411518930267066,-0.000821937988907907],[0.0019822986290670527,-0.0020576295004957196,-0.0060863207195870255],[-0.015199316010173231,-0.0003538894297713465,0.0069082587084949324]]
[[0.01304738535099653,0.0023650560530034345,-0.0009383644635045834],[0.0020025279150944555,-0.0020146705790807023,-0.005990675399107512],[-0.015049913266090986,-0.0003503854739227321,0.006929039862612095]]
[[0.012884047836966069,0.0023192309904079994,-0.001054604621816153],[0.0020217045342808917,-0.001972553860261304,-0.005896479510311692],[-0.014905752371246962,-0.00034667713014669533,0.006951084132127845]]
[[0.012726793746793726,0.002274033254932654,-0.0011706930823307668],[0.002039834171455881,-0.001931256626253057,-0.005803695238925638],[-0.014766627918249606,-0.0003427766286795972,0.006974388321256405]]
[[0.012575422161210933,0.0022294529484303384,-0.001286662359464395],[0.0020569239202790674,-0.0018907578993666142,-0.005712288337388119],[-0.01463234608149,-0.0003386950490637244,0.0069989506968525135]]
[[0.012429741654908252,0.0021854806751916566,-0.001402543214725104],[0.002072982221663126,-0.0018510382607015417,-0.005622227766567462],[-0.014502723876571378,-0.000334442414490115,0.007024770981292566]]
[[0.012289569676149845,0.002142107462715909,-0.001518364979036551],[0.002088018799158124,-0.0018120796860927502,-0.0055334853677668355],[-0.014377588475307967,-0.0003300277766231585,0.0070518503468033865]]
[[0.012154731979598467,0.0020993246896019867,-0.0016341558489531794],[0.0021020445920189408,-0.0017738653977067754,-0.005446035562541441],[-0.014256776571617407,-0.0003254592918952111,0.007080191411494621]]
[[0.012025062107472395,0.002057124019995012,-0.0017499431592259166],[0.002115071686593216,-0.001736379729849868,-0.0053598550780844115],[-0.014140133794065611,-0.0003207442901451443,0.007109798237310328]]
[[0.011900400914619745,0.0020154973440693136,-0.0018657536339388965],[0.0021271132465940468,-0.0016996080076949996,-0.005274922696144983],[-0.014027514161213792,-0.00031588933637431417,0.007140676330083881]]
[[0.011780596133511415,0.00197443672406785,-0.001981613618230103],[0.002138183442757293,-0.0016635364377627472,-0.005191219023625549],[-0.013918779576268707,-0.0003109002863051026,0.0071728326418556525]]
[[0.011665501975527057,0.001933934345453491,-0.0020975492924276357],[0.0021482973823265545,-0.0016281520091041195,-0.005108726283166998],[-0.013813799357853611,-0.0003057823363493713,0.007206275575594633]]
[[0.011554978765244266,0.0018939824727589776,-0.002213586870275017],[0.0021574710387583336,-0.0015934424042334848,-0.005027428122176617],[-0.0137124498040026,-0.00030054006852549286,0.007241014992451634]]
[[0.01144889260474323,0.001854573409750641,-0.002329752782780411],[0.0021657211819947424,-0.001559395918948697,-0.004947309438882035],[-0.013614613786737971,-0.0002951774908019439,0.007277062221662446]]
[[0.011347115065211908,0.001815699463546322,-0.0024460738491034585],[0.002173065309610379,-0.0015260013902545786,-0.004868356224110273],[-0.013520180374822287,-0.0002896980732917435,0.007314430073213732]]
[[0.011249522903383043,0.0017773529123509323,-0.0025625774357870747],[0.0021795215791032634,-0.001493248131676544,-0.0047905554175946665],[-0.013429044482486307,-0.00028410478067438834,0.007353132853381741]]
[[0.011155997800556879,0.001739525976493865,-0.002679291605548314],[0.002185108741566213,-0.0014611258753142462,-0.004713894777705558],[-0.01334110654212309,-0.00027840010117961866,0.007393186383253872]]
[[0.011066426122165404,0.0017022107924714509,-0.002796245256760746],[0.0021898460769445294,-0.0014296247200417391,-0.004638362763584734],[-0.013256272199109933,-0.0002725860724297117,0.007434608020345479]]
[[0.010980698696016462,0.0016653993897149458,-0.0029134682546888106],[0.0021937533310579147,-0.0013987350853115678,-0.004563948428739656],[-0.013174452027074377,-0.00026666430440337784,0.007477416683428466]]
[[0.010898710607522183,0.0016290836698204113,-0.0030309915554720367],[0.0021968506545387936,-0.0013684476700660591,-0.004490641325222432],[-0.013095561262060976,-0.000260635999754352,0.007521632880694469]]
[[0.010820361010366398,0.0015932553879913908,-0.003148847323801565],[0.0021991585438156606,-0.0013387534163005808,-0.0044184314175813744],[-0.013019519554182058,-0.00025450197169081,0.00756727874138294]]
[[0.010745552951202888,0.0015579061364587084,-0.0032670690451837904],[0.0022006977842482455,-0.0013096434768611201,-0.004347309005830282],[-0.012946250735451133,-0.0002482626595975882,0.007614378051014073]]
[[0.010674193207100212,0.001523027329654077,-0.003385691633643828],[0.002201489395501259,-0.0012811091870926908,-0.004277264656733204],[-0.01287568260260147,-0.00024191814256138605,0.007662956290377032]]
[[0.010606192134561925,0.0014886101909255516,-0.0035047515356855957],[0.0022015545792249845,-0.0012531420399861895,-0.004208289142750669],[-0.01280774671378691,-0.00023546815093936207,0.007713040678436265]]
[[0.010541463529053663,0.0014546457405934282,-0.003624286831294403],[0.002200914669093987,-0.001225733664499731,-0.004140373388037991],[-0.01274237819814765,-0.0002289120760936972,0.007764660219332394]]
[[0.010479924494061557,0.001421124785154805,-0.0037443373327417724],[0.0021995910832395436,-0.0011988758067564935,-0.004073508420927381],[-0.012679515577301102,-0.00022224897839831156,0.007817845753669153]]
[[0.010421495318791342,0.0013880379074539444,-0.00386494468193075],[0.0021976052790971035,-0.0011725603138449565,-0.004007685332363847],[-0.012619100597888445,-0.00021547759360898786,0.007872630014294597]]
[[0.010366099363693683,0.0013553754576436743,-0.003986152447002293],[0.0021949787106769368,-0.0011467791199693184,-0.00394289523980035],[-0.01256107807437062,-0.00020859633767435594,0.00792904768680264]]
[[0.0103136629530712,0.0013231275447704992,-0.004108006218910281],[0.0021917327882541963,-0.0011215242347180688,-0.0038791292560907825],[-0.012505395741325396,-0.00020160331005243039,0.007987135475001064]]
[[0.010264115274084891,0.0012912840288227655,-0.004230553708662967],[0.0021878888404637856,-0.0010967877332373054,-0.0038163784629503283],[-0.012452004114548677,-0.00019449629558546027,0.008046932171613294]]
[[0.010217388281534422,0.0012598345130872075,-0.0043538448459232056],[0.002183468078775613,-0.0010725617481125555,-0.0037546338885816135],[-0.012400856360310034,-0.000187272764974652,0.00810847873450482]]
[[0.010173416607837172,0.0012287683366644876,-0.004477931879657897],[0.002178491564317033,-0.0010488384627787872,-0.003693886489092304],[-0.012351908172154206,-0.00017992987388570038,0.008171818368750201]]
[[0.010132137477676445,0.0011980745669989252,-0.004602869481529074],[0.002172980177001435,-0.0010256101062929926,-0.0036341271333552266],[-0.012305117654677879,-0.00017246446070593252,0.008236996614884301]]
[[0.010093490626829394,0.0011677419922814418,-0.00472871485272507],[0.002166954586914971,-0.0010028689493173728,-0.0035753465909860796],[-0.012260445213744364,-0.00016487304296406905,0.008304061443711151]]
[[0.010057418224720546,0.0011377591135878762,-0.00485552783493978],[0.002160435227907371,-0.0009806073011738132,-0.0035175355231363784],[-0.012217853452627919,-0.00015715181241406307,0.008373063358076159]]
[[0.01002386480027805,0.0011081141366171782,-0.00498337102622236],[0.0021534422733274607,-0.0009588175078420641,-0.003460684475820479],[-0.012177307073605512,-0.00014929662877511413,0.008444055502042839]]
[[0.00999277717069618,0.0010787949628955772,-0.00511230990243779],[0.002145995613839521,-0.0009374919507849507,-0.0034047838755155986],[-0.012138772784535701,-0.00014130301211062653,0.008517093777953389]]
[[0.009964104372730253,0.0010497891803135438,-0.00524241294510164],[0.0021381148372527966,-0.0009166230464940463,-0.0033498240267925954],[-0.01210221920998305,-0.00013316613381949755,0.008592236971894235]]
[[0.00993779759616877,0.0010210840528622881,-0.005373751776380203],[0.002129819210293325,-0.0008962032466586333,-0.003295795111753053],[-0.012067616806462095,-0.00012488080620365474,0.008669546888133256]]
[[0.009913810119142058,0.0009926665094355067,-0.005506401302079826],[0.0021211276622447616,-0.0008762250388695091,-0.0032426871910650455],[-0.012034937781386819,-0.00011644147056599766,0.008749088493144873]]
[[0.009892097244937592,0.0009645231315601448,-0.005640439863487744],[0.002112058770382941,-0.0008566809477772772,-0.003190490206405712],[-0.012004156015320533,-0.00010784218378286767,0.008830930069893455]]
[[0.009872616239999308,0.0009366401399169418,-0.005775949398971119],[0.002102630747127518,-0.0008375635366322709,-0.0031391939841337196],[-0.011975246987126825,-0.000099076603284671,0.008915143383104838]]
[[0.009855326272791147,0.0009090033795074687,-0.005913015616291539],[0.0020928614288331466,-0.0008188654091402266,-0.003088788240028694],[-0.011948187701624292,-0.00009013797036724216,0.009001803856320233]]
[[0.009840188353204656,0.0008815983033191351,-0.00605172817665036],[0.0020827682661422177,-0.0008005792115742622,-0.003039262584947912],[-0.011922956619346874,-0.000081019091744873,0.009090990761598272]]
[[0.009827165272185473,0.0008544099543331429,-0.006192180891545274],[0.0020723683158211503,-0.0007826976350896938,-0.0029906065312629926],[-0.011899533588006623,-0.00007171231924344912,0.009182787422808265]]
[[0.009816221541244877,0.0008274229457125427,-0.00633447193359265],[0.002061678234002588,-0.0007652134181937378,-0.0029428094999509346],[-0.011877899775247464,-0.00006220952751880495,0.009277281433543585]]
[[0.009807323331509216,0.0008006214389982009,-0.006478704062552745],[0.0020507142707565495,-0.0007481193493272522,-0.0028958608282248642],[-0.011858037602265767,-0.000052502089670948706,0.00937456489077761]]
[[0.009800438411942163,0.0007739891201295926,-0.006624984867888093],[0.002039492265914587,-0.000731408269520367,-0.0028497497776000763],[-0.01183993067785675,-0.00004258085060922562,0.00947473464548817]]
[[0.009795536086351893,0.0007475091730946314,-0.00677342702928933],[0.002028027646072273,-0.0007150730750882002,-0.0028044655423005846],[-0.011823563732424165,-0.000032436098006431285,0.009577892571589914]]
[[0.009792587128766975,0.000721164250998154,-0.006924148596718912],[0.0020163354226968495,-0.0006991067203368355,-0.0027599972579203914],[-0.011808922551463824,-0.00002205753066131835,0.009684145854639302]]
[[0.009791563716730527,0.0006949364443219327,-0.007077273291653128],[0.002004430191268604,-0.0006835022202534079,-0.002716334010262068],[-0.01179599390799913,-0.000011434224068524964,0.009793607301915195]]
[[0.00979243936202166,0.0006688072461300187,-0.007232930831347592],[0.0019923261313864143,-0.0006682526531575005,-0.002673464844283094],[-0.011784765493408072,-5.545929725183046e-7,0.009906395675630685]]
[[0.009795188838265032,0.000642757513951526,-0.00739125727811281],[0.00198003700776999,-0.0006533511632941352,-0.002631378773087662],[-0.01177522584603502,0.000010593649342609262,0.010022636051200472]]
[[0.00979978810483369,0.0006167674280483962,-0.007552395415766676],[0.0019675761720934987,-0.000638790963351453,-0.0025900647869084885],[-0.01176736427692719,0.000022023535303056956,0.010142460202675164]]
[[0.009806214226385142,0.0005908164457478827,-0.00771649515563139],[0.001954956565587555,-0.0006245653368887324,-0.0025495118620293944],[-0.011761170791972697,0.0000337488911408497,0.010266007017660783]]
[[0.009814445287295413,0.000564883251488073,-0.007883713974666199],[0.001942190722348935,-0.000610667640662738,-0.0025097089696053216],[-0.011756636009644349,0.000045784389174664995,0.01039342294427152]]
[[0.009824460300169311,0.0005389457021893278,-0.008054217388577273],[0.0019292907732997963,-0.0005970913068424967,-0.0024706450843417944],[-0.011753751073469109,0.00005814560465316896,0.010524862472919068]]
[[0.009836239107504873,0.0005129807675245278,-0.008228179463024541],[0.001916268450740683,-0.0005838298451045254,-0.0024323091930008593],[-0.011752507558245556,0.00007084907757999771,0.0106604886560254]]
[[0.009849762275475519,0.0004869644646158944,-0.008405783366356886],[0.0019031350934440893,-0.0005708768446022435,-0.0023946903027050725],[-0.011752897368919608,0.00008391237998634911,0.010800473669061958]]
[[0.0098650109786612,0.000460871786635295,-0.008587221967654797],[0.0018899016522378894,-0.0005582259758048791,-0.0023577774490153806],[-0.01175491263089909,0.0000973541891695841,0.010944999416670178]]
[[0.009881966874408298,0.0004346766247275341,-0.008772698484248755],[0.0018765786960304666,-0.0005458709922025607,-0.0023215597037625738],[-0.011758545570438766,0.00011119436747502662,0.011094258188011328]]
[[0.009900611965323889,0.0004083516826113202,-0.008962427183317032],[0.00186317641823189,-0.0005338057318755315,-0.002286026182615551],[-0.01176378838355578,0.00012545404926421128,0.011248453365932583]]
[[0.009920928448209545,0.00038186838313941055,-0.00915663414265476],[0.0018497046435279787,-0.0005220241189265392,-0.0022511660523728723],[-0.011770633091737525,0.00014015573578712875,0.011407800195027632]]
[[0.009942898547509741,0.00035519676601665875,-0.009355558076253325],[0.0018361728349665578,-0.0005105201647764308,-0.0022169685379670127],[-0.0117790713824763,0.00015532339875977207,0.011572526614220337]]
[[0.00996650433108445,0.0003283053757810287,-0.00955945123094375],[0.0018225901013176529,-0.0004992879693238525,-0.0021834229291734456],[-0.011789094432402104,0.00017098259354282375,0.011742874160117196]]
[[0.009991727505810212,0.00030116113904651284,-0.00976858036104869],[0.0018089652046717193,-0.0004883217219707108,-0.0021505185870190624],[-0.01180069271048193,0.00018716058292419792,0.01191909894806775]]
[[0.010018549190161128,0.0002737292298865287,-0.009983227788765254],[0.0017953065682423754,-0.00047761570251571696,-0.0021182449498866767],[-0.011813855758403503,0.00020388647262918825,0.01210147273865193]]
[[0.010046949660514047,0.00024597292209962393,-0.010203692558877086],[0.0017816222843423522,-0.0004671642819189055,-0.0020865915393143203],[-0.0118285719448564,0.00022119135981928158,0.012290284098191405]]
[[0.010076908067451078,0.00021785342694383971,-0.010430291697383194],[0.0017679201225036204,-0.00045696192294051273,-0.0020555479654897997],[-0.0118448281899547,0.00023910849599667302,0.012485839662872995]]
[[0.010108402117786845,0.00018932971474894153,-0.010663361584748305],[0.0017542075377147853,-0.0004470031806580123,-0.002025103932442604],[-0.01186260965550163,0.0002576734659090708,0.01268846551719091]]
[[0.010141407717414626,0.0001603583186136822,-0.010903259455743901],[0.0017404916787509851,-0.00043728270286546607,-0.001995249242936641],[-0.011881899396165612,0.0002769243842517839,0.012898508698680542]]
[[0.01017589856932991,0.0001308931181643669,-0.011150365039282153],[0.0017267793965735118,-0.00042779523035962256,-0.001965973803068556],[-0.011902677965903424,0.00029690211219525573,0.01311633884235071]]
[[0.01021184572033328,0.00010088510108678122,-0.011405082353270792],[0.001713077252778398,-0.0004185355971174457,-0.0019372676265774864],[-0.011924922973111677,0.00031765049603066446,0.013342349979848277]]
[[0.010249217048916253,0.00007028209984056571,-0.011667841671365758],[0.0016993915280750882,-0.0004094987303699297,-0.0019091208388730967],[-0.011948608576991341,0.00033921663052936395,0.013576962510238854]]
[[0.01028797668566702,0.00003902850061719042,-0.011939101680602499],[0.0016857282307782026,-0.00040067965057720884,-0.0018815236807895855],[-0.011973704916445223,0.0003616511499600184,0.013820625361392083]]
[[0.010328084356168013,7.064921202301275e-6,-0.012219351851286553],[0.001672093105297172,-0.0003920734713100643,-0.001854466512074106],[-0.012000177461465186,0.00038500855010776305,0.01407381836336066]]
[[0.01036949463475665,-0.00002567214605837879,-0.012509115043264848],[0.0016584916406102877,-0.0003836753990430081,-0.0018279398146186904],[-0.012027986275366939,0.0004093475451013869,0.014337054857883539]]
[[0.010412156095639905,-0.00005925073052358287,-0.012808950375835088],[0.0016449290787114057,-0.0003754807328641588,-0.001801934195445332],[-0.012057085174351312,0.0004347314633877417,0.014610884571280422]]
[[0.010456010345639366,-0.00009374382370262138,-0.013119456392145037],[0.0016314104230191733,-0.00036748486410713573,-0.0017764403894543319],[-0.012087420768658541,0.0004612286878097571,0.014895896781599369]]
[[0.010500990920230952,-0.00012922986955008132,-0.013441274553060392],[0.0016179404467402986,-0.00035968327591019136,-0.0017514492619464476],[-0.012118931366971251,0.0004889131454602726,0.01519272381500684]]
[[0.01054702202145455,-0.00016579331110813152,-0.013775093100227283],[0.0016045237011799323,-0.0003520715427077737,-0.0017269518109297203],[-0.012151545722634481,0.0005178648538159053,0.015502044911157004]]
[[0.010594017072608052,-0.00020352520096480597,-0.014121651333526629],[0.0015911645239937962,-0.00034464532965965936,-0.00170293916922211],[-0.012185181596601848,0.0005481705306244653,0.015824590502748738]]
[[0.010641877060291143,-0.00024252388412839644,-0.014481744354434596],[0.0015778670473782434,-0.0003374003920227468,-0.0016794026063613567],[-0.012219744107669387,0.0005799242761511433,0.01616114696079595]]
[[0.010690488629185702,-0.000282895763242601,-0.014856228334112216],[0.0015646352061959498,-0.00033033257447052705,-0.0016563335303336427],[-0.012255123835381652,0.000613228337713128,0.016512561864445857]]
[[0.010739721888776886,-0.00032475615762096656,-0.015246026373518703],[0.0015514727460364836,-0.00032343781036517003,-0.0016337234891328006],[-0.012291194634813369,0.0006481939679861366,0.016879749862651505]]
[[0.010789427883819423,-0.00036823026940657316,-0.015652135032684394],[0.0015383832312125473,-0.0003167121209870847,-0.0016115641721619572],[-0.012327811115031971,0.0006849423903936578,0.01726369920484635]]
[[0.010839435671472854,-0.0004134542723175308,-0.01607563161773316],[0.0015253700526942648,-0.0003101516147267203,-0.0015898474114895943],[-0.012364805724167118,0.0007236058870442511,0.017665479029222754]]
[[0.010889548937342416,-0.0004605765409859087,-0.016517682327605136],[0.0015124364359855218,-0.0003037524862432903,-0.0015685651829721037],[-0.012401985373327939,0.0007643290272291989,0.01808624751057724]]
[[0.010939542069763846,-0.0005097590419168098,-0.01697955137804775],[0.0014995854489480394,-0.00029751101559500183,-0.0015477096072549809],[-0.012439127518711885,0.0008072700575118116,0.01852726098530273]]
[[0.010989155596058071,-0.0005611789106829594,-0.017462611238738615],[0.0014868200095806577,-0.00029142356734529484,-0.0015272729506648753],[-0.01247597560563873,0.0008526024780282542,0.01898988418940349]]
[[0.0110380908655254,-0.0006150302442478819,-0.017968354140883616],[0.0014741428937631667,-0.000285486589649494,-0.0015072476260047435],[-0.012512233759288567,0.0009005168338973759,0.01947560176688836]]
[[0.011086003840859681,-0.0006715261424251038,-0.018498405037907607],[0.0014615567429760467,-0.0002796966133262011,-0.0014876261932644146],[-0.012547560583835729,0.0009512227557513049,0.01998603123117202]]
[[0.011132497831448328,-0.0007309010386138871,-0.01905453623166273],[0.0014490640720096733,-0.00027405025091766573,-0.001468401360258898],[-0.012581561903458001,0.0010049512895315528,0.020522937591921628]]
[[0.011177114967427475,-0.0007934133673298188,-0.019638683911811457],[0.001436667276678912,-0.0002685441957432969,-0.0014495659832067936],[-0.012613782244106387,0.0010619575630731158,0.02108824989501825]]
[[0.011219326170791305,-0.0008593486249525019,-0.02025296689778129],[0.00142436864156168,-0.0002631752209504001,-0.0014311130672611553],[-0.012643694812352986,0.001122523845902902,0.021684079965042444]]
[[0.011258519327280543,-0.0009290228908939962,-0.020899707922250568],[0.0014121703477829855,-0.0002579401785661508,-0.0014130357670051733],[-0.012670689675063528,0.0011869630694601471,0.022312743689255742]]
[[0.011293985297601424,-0.0010027868894912704,-0.021581457854108352],[0.001400074480869242,-0.0002528359985547429,-0.0013953273869249595],[-0.012694059778470665,0.0012556228880460133,0.02297678524103331]]
[[0.011324901325414893,-0.0010810306888985647,-0.022301023329183704],[0.001388083038701404,-0.00024785968788357596,-0.001377981381871655],[-0.012712984364116298,0.0013288903767821405,0.02367900471105536]]
[[0.011350311298178959,-0.001164189152802186,-0.0230614983411351],[0.0013761979395996878,-0.0002430083296022639,-0.0013609913575248819],[-0.012726509237778648,0.00140719748240445,0.024422489698659983]]
[[0.011369102189733691,-0.001252748284790442,-0.02386630044562255],[0.0013644210305775264,-0.00023827908193815547,-0.0013443510708693114],[-0.012733523220311217,0.0014910273667285976,0.02521065151649186]]
[[0.011379975853203423,-0.0013472526348183725,-0.024719212351785345],[0.0013527540958079992,-0.00023366917741194965,-0.001328054430695703],[-0.012732729949011421,0.0015809218122303222,0.026047266782481048]]
[[0.011381415129804857,-0.0014483139738603015,-0.025624429820415368],[0.001341198865352453,-0.00022917592197684326,-0.0013120954981371206],[-0.01272261399515731,0.0016774898958371448,0.02693652531855249]]
[[0.011371642980918856,-0.0015566214884055623,-0.02658661696328072],[0.0013297570242085895,-0.0002247966941844656,-0.0012964684872501602],[-0.012701400005127447,0.0017814181825900278,0.02788308545053088]]
[[0.01134857302065245,-0.0016729538033269519,-0.027610970249154355],[0.0013184302217440812,-0.00022052894438059914,-0.0012811677656496849],[-0.01266700324239653,0.001893482747707551,0.028892138014804038]]
[[0.011309749401905933,-0.0017981932129511274,-0.028703292776876367],[0.0013072200815921232,-0.0002163701939333387,-0.0012661878552037288],[-0.012616969483498056,0.0020145634068844663,0.029969480632080096]]
[[0.011252273460958105,-0.001933342589937741,-0.029870080683364823],[0.0012961282120974539,-0.00021231803449585333,-0.0012515234327926264],[-0.01254840167305556,0.0021456606244335944,0.03112160411615745]]
[[0.01117271381375071,-0.002079545555124982,-0.031118623925673446],[0.0012851562174157369,-0.0002083701273052444,-0.001237169331132799],[-0.012457870031166447,0.0022879156824302262,0.032355793256806244]]
[[0.011066995667102623,-0.0022381106357747178,-0.03245712412347662],[0.0012743057093861435,-0.00020452420251804696,-0.0012231205396606064],[-0.012341301376488766,0.0024426348382927646,0.03368024466313723]]
[[0.01093026388592863,-0.00241054032380991,-0.033894832685786046],[0.001263578320317143,-0.0002007780585816155,-0.001209372205464741],[-0.012193842206245774,0.002611318382391525,0.03510420489125079]]
[[0.010756712741412497,-0.0025985661817975888,-0.0354422130882646],[0.0012529757168494406,-0.00019712956163880398,-0.0011959196342460677],[-0.012009688458261936,0.0027956957434363927,0.036638132722510666]]
[[0.010539373114260873,-0.002804191448677706,-0.03711113192972749],[0.001242499615088554,-0.00019357664496081448,-0.0011827582912706687],[-0.011781872729349427,0.00299776809363852,0.038293890220998154]]
[[0.010269845045688723,-0.0030297429909863323,-0.038915084289447316],[0.0012321517972335792,-0.00019011730839955205,-0.001169883802263736],[-0.011501996842922302,0.0032198602993858843,0.040084968091711054]]
[[0.009937959641886804,-0.0032779349571452707,-0.04086945993288011],[0.0012219341299693357,-0.0001867496178459081,-0.0011572919541670314],[-0.011159893771856139,0.0034646845749911792,0.042026751887047145]]
[[0.009531349057368186,-0.003551947160453388,-0.04299185805523294],[0.0012118485849375866,-0.00018347170467353954,-0.0011449786956482114],[-0.010743197642305772,0.0037354188651269275,0.04413683675088115]]
[[0.009034896056909176,-0.003855522091661618,-0.045302459454632196],[0.0012018972616608015,-0.00018028176513814288,-0.0011329401372027514],[-0.010236793318569977,0.0040358038567997615,0.046435399591834944]]
[[0.008430024694356386,-0.004193085612231232,-0.04782446616248284],[0.0011920824133604907,-0.00017717805968882173,-0.0011211725506231275],[-0.009622107107716877,0.0043702636719200535,0.04894563871310597]]
[[0.007693779809513248,-0.00456989789414119,-0.05058461936910646],[0.0011824064761930208,-0.00017415891212932177,-0.0011096723675179407],[-0.008876186285706269,0.004744056806270511,0.0516942917366244]]
[[0.006797623677363543,-0.0049922431682531115,-0.05361380647040609],[0.0011728721025201776,-0.00017122270854033955,-0.0010984361764347958],[-0.00797049577988372,0.00516346587679345,0.05471224264684088]]
[[0.005705850832454274,-0.0054676694695771095,-0.05694776629922374],[0.0011634821989400636,-0.00016836789583644726,-0.0010874607179594967],[-0.006869333031394338,0.005636037365413557,0.058035227017183236]]
[[0.0043734832950050925,-0.006005293005857042,-0.06062789639521367],[0.0011542399699246875,-0.0001655929797774727,-0.001076742876907434],[-0.0055277232649297795,0.006170885985634515,0.0617046392721211]]
[[0.0027434529393080298,-0.006616186228989973,-0.06470215442459426],[0.001145148968038853,-0.0001628965221771383,-0.0010662796703573775],[-0.0038886019073468827,0.006779082751167111,0.06576843409495163]]
[[0.0007427979191795009,-0.00731387434161361,-0.06922602199700871],[0.0011362131518386665,-0.00016027713694052767,-0.0010560682297533007],[-0.0018790110710181674,0.007474151478554138,0.070282090226762]]
[[-0.0017225152864470857,-0.008114971881468742,-0.07426345300461043],[0.001127436952642131,-0.0001577334844001925,-0.0010461057745418732],[0.0005950783338049546,0.008272705365868936,0.07530955877915231]]
[[-0.0047746996600390584,-0.00903999886355174,-0.0798876417797897],[0.0011188253513800947,-0.0001552642631837811,-0.0010363895737099255],[0.0036558743086589638,0.00919526312673552,0.08092403135349963]]
[[-0.008573982017867179,-0.010114423408793162,-0.08618128508391017],[0.0011103839665806093,-0.00015286819849645963,-0.001026916889968263],[0.00746359805128657,0.010267291607289623,0.08720820197387844]]
[[-0.01333230617148567,-0.011369981214710901,-0.09323571411242314],[0.0011021191540412627,-0.0001505440251819024,-0.0010176848989392425],[0.012230187017444407,0.011520525239892802,0.09425339901136238]]
[[-0.019332530926661394,-0.012846312748126455,-0.10114772353559569],[0.001094038117584075,-0.00014829046314886348,-0.0010086905721566912],[0.01823849280907732,0.012994603211275319,0.10215641410775238]]
[[-0.026955395382452847,-0.014592916145081151,-0.11001191127329173],[0.0010861490278811009,-0.0001461061815836159,-0.0009999305073929985],[0.025869246354571745,0.014739022326664766,0.11101184178068473]]
[[-0.036717299557231416,-0.016671291489033343,-0.11990447167766972],[0.001078461141611712,-0.00014398974661345522,-0.000991400681924936],[0.035638838415619704,0.0168152812356468,0.12089587235959466]]
[[-0.04932262584080305,-0.019156849270238613,-0.1308509374835562],[0.0010709849041959888,-0.00014193954445688653,-0.0009830960926109945],[0.04825164093660706,0.0192987888146955,0.1318340335761672]]
[[-0.06573411995486712,-0.022139454105999636,-0.1427640732698992],[0.0010637320024536527,-0.00013995366821143107,-0.0009750102294953626],[0.06467038795241346,0.022279407774211068,0.14373908349939457]]
[[-0.08726148103172637,-0.025719915593941527,-0.15532691655160388],[0.0010567153023116392,-0.00013802975088097926,-0.0009671343054990476],[0.08620476572941473,0.025857945344822504,0.15629405085710293]]
[[-0.11565575306608918,-0.029996406658722035,-0.16777712945313975],[0.0010499485498903637,-0.00013616471990179858,-0.0009594561335447684],[0.11460580451619881,0.030132571378623834,0.16873658558668453]]
[[-0.1531606228681133,-0.03502806121953066,-0.17852139981801854],[0.0010434456137533453,-0.00013435444045363046,-0.0009519585104052327],[0.15211717725435997,0.035162415659984285,0.17947335832842376]]
[[-0.2023791040662332,-0.04075082128743922,-0.18448432288145808],[0.0010372188773562566,-0.00013259321156666726,-0.0009446169593093307],[0.20134188518887694,0.040883414499005885,0.18542893984076741]]
[[-0.26561043822330443,-0.04680392506283975,-0.18013620251089388],[0.001031276139069445,-0.00013087309710088651,-0.0009373967780559034],[0.264579162084235,0.04693479815994064,0.18107359928894978]]
[[-0.34296993804332965,-0.05222329085166824,-0.1564507839493006],[0.001025615107619947,-0.00012918315567189513,-0.0009302497286143708],[0.3419443229357097,0.05235247400734014,0.15738103367791495]]
[[-0.42841751569992115,-0.05504830942730774,-0.10105704548041929],[0.0010202146484864188,-0.00012750886503216572,-0.000923111763934148],[0.4273973010514347,0.055175818292339904,0.10198015724435344]]
[[-0.504192961468672,-0.05223670925113367,-0.0027600157132931565],[0.0010150233882821687,-0.00012583251027667441,-0.0009159052967492052],[0.5031779380803898,0.05236254176141034,0.003675921010042362]]
[[-0.5395368295466292,-0.040843651537181766,0.1363341689328806],[0.001009950824380229,-0.0001241358489430673,-0.000908551807128575],[0.538526878722249,0.04096778738612483,-0.13542561712575202]]
[[-0.505151132301652,-0.02093441602680799,0.2876742430673776],[0.0010048729353757965,-0.00012240591481809223,-0.0009009982251272417],[0.5041462593662762,0.021056821941626083,-0.28677324484225036]]
[[-0.40071558891412856,0.002448840459106566,0.4043219791926797],[0.000999662935342367,-0.00012064180099175814,-0.00089324677639337],[0.3997159259787862,-0.0023281986581148075,-0.40342873241628635]]
[[-0.26197974164502796,0.022226742685850006,0.45490499578331256],[0.00099423538828898,-0.00011885671806606999,-0.0008853627390888268],[0.260985506256739,-0.022107885967783937,-0.4540196330442237]]
[[-0.13200127905086106,0.03444955885903132,0.44396693690063177],[0.0009885701508265095,-0.00011707240243481376,-0.0008774481154503165],[0.13101270890003455,-0.034332486456596506,-0.44308948878518145]]
[[-0.03376975522578791,0.03950093388190099,0.3969859373300378],[0.0009827010221537841,-0.00011531059148486293,-0.0008696032602297096],[0.032787054203634126,-0.03938562329041613,-0.3961163340698081]]
[[0.030666890716210708,0.03975608025134763,0.3378830140016575],[0.0009766876896207598,-0.00011358764283328154,-0.0008619033686221552],[-0.031643578405831464,-0.039642492608514344,-0.3370211106330353]]
[[0.06876010851915794,0.03748834468599763,0.2805755665342558],[0.0009705928262356577,-0.00011191343918139871,-0.0008543942032400228],[-0.06973070134539361,-0.03737643124681623,-0.2797211723310158]]
[[0.08910379568446138,0.0341958744290207,0.23072170485569304],[0.0009644706249993132,-0.00011029259012626362,-0.0008470978357836177],[-0.09006826630946069,-0.034085581838894444,-0.22987460701990942]]
[[0.09838924376376122,0.030693908285028996,0.18947849007642387],[0.0009583635523057781,-0.00010872612612217571,-0.00084002035691115],[-0.099347607316067,-0.03058518215890682,-0.18863846971951273]]
[[0.10111042760080934,0.027366858712267905,0.15611445906723015],[0.0009523030310838938,-0.00010721290644636811,-0.0008331581849022882],[-0.10206273063189324,-0.027259645805821537,-0.15528130088232786]]
[[0.10008540202399863,0.024365549293176237,0.12933643033552833],[0.0009463114164989072,-0.00010575059357122648,-0.000826502391750018],[-0.10103171344049754,-0.024259798699605012,-0.12850992794377833]]
[[0.09702150263344471,0.0217257270827244,0.10784643107525368],[0.0009404040740078536,-0.00010433626969199947,-0.0008200414231126963],[-0.09796190670745257,-0.021621390813032403,-0.10702638965214098]]
[[0.09293329032231133,0.019431482226935137,0.09052956316444973],[0.0009345911486411089,-0.00010296680646743433,-0.0008137627221634018],[-0.09386788147095244,-0.019328515420467703,-0.08971580044228632]]
[[0.08841486038101215,0.017446982596890065,0.07648774976501425],[0.000928878949542398,-0.00010163907749942208,-0.0008076536602206951],[-0.08934373933055455,-0.01734534351939064,-0.07568009610479355]]
[[0.08380810674088036,0.015731493678392713,0.06501814245283803],[0.0009232709921538956,-0.00010035007455565673,-0.0008017020456255028],[-0.08473137773303425,-0.015631143603837053,-0.06421644040721253]]
[[0.07930440363556461,0.014245989250365751,0.0555772679036923],[0.0009177687686735192,-0.00009909696626716122,-0.0007958963818434548],[-0.08022217240423812,-0.01414689228409859,-0.054781371521848844]]
[[0.07500557799826776,0.012955678104032716,0.04774623602251242],[0.0009123723133887384,-0.00009787712308878106,-0.0007902259791268149],[-0.0759179503116565,-0.012857800980943935,-0.04695601004338561]]
[[0.07096044304491302,0.011830625603601144,0.04120163999003623],[0.0009070806167086679,-0.0000966881228954154,-0.0007846809824230401],[-0.07186752366162169,-0.011733937480705729,-0.04041695900761319]]
[[0.06718673519048544,0.01084554314843152,0.03569268413448277],[0.0009018919286832674,-0.00009552774582003897,-0.0007792523528762504],[-0.06808862711916872,-0.01075001540261148,-0.03491343178160652]]
[[0.06368431956859981,0.009979261842346805,0.031023719887424885],[0.0008968039820180726,-0.00009439396345064477,-0.0007739318250233869],[-0.06458112355061789,-0.00988486787889616,-0.0302497880624015]]
[[0.06044314840493002,0.009214130238004848,0.027041084672694192],[0.0008918141563704833,-0.00009328492540205946,-0.0007687118526531697],[-0.061334962561300506,-0.009120845312602788,-0.02627237282004102]]
[[0.05744804807785001,0.008535440570934884,0.023623229307291903],[0.0008869195996714988,-0.00009219894501483379,-0.0007635855508290814],[-0.05833496767752151,-0.00844324162592005,-0.022859643756462822]]
[[0.0546815789851896,0.00793092279028847,0.020673310706279886],[0.0008821173178531541,-0.00009113448517389966,-0.0007585466383073652],[-0.05556369630304275,-0.00783978830511457,-0.01991476406797252]]
[[0.05212571929371708,0.007390315451162459,0.018113617293753752],[0.0008774042412326037,-0.00009009014478423706,-0.0007535893826291112],[-0.05300312353494969,-0.007300225306378221,-0.01736002791112464]]
[[0.049762829401710396,0.0069050093991213065,0.015881353726251417],[0.0008727772735624764,-0.00008906464616920289,-0.0007487085490070837],[-0.05063560667527287,-0.0068159447529521034,-0.015132645177244334]]
[[0.047576176916003333,0.006467755284088848,0.013925435142145599],[0.0008682333281484848,-0.00008805682349706788,-0.0007438993534485318],[-0.04844441024415182,-0.0063796984605917805,-0.013181535788697067]]
[[0.04555019452888231,0.006072424878848683,0.012204033790955452],[0.0008637693542759497,-0.00008706561224888404,-0.000739157420165251],[-0.04641396388315826,-0.005985359266599799,-0.0114648763707902]]
[[0.04367057745909514,0.005713816775086463,0.010682689113928842],[0.0008593823563470744,-0.00008609003968944738,-0.0007344787431070243],[-0.044529959815442215,-0.005627726735397016,-0.009948210370821818]]
[[0.041924286599732095,0.005387498237818707,0.009332842170851867],[0.0008550694075188368,-0.00008512921627655787,-0.0007298596513444172],[-0.042779356007250934,-0.005302369021542149,-0.00860298251950745]]
[[0.040299498362272625,0.005089676328804327,0.00813069159926908],[0.0008508276591827086,-0.00008418232793204559,-0.0007252967779792006],[-0.04115032602145534,-0.0050054940008722815,-0.007405394821289879]]
[[0.03878552650618996,0.004817092650352923,0.007056294743503317],[0.0008466543472964337,-0.0000832486290949984,-0.0007207870322493593],[-0.039632180853486396,-0.004733844021257924,-0.006335507711253958]]
[[0.03737273140570153,0.004566937136592045,0.006092856922818386],[0.0008425467963324452,-0.0000823274364795435,-0.0007163275745048456],[-0.03821527820203397,-0.0044846097001125015,-0.00537652934831354]]
[[0.03605242602866823,0.0043367772161355626,0.0052261659943636804],[0.0008385024214240852,-0.00008141812346409798,-0.0007119157937502776],[-0.03689092845009232,-0.0042553590926714645,-0.004514250200613403]]
[[0.034816784026802376,0.004124499401507553,0.004444139827920491],[0.0008345187291530721,-0.00008052011504482724,-0.0007075492874758306],[-0.03565130275595545,-0.0040439792864627256,-0.00373659054044466]]
[[0.03365875291343053,0.003928260949459508,0.003736462065860733],[0.0008305933173176814,-0.00007963288329230166,-0.0007032258435242275],[-0.034489346230748216,-0.0038486280661672065,-0.0030332362223365055]]
[[0.03257197380285979,0.0037464497067693707,0.0030942873254943166],[0.0008267238739422139,-0.00007875594325654415,-0.0006989434237679791],[-0.033398697676802,-0.0036676937635128264,-0.0023953439017263376]]
[[0.03155070826763199,0.0035776506305317634,0.002510001339158516],[0.0008229081757281796,-0.00007788884927154787,-0.000694700149395822],[-0.03237361644336017,-0.0034997617812602155,-0.0018153011897626941]]
[[0.03058977232298188,0.0034206177694580714,0.0019770248005879106],[0.0008191440861015626,-0.0000770311916157828,-0.0006904942876301295],[-0.03140891640908344,-0.0033435865778422883,-0.0012865305129577812]]
[[0.02968447723532157,0.003274250729089433,0.001489652170326169],[0.0008154295529751291,-0.00007618259349014827,-0.0006863242397176876],[-0.0304999067882967,-0.003198068135599285,-0.0008033279306084812]]
[[0.0288305766863046,0.0031375748318374606,0.0010429185893693598],[0.0008117626063174158,-0.00007534270827926118,-0.0006821885300547124],[-0.029642339292622017,-0.0030622321235581995,-0.00036073005931464735]]
[[0.02802421975006109,0.003009724332574635,0.0006324895062338098],[0.0008081413555988994,-0.00007451121706591681,-0.0006780857963233618],[-0.02883236110565999,-0.0029352131155087184,0.00004559629008955192]]
[[0.027261909122713836,0.0028899281701397646,0.0002545687467632199],[0.000804563987169421,-0.00007368782637205352,-0.0006740147805314703],[-0.028066473109883257,-0.002816240343767711,0.0004194460337682504]]
[[0.026540464057399887,0.0027774978309352757,-0.0000941783713864988],[0.0008010287616081835,-0.00007287226610263778,-0.000669974320859973],[-0.027341492819008068,-0.002704625564832638,0.0007641526922464718]]
[[0.025856987490204236,0.0026718169777466662,-0.00041668959665919095],[0.0007975340110776848,-0.00007206428767160224,-0.0006659633442336742],[-0.02665452150128192,-0.0025997526900750642,0.001082652940892865]]
[[0.025208836883534404,0.00257233255891493,-0.0007155601568117806],[0.0007940781367051765,-0.00007126366229135526,-0.0006619808595408159],[-0.026002915020239582,-0.002501068896623575,0.0013775410163525965]]
[[0.0245935983578901,0.002478547163107532,-0.0009930887892363044],[0.0007906596060091849,-0.00007047017940948046,-0.0006580259514355122],[-0.025384257963899284,-0.0024080769836980513,0.0016511147406718168]]
[[0.02400906372732162,0.002390012425574529,-0.0012513168166351906],[0.0007872769503838854,-0.00006968364527808562,-0.0006540977746646423],[-0.024796340677705503,-0.0023203287802964433,0.001905414591299833]]
[[0.02345321009618215,0.002306323324844217,-0.0014920614308348876],[0.0007839287626504273,-0.00006890388164288081,-0.0006501955488674068],[-0.024237138858832576,-0.0022374194432013363,0.0021422569797022945]]
[[0.02292418171403051,0.002227113235807936,-0.0017169441353065426],[0.0007806136946814253,-0.000068130724540488,-0.0006463185538015449],[-0.023704795408711933,-0.002158982511267448,0.0023632626891080875]]
[[0.022420273821279164,0.002152049627254085,-0.0019274151265691064],[0.000777330455102592,-0.00006736402319373766,-0.0006424661249553011],[-0.023197604276381754,-0.0020846856040603475,0.002569881251524407]]
[[0.021939918250302694,0.002080830310080398,-0.0021247742572585108],[0.0007740778070737555,-0.0000666036389958101,-0.0006386376495087004],[-0.02271399605737645,-0.002014226671084588,0.002763411906767211]]
[[0.021481670575328255,0.0020131801573916217,-0.002310189112412554],[0.0007708545661501613,-0.00006584944457505151,-0.0006348325626116247],[-0.022252525141478414,-0.0019473307128165702,0.002945021675024179]]
[[0.021044198629740607,0.0019488482300765416,-0.002484710640108798],[0.0007676595982239484,-0.00006510132293315342,-0.0006310503439496542],[-0.021811858227964557,-0.0018837469071433881,0.0031157609840584523]]
[[0.020626272231724533,0.0018876052517339168,-0.002649286703823264],[0.0007644918175449056,-0.00006435916665014189,-0.0006272905145716871],[-0.021390764049269435,-0.001823246085083775,0.0032765772183949507]]
[[0.02022675397873347,0.0018292413853672684,-0.0028047738634660313],[0.0007613501848190369,-0.00006362287715029402,-0.0006235526339560574],[-0.020988104163552505,-0.0017656185082169744,0.0034283264974220885]]
[[0.019844590988406935,0.0017735642714042186,-0.002951947642399394],[0.000758233705383048,-0.00006289236402369395,-0.0006198362972942579],[-0.020602824693789983,-0.0017106719073805244,0.0035717839396936517]]
[[0.019478807478541183,0.0017203972925689194,-0.003091511496797688],[0.0007551414274525631,-0.00006216754439866887,-0.0006161411329734917],[-0.020233948905993747,-0.0016582297481702504,0.0037076526297711793]]
[[0.01912849809180488,0.0016695780361494603,-0.003224104669826234],[0.000752072440441666,-0.00006144834236081209,-0.0006124668002411454],[-0.01988057053224655,-0.0016081296937886483,0.0038365714700673795]]
[[0.018792821882318598,0.00162095692842211,-0.0033503090849900867],[0.0007490258733512395,-0.00006073468841472015,-0.0006088129870359569],[-0.019541847755669837,-0.0015602222400073898,0.003959122072026044]]
[[0.01847099689119275,0.001574396019555744,-0.0034706554095810587],[0.0007460008932235014,-0.0000600265189849404,-0.0006051794079721184],[-0.01921699778441625,-0.0015143695005708038,0.0040758348175531775]]
[[0.018162295246829444,0.0015297679003337182,-0.0035856283995873593],[0.0007429967036601051,-0.000059323775952958,-0.0006015658024638928],[-0.01890529195048955,-0.0014704441243807603,0.0041871942020512525]]
[[0.01786603873340285,0.0014869547345874468,-0.003695671621040752],[0.0007400125434011799,-0.00005862640622734723,-0.00059797193297948],[-0.01860605127680403,-0.0014283283283600995,0.004293643554020232]]
[[0.01758159477758282,0.0014458473934106492,-0.003801191629006885],[0.0007370476849627264,-0.00005793436134447718,-0.0005943975834139421],[-0.018318642462545547,-0.0013879130320661722,0.0043955892124208275]]
[[0.01730837280938365,0.0014063446790775161,-0.003902561673824814],[0.0007341014333298263,-0.00005724759709739928,-0.0005908425575719247],[-0.018042474242713474,-0.0013490970819801168,0.004493404231396739]]
[[0.01704582095811183,0.0013683526281727059,-0.0040001249944032514],[0.0007311731247032025,-0.00005656607319075713,-0.0005873066777517594],[-0.017776994082815033,-0.0013117865549819488,0.004587431672155012]]
[[0.01679342304884803,0.0013317838847985047,-0.004094197750082867],[0.0007282621252967395,-0.000055889752919750655,-0.0005837897834232915],[-0.01752168517414477,-0.001275894131878754,0.004677987533506158]]
[[0.016550695868812675,0.001296557135890033,-0.00418507163552862],[0.0007253678301836575,-0.00005521860287135812,-0.0005802917299924491],[-0.017276063698996334,-0.001241338533018675,0.004765363365521069]]
[[0.016317186676399698,0.0012625966016720214,-0.004273016217119361],[0.0007224896621891293,-0.00005455259264617533,-0.0005768123876461898],[-0.017039676338588827,-0.0012080440090258462,0.004849828604765551]]
[[0.01609247092868389,0.0012298315751554994,-0.00435828102418629],[0.0007196270708272185,-0.000053891694599370916,-0.000573351640272007],[-0.01681209799951111,-0.0011759398805561286,0.0049316326644582974]]
[[0.015876150205865358,0.0011981960053198209,-0.004441097424077359],[0.0007167795312801059,-0.0000532358835993821,-0.0005699093844466706],[-0.016592929737145466,-0.0011449601217204388,0.005011006808524029]]
[[0.0156678503134558,0.0011676281192723726,-0.004521680306275476],[0.0007139465434176754,-0.000052585136803090705,-0.0005664855284893346],[-0.016381796856873476,-0.0011150429824692818,0.005088165834764811]]
[[0.015467219545077984,0.001138070079239564,-0.004600229597578747],[0.0007111276308556073,-0.00005193943344632119,-0.0005630799915745344],[-0.01617834717593359,-0.001086130645793243,0.005163309589153281]]
[[0.015273927090573194,0.0011094676707304662,-0.004676931627579431],[0.0007083223400502312,-0.000051298754648597216,-0.0005596927029009805],[-0.015982249430623426,-0.001058168916081869,0.005236624330480411]]
[[0.015087661575725435,0.0010817700186393315,-0.004751960361288369],[0.0007055302394284623,-0.00005066308323117675,-0.0005563236009123704],[-0.015793191815153897,-0.001031106935408155,0.00530828396220074]]
[[0.01490812972133871,0.0010549293284238222,-0.004825478513686182],[0.0007027509185512464,-0.00005003240354746488,-0.0005529726325667548],[-0.015610880639889958,-0.0010048969248763573,0.005378451146252937]]
[[0.014735055110670095,0.0010289006498196878,-0.004897638559194437],[0.0006999839873089986,-0.00004940670132497106,-0.0005496397526512564],[-0.015435039097979095,-0.0009794939484947167,0.005447278311845693]]
[[0.014568177055344371,0.0010036416608362362,-0.004968583647508834],[0.0006972290751476218,-0.000048785963518043916,-0.000546324923139201],[-0.015265406130491993,-0.0009548556973181923,0.0055149085706480356]]
[[0.014407249550874409,0.0009791124700256034,-0.005038448435888702],[0.0006944858303237406,-0.00004817017817067288,-0.0005430281125869302],[-0.01510173538119815,-0.0009309422918549304,0.005581476548475632]]
[[0.014252040313799242,0.0009552754352372627,-0.00510735984682377],[0.0006917539191878801,-0.00004755933428870035,-0.0005397492955677905],[-0.014943794232987122,-0.0009077161009485623,0.0056471091423915595]]
[[0.014102329893242914,0.0009320949972614346,-0.005175437758976313],[0.0006890330254943659,-0.00004695342172083588,-0.0005364884521409622],[-0.01479136291873728,-0.0008851415755405988,0.005711926211117275]]
[[0.013957910850401767,0.0009095375269342986,-0.005242795638403281],[0.0006863228497368022,-0.00004635243104790861,-0.0005332455673529812],[-0.014644233700138568,-0.00086318509588639,0.005776041205756263]]
[[0.013818587000098144,0.0008875711844274028,-0.005309541116281797],[0.0006836231085080332,-0.00004575635347983408,-0.0005300206307699471],[-0.014502210108606178,-0.0008418148309475688,0.005839561747051744]]
[[0.013684172709100198,0.0008661657895756269,-0.0053757765186767436],[0.0006809335338835563,-0.000045165180759810005,-0.0005268136360385675],[-0.014365106242983755,-0.0008210006088158169,0.005902590154715311]]
[[0.013554492246411445,0.0008452927022149237,-0.005441599353289034],[0.0006782538728274103,-0.000044578905075288186,-0.0005236245804743139],[-0.014232746119238856,-0.0008007137971396355,0.005965223933763348]]
[[0.013429379181184095,0.000824924711604512,-0.005507102757595668],[0.0006755838866196098,-0.00004399751897530229,-0.000520453464675085],[-0.014104963067803705,-0.0007809271926292096,0.006027556222270754]]
[[0.01330867582431483,0.0008050359341000794,-0.005572375912329199],[0.0006729233503042496,-0.00004342101529375923,-0.0005173002921588875],[-0.01398159917461908,-0.0007616149188063201,0.006089676204488087]]
[[0.013192232710143968,0.0007856017183260387,-0.005637504423835868],[0.0006702720521574421,-0.00004284938707832883,-0.0005141650690241389],[-0.013862504762301409,-0.0007427523312477098,0.0061516694928600065]]
