[[6.526258018269538,2.972866569033459,2.8374717013219883],[0.13436619730029878,-0.0007760821624464287,-0.14331932481996898],[-6.660624215569837,-2.972090486871012,-2.694152376502019]]
[[10.655802535319038,14.146103448617476,-9.691392578280576],[0.16284686279627583,0.026595506366858854,-0.16182246196040762],[-10.818649398115316,-14.172698954984336,9.853215040240983]]
[[-3.590997191865965,-2.359955043420779,-0.29410826261945344],[0.17932658009490182,0.06286833633595426,-0.19254018202590137],[3.4116706117710636,2.297086707084825,0.48664844464535484]]
[[-0.8102679074855667,-0.608193234994512,0.06581884023353671],[0.21176582878487285,0.10967460063290635,-0.3476992086686956],[0.5985020787006937,0.4985186343616057,0.28188036843515885]]
[[-0.3671892566730126,-0.2917903255906679,0.04947484576760926],[0.06205173914811073,0.288474713905776,-0.9603502838591202],[0.30513751752490187,0.003315611684891917,0.910875438091511]]
[[-0.21336173047870285,-0.1776615424808159,0.03231531736945545],[-1.692269907377925,0.3277819173880254,-0.6221887463391912],[1.905631637856628,-0.15012037490720956,0.5898734289697357]]
[[-0.14049033572130137,-0.12005068256379144,0.02041382501150246],[-0.6069463869626293,-0.054636379775135,0.44877200319650823],[0.7474367226839306,0.17468706233892645,-0.4691858282080107]]
[[-0.09935086595991313,-0.08600467675102513,0.01386642551137087],[-0.16199469392326546,-0.0430552825838824,0.261023131755689],[0.2613455598831786,0.12905995933490752,-0.2748895572670598]]
[[-0.07394162618576335,-0.06456243315398469,0.01012305796486975],[-0.058858195586245464,-0.025650818435586357,0.15361749739666683],[0.13279982177200883,0.09021325158957104,-0.1637405553615366]]
[[-0.05719090456270435,-0.05026714078688714,0.007780617371038707],[-0.025712193009061274,-0.016396071656275032,0.10029308104951161],[0.08290309757176562,0.06666321244316217,-0.10807369842055033]]
[[-0.04557425284749113,-0.04027276403118052,0.006202820074775944],[-0.012403722465134583,-0.011279459489458271,0.0707505122354499],[0.057977975312625704,0.05155222352063879,-0.07695333231022584]]
[[-0.03718792914396037,-0.03301058086406381,0.005080111791134547],[-0.006244187224589517,-0.00821890946093298,0.05274374253250848],[0.04343211636854989,0.04122949032499679,-0.05782385432364302]]
[[-0.030934137373892154,-0.027565327220433856,0.004247653024655783],[-0.0031114045926323407,-0.006258248215769494,0.040946244301073006],[0.0340455419665245,0.033823575436203346,-0.045193897325728795]]
[[-0.026144712858938622,-0.02337531491061794,0.0036105211474337182],[-0.0014128339037725252,-0.004930697669232059,0.03278127078527023],[0.027557546762711146,0.02830601257985,-0.03639179193270395]]
[[-0.022394298307838713,-0.020080613328572357,0.0031104790658016118],[-0.0004518507947687614,-0.00399093186602738,0.026884576569596252],[0.022846149102607474,0.024071545194599735,-0.029995055635397862]]
[[-0.019401693697943423,-0.017441943752051374,0.0027099333835040014],[0.00010583821914297766,-0.0033012153958705466,0.0224793956313565],[0.019295855478800444,0.020743159147921922,-0.0251893290148605]]
[[-0.016974944983816773,-0.01529516464248101,0.0023835977418397514],[0.00043250343667750133,-0.0027797537379968566,0.019096721766751753],[0.016542441547139273,0.018074918380477867,-0.021480319508591507]]
[[-0.014979365020204145,-0.01352459559552376,0.0021138802069842035],[0.0006220500182952996,-0.0023756161433467742,0.01643944926830492],[0.014357315001908845,0.01590021173887053,-0.01855332947528912]]
[[-0.01331816859728782,-0.012046776890767618,0.0018881931253965198],[0.0007280243087754517,-0.002055789864581874,0.014311721473377696],[0.012590144288512368,0.014102566755349492,-0.016199914598774217]]
[[-0.01192034146480234,-0.010800247846970007,0.0016973130904305725],[0.0007820949152977646,-0.0017981292368740662,0.012580027563393131],[0.011138246549504576,0.012598377083844071,-0.014277340653823705]]
[[-0.010732811971844641,-0.009738922539963732,0.0015343428589908127],[0.0008035569813874628,-0.00158733258482075,0.011150721096221498],[0.009929254990457178,0.011326255124784482,-0.012685063955212312]]
[[-0.009715265225871034,-0.008827684507799898,0.0013940328694196254],[0.0008044544166621563,-0.0014125519659447564,0.009956481720416882],[0.008910810809208879,0.010240236473744654,-0.011350514589836507]]
[[-0.008836626954129222,-0.008039389093281453,0.001272325359199899],[0.0007924522649364288,-0.001265921898775567,0.008947867605480985],[0.008044174689192793,0.00930531099205702,-0.010220192964680883]]
[[-0.008072629421376983,-0.007352781340408426,0.0011660405909022279],[0.0007725030980196151,-0.0011416251248195905,0.008087878889537475],[0.0073001263233573675,0.008494406465228017,-0.009253919480439701]]
[[-0.007404094660089134,-0.006751022887897005,0.0010726562775433314],[0.0007478425281819591,-0.0010352828110610883,0.007348362724512057],[0.006656252131907175,0.007786305698958093,-0.008421019002055389]]
[[-0.006815703032429958,-0.0062206322185033545,0.0009901495981021664],[0.0007205992606781916,-0.0009435466389634294,0.006707578400755104],[0.006095103771751766,0.0071641788574667836,-0.007697727998857271]]
[[-0.00629509629614664,-0.005750710655422831,0.0009168821400937373],[0.0006921773210201328,-0.0008638198833154945,0.0061485126159569505],[0.0056029189751265075,0.006614530538738325,-0.007065394756050688]]
[[-0.0058322151305607375,-0.005332369207789094,0.0008515148413162719],[0.0006635002259404632,-0.000794062885582461,0.005657691276553604],[0.005168714904620274,0.0061264320933715555,-0.006509206117869876]]
[[-0.005418803544256234,-0.004958298754338843,0.0007929442528503088],[0.0006351696272824844,-0.0007326549404186799,0.005224326930233003],[0.004783633916973749,0.005690953694757523,-0.006017271183083312]]
[[-0.005048033749134623,-0.004622443958079951,0.0007402541884251191],[0.0006075699205904047,-0.0006782946313287001,0.0048396974068544655],[0.004440463828544218,0.0053007385894086505,-0.005579951595279585]]
[[-0.0047142191295696965,-0.004319753218215807,0.0006926786321200699],[0.0005809381121686032,-0.0006299268397093705,0.004496686494610899],[0.004133281017401093,0.004949680057925177,-0.005189365126730968]]
[[-0.004412592409544735,-0.00404598502313752,0.0006495729887095587],[0.0005554109980354935,-0.0005866885597895564,0.004189439966347194],[0.003857181411509241,0.004632673582927076,-0.004839012955056753]]
[[-0.0041391326095376255,-0.0037975566005187277,0.0006103915881730978],[0.000531057318610367,-0.0005478681707486668,0.003913104907255936],[0.003608075290927259,0.004345424771267394,-0.004523496495429034]]
[[-0.0038904288919640057,-0.003571424612127537,0.0005746699290490537],[0.0005078998401114292,-0.0005128744709720961,0.003663629996874184],[0.003382529051852577,0.0040842990830996335,-0.004238299925923238]]
[[-0.003663572565516324,-0.0033649903573281367,0.0005420105480698172],[0.0004859306074878045,-0.0004812128838291012,0.0034376109378921414],[0.003177641958028519,0.0038462032411572377,-0.003979621485961958]]
[[-0.003456070777694083,-0.0031760238881431337,0.0005120716902322003],[0.000465121523444969,-0.0004524669937011434,0.0032321697010469622],[0.002990949254249114,0.003628490881844277,-0.0037442413912791624]]
[[-0.0032657770520831382,-0.003002602838312414,0.0004845581600270851],[0.0004454317012006983,-0.0004262840868999132,0.0030448593640826785],[0.00282034535088244,0.003428886925212327,-0.003529417524109764]]
[[-0.0030908350116165993,-0.002843062789688275,0.00045921388504509763],[0.00042681257408742305,-0.0004023637321688107,0.002873588510238627],[0.0026640224375291763,0.003245426521857086,-0.0033328023952837243]]
[[-0.0029296325001016764,-0.00269595675135287,0.000435815833954555],[0.0004092114361233111,-0.0003804486899418505,0.002716560710032127],[0.0025204210639783653,0.0030764054412947203,-0.0031523765439866822]]
[[-0.002780763960739915,-0.002560021885973019,0.00041416901318543596],[0.00039257387981853715,-0.0003603176215314489,0.002572225732995359],[0.002388190080921378,0.002920339507504468,-0.002986394746180795]]
[[-0.0026429994143393662,-0.002434152037232278,0.0003941023284064573],[0.0003768454562168387,-0.00034177920102109827,0.002439239953882141],[0.0022661539581225274,0.0027759312382533764,-0.0028333422822885983]]
[[-0.002515258745253705,-0.0023173749292417136,0.0003754651435915707],[0.0003619727852548238,-0.0003246673287934661,0.0023164340195455115],[0.002153285959998881,0.00264204225803518,-0.002691899163137082]]
[[-0.0023965902810235157,-0.0022088331504285623,0.0003581244060847857],[0.0003479042774554274,-0.0003088372165638814,0.0022027862895219593],[0.0020486860035680886,0.002517670366992444,-0.002560910695606745]]
[[-0.002286152864710304,-0.0021077682198476335,0.00034196223342883157],[0.0003345905811976892,-0.00029416216660642716,0.002097400898143217],[0.0019515622835126149,0.0024019303864540606,-0.0024393631315720483]]
[[-0.00218320078331401,-0.0020135071771935084,0.0003268738788869965],[0.00032198483695037883,-0.0002805309075245408,0.001999489538927347],[0.0018612159463636314,0.0022940380847180494,-0.0023263634178143436]]
[[-0.002087071043388137,-0.0019254512493055687,0.000312766009070364],[0.0003100427966314187,-0.0002678453789486802,0.001908356264598443],[0.0017770282467567183,0.002193296628254249,-0.002221122273668807]]
[[-0.001997172584821639,-0.0018430662332592272,0.00029955524000151954],[0.00029872284974249833,-0.00025601888045559146,0.0018233847438333527],[0.001698449735079141,0.0020990851137148185,-0.0021229399838348724]]
[[-0.001912977102292632,-0.0017658743048893592,0.0002871668881323117],[0.0002879859861293479,-0.0002449745176122484,0.001744027529977542],[0.001624991116163284,0.0020108488225016076,-0.0020311944181098537]]
[[-0.0018340112060203618,-0.001693447016043651,0.0002755339009113397],[0.00027779571675084347,-0.000234643891673886,0.0016697969857435882],[0.0015562154892695182,0.001928090907717537,-0.0019453308866549278]]
[[-0.0017598497028470652,-0.0016253992872219533,0.0002645959379377653],[0.0002681179677417762,-0.000224965990079629,0.0016002575773828146],[0.001491731735105289,0.0018503652773015824,-0.00186485351532058]]
[[-0.0016901098181777042,-0.0015613842369609084,0.0002542985789003194],[0.00025892095864948775,-0.0002158862432085671,0.0015350193065247365],[0.0014311888595282163,0.0017772704801694754,-0.0017893178854250559]]
[[-0.0016244462110371225,-0.0015010887172354813,0.0002445926386582544],[0.00025017507253680935,-0.0002073557194186548,0.0014737320911987148],[0.0013742711385003133,0.0017084444366541362,-0.0017183247298569692]]
[[-0.0015625466601186268,-0.0014442294467053433,0.00023543357318576242],[0.0002418527233341004,-0.00019933043559203854,0.001416080942044136],[0.0013206939367845264,0.0016435598822973818,-0.0016515145152298984]]
[[-0.0015041283194685779,-0.0013905496519441942,0.00022678096283661834],[0.00023392822414961548,-0.00019177076455692687,0.0013617818073219095],[0.0012702000953189623,0.001582320416501121,-0.0015885627701585276]]
[[-0.0014489344593676527,-0.0013398161417176894,0.0002185980616188921],[0.00022637765903612227,-0.00018464092407882525,0.0013105779825455298],[0.0012225568003315303,0.0015244570657965148,-0.0015291760441644218]]
[[-0.0013967316218039328,-0.0012918167515959657,0.00021085140300028377],[0.0002191787598371924,-0.00017790853478965094,0.0012622369984961203],[0.0011775528619667403,0.0014697252863856165,-0.0014730884014964043]]
[[-0.0013473071312925815,-0.0012463581062306336,0.00020351045427138966],[0.0002123107891080013,-0.00017154423658809786,0.0012165479159558848],[0.00113499634218458,0.0014179023428187315,-0.0014200583702272745]]
[[-0.001300466911160333,-0.0012032636549127302,0.00019654731273910378],[0.00020575442965663213,-0.00016552135480405754,0.0011733189673749078],[0.0010947124815037011,0.0013687850097167877,-0.0013698662801140116]]
[[-0.0012560335631596389,-0.001162371942890042,0.00018993643805463822],[0.00019949168093452572,-0.00015981560885603888,0.0011323754954143262],[0.0010565418822251133,0.001322187551746081,-0.0013223119334689645]]
[[-0.0012138446747091902,-0.0011235350866245022,0.00018365441583965907],[0.00019350576228346528,-0.00015440485730764986,0.0010935581463064176],[0.0010203389124257248,0.0012779399439321521,-0.0012772125621460767]]
[[-0.0011737513234160893,-0.001086617425925108,0.00017767974849127192],[0.00018778102289540035,-0.00014926887419786187,0.0010567212825723861],[0.000985970300520689,0.00123588630012297,-0.0012344010310636581]]
[[-0.0011356167530140893,-0.0010514943298695165,0.00017199266964741954],[0.00018230285824139849,-0.00014438915231994648,0.001021731585105794],[0.0009533138947726908,0.0011958834821894629,-0.0011937242547532135]]
[[-0.0010993151986082876,-0.0010180511367656035,0.00016657497929913469],[0.0001770576326630146,-0.0001397487297873929,0.0009884668191744135],[0.000922257565945273,0.0011577998665529964,-0.0011550417984735482]]
[[-0.0010647308422759424,-0.0009861822112142878,0.00016140989696165092],[0.00017203260778301881,-0.00013533203677711933,0.0009568147426843135],[0.0008926982344929236,0.001121514247991407,-0.0011182246396459644]]
[[-0.0010317568827383277,-0.0009557901037072831,0.00015648193067610723],[0.00016721587637509805,-0.00013112475980113074,0.0009266721382226421],[0.0008645410063632297,0.0010869148635084139,-0.0010831540688987494]]
[[-0.0010002947050734966,-0.0009267848002020776,0.00015177675991854772],[0.0001625963013282056,-0.0001271137212438055,0.000897943953059287],[0.0008376984037452911,0.0010538985214458832,-0.0010497207129778346]]
[[-0.000970253138352905,-0.0008990830508217532,0.00014728113075214316],[0.00015816345934655706,-0.00012328677222635717,0.000870542533530755],[0.000812089679006348,0.0010223698230481103,-0.0010178236642828982]]
[[-0.0009415477907122974,-0.0008726077682789531,0.00014298276177950964],[0.00015390758903781345,-0.00011963269713341462,0.0008443869421243216],[0.000787640201674484,0.0009922404654123676,-0.0009873697039038312]]
[[-0.0009141004527552388,-0.0008472874878622356,0.0001388702596407747],[0.00014981954305755442,-0.00011614112836777691,0.0008194023471854117],[0.0007642809096976845,0.0009634286162300126,-0.0009582726068261864]]
[[-0.0008878385613744958,-0.0008230558818831105,0.0001349330429647677],[0.00014589074399610805,-0.00011280247009533047,0.0007955194765343976],[0.0007419478173783877,0.000935858351978441,-0.0009304525194991654]]
[[-0.0008626947170936736,-0.0007998513223911837,0.00013116127381955153],[0.0001421131437130269,-0.0001096078299086706,0.0007726741274400302],[0.0007205815733806467,0.0009094591522998543,-0.0009038354012595817]]
[[-0.0008386062489054476,-0.0007776164867464117,0.00012754579582801879],[0.00013847918584415102,-0.00010654895747994416,0.000750806726388104],[0.0007001270630612966,0.0008841654442263559,-0.0008783525222161228]]
[[-0.0008155148213352915,-0.0007562980013108946,0.00012407807821735616],[0.00013498177122571288,-0.00010361818939474842,0.0007298619329326019],[0.0006805330501095787,0.0008599161907056431,-0.0008539400111499581]]
[[-0.0007933660791090484,-0.0007358461191041311,0.00012075016516027952],[0.00013161422599892365,-0.00010080839946285955,0.0007097882826448031],[0.0006617518531101247,0.0008366545185669906,-0.0008305384478050826]]
[[-0.0007721093253644157,-0.0007162144277689125,0.00011755462984314093],[0.000128370272176673,-0.00009811295389082481,0.0006905378648021955],[0.0006437390531877428,0.0008143273816597373,-0.0008080924946453365]]
[[-0.0007516972298332388,-0.0006973595846314028,0.00011448453276301232],[0.0001252440004712268,-0.00009552567077828482,0.0006720660309990301],[0.0006264532293620119,0.0007928852554096875,-0.0007865505637620424]]
[[-0.0007320855638442982,-0.0006792410760181523,0.00011153338381413632],[0.00012222984519802058,-0.00009304078346617845,0.000654331131326872],[0.0006098557186462777,0.0007722818594843308,-0.0007658645151410083]]
[[-0.0007132329593641711,-0.0006618209983229164,0.00010869510777492739],[0.00011932256108578812,-0.00009065290732230587,0.0006372942751774868],[0.0005939103982783829,0.0007524739056452224,-0.0007459893829524141]]
[[-0.0006951006896145039,-0.0006450638586041393,0.00010596401285105879],[0.00011651720183733535,-0.00008835700959938316,0.000620919114070865],[0.0005785834877771685,0.0007334208682035223,-0.0007268831269219238]]
[[-0.000677652469084198,-0.0006289363927456191,0.0001033347619689651],[0.000113809100298285,-0.00008614838204385222,0.0006051716442159265],[0.000563843368785913,0.0007150847747894712,-0.0007085064061848917]]
[[-0.000660854271000178,-0.0006134073994332095,0.00010080234654808794],[0.00011119385010312528,-0.00008402261597123042,0.0005900200267768906],[0.0005496604208970527,0.00069743001540444,-0.0006908223733249786]]
[[-0.0006446741605353166,-0.0005984475883936439,0.0000983620625100354],[0.00010866728867893925,-0.00008197557955649199,0.0005754344240499781],[0.0005360068718563775,0.0006804231679501359,-0.0006737964865600135]]
[[-0.0006290821422208296,-0.0005840294415113492,0.00009600948830907019],[0.00010622548149732989,-0.00008000339711654715,0.0005613868499576952],[0.0005228566607234997,0.0006640328386278963,-0.0006573963382667655]]
[[-0.0006140500201964335,-0.0005701270855884982,0.00009374046479145206],[0.00010386470747434959,-0.00007810243018688319,0.0005478510334454183],[0.0005101853127220839,0.0006482295157753813,-0.0006415914982368704]]
[[-0.0005995512700778286,-0.0005567161756452465,0.00009155107671155455],[0.00010158144542674593,-0.00007626926021635035,0.0005348022935207208],[0.0004979698246510827,0.0006329854358615968,-0.0006263533702322754]]
[[-0.0005855609213501145,-0.0005437737877733416,0.00008943763575069012],[0.00009937236150061348,-0.00007450067272331895,0.0005222174248127819],[0.0004861885598495011,0.0006182744604966605,-0.000611655060563472]]
[[-0.0005720554493098209,-0.0005312783206590927,0.00008739666490052265],[0.00009723429749564713,-0.0000727936427733698,0.0005100745926497538],[0.00047482115181417375,0.0006040719634324626,-0.0005974712575502765]]
[[-0.0005590126756791925,-0.0005192094049827087,0.0000854248840870754],[0.00009516426001467994,-0.00007114532165359312,0.0004983532367582648],[0.0004638484156645126,0.0005903547266363019,-0.0005837781208453402]]
[[-0.0005464116771058772,-0.0005075478199817369,0.00008351919692388491],[0.00009315941037411205,-0.00006955302463174261,0.0004870339827831441],[0.0004532522667317652,0.0005771008446134795,-0.000570553179707029]]
[[-0.0005342327008406158,-0.0004962754165380275,0.0000816766784939954],[0.00009121705521624106,-0.00006801421970012783,0.00047609856090853424],[0.0004430156456243748,0.0005642896362381554,-0.0005577752394025296]]
[[-0.0005224570869561697,-0.00048537504621140544,0.00007989456407041057],[0.00008933463776943595,-0.00006652651721443294,0.00046552973093515773],[0.00043312244918673374,0.0005519015634258384,-0.0005454242950055683]]
[[-0.0005110671965336057,-0.00047483049570001156,0.00007817023869346044],[0.00008750972970659574,-0.00006508766034678799,0.0004553112132338357],[0.00042355746682700996,0.0005399181560467995,-0.0005334814519272962]]
[[-0.0005000463452981089,-0.0004646264262579113,0.00007650122753143042],[0.00008574002355643906,-0.00006369551628052916,0.00044542762505338576],[0.00041430632174166985,0.0005283219425384404,-0.0005219288525848162]]
[[-0.0004893787422365309,-0.0004547483176457831,0.00007488518695785204],[0.00008402332562591716,-0.00006234806808130212,0.0004358644217126855],[0.0004053554166106137,0.0005170963857270851,-0.0005107496086705376]]
[[-0.00047904943277359333,-0.0004451824162309186,0.00007331989628516125],[0.00008235754939546204,-0.00006104340718558453,0.0004266078422527076],[0.0003966918833781313,0.0005062258234165032,-0.0004999277385378688]]
[[-0.00046904424612368654,-0.00043591568688895586,0.00007180325010008087],[0.00008074070935190232,-0.00005977972645343337,0.00041764485916539904],[0.00038830353677178425,0.0004956954133423893,-0.0004894481092654799]]
[[-0.00045934974647105257,-0.0004269357683921969,0.00007033325115115317],[0.00007917091522673113,-0.00005855531373737767,0.0004089631318529684],[0.0003801788312443214,0.0004854910821295746,-0.0004792963830041216]]
[[-0.00044995318766330233,-0.00041823093199846605,0.00006890800374339803],[0.00007764636661001258,-0.00005736854592394988,0.00040055096350396374],[0.00037230682105328974,0.00047559947792241594,-0.0004694589672473618]]
[[-0.00044084247113210327,-0.00040979004298061065,0.00006752570759916358],[0.00007616534791259476,-0.00005621788340844336,0.00039239726110192595],[0.00036467712321950854,0.000466007926389054,-0.00045992296870108954]]
[[-0.00043200610678083767,-0.00040160252486025935,0.00006618465214791805],[0.00007472622365147119,-0.000055101864967151865,0.00038449149830876235],[0.0003572798831293665,0.0004567043898274112,-0.00045067615045668043]]
[[-0.0004234331766024136,-0.0003936583261306319,0.00006488321121104985],[0.00007332743403512277,-0.0000540191029946401,0.0003768236809886578],[0.00035010574256729083,0.00044767742912527205,-0.00044170689219970766]]
[[-0.0004151133008114733,-0.00038594788927227863,0.00006361983805073344],[0.0000719674908274934,-0.00005296827907655349,0.00036938431515961997],[0.00034314580998397995,0.0004389161683488321,-0.0004330041532103534]]
[[-0.00040703660629424175,-0.0003784621218828477,0.00006239306075462113],[0.00007064497347091775,-0.00005194813987113368,0.00036216437717889803],[0.00033639163282332403,0.0004304102617539814,-0.00042455743793351914]]
[[-0.00039919369719642787,-0.0003711923697575465,0.00006120147793056393],[0.00006935852544984678,-0.000050957493275006115,0.00035515528598577283],[0.0003298351717465811,0.0004221498630325526,-0.00041635676391633676]]
[[-0.0003915756274850939,-0.0003641303917710197,0.000060043754687771824],[0.00006810685087861496,-0.000049995204850963203,0.00034834887724077],[0.00032346877660647893,0.00041412559662198293,-0.0004083926319285418]]
[[-0.0003841738753344533,-0.0003572683364241122,0.000058918618882827094],[0.0000668887112977753,-0.0000490601944974187,0.000341737379214397],[0.00031728516403667795,0.0004063285309215309,-0.0004006559980972241]]
[[-0.0003769803191982656,-0.0003505987199305151,0.00005782485761077694],[0.00006570292266470407,-0.00004815143334096833,0.000335313390291204],[0.0003112773965335615,0.0003987501532714834,-0.0003931382479019809]]
[[-0.00036998721544303256,-0.00034411440572876224,0.000056761313923178624],[0.00006454835252525701,-0.00004726794083508674,0.0003290698579664541],[0.0003054388629177756,0.000391382346563849,-0.00038583117188963274]]
[[-0.00036318717742665714,-0.0003378085853145437,0.00005572688375646565],[0.000063423917354249,-0.00004640878204943142,0.00032300005922309295],[0.00029976326007240814,0.00038421736736397513,-0.0003787269429795586]]
[[-0.00035657315591673395,-0.0003316747602969318,0.00005472051305536254],[0.00006232858005344026,-0.000045573065135532715,0.00031709758218614],[0.00029424457586329367,0.0003772478254324645,-0.00037181809524150256]]
[[-0.0003501384207512804,-0.0003257067255899699,0.00005374119507731286],[0.00006126134759654892,-0.000044759938955833905,0.00031135630896018333],[0.0002888770731547315,0.00037046666454580376,-0.0003650975040374962]]
[[-0.0003438765436525841,-0.0003198985536582169,0.00005278796786501206],[0.00006022126881157868,-0.00004396859086412261,0.00030577039956343135],[0.00028365527484100543,0.00036386714452233955,-0.00035855836742844344]]
[[-0.0003377813821120014,-0.0003142445797413531,0.00005185991187516307],[0.000059207432291459916,-0.000043198244626372214,0.000300334276878845],[0.0002785739498205415,0.0003574428243677253,-0.0003521941887540081]]
[[-0.0003318470642700789,-0.0003087393879888901,0.00005095614775251066],[0.00005821896442465293,-0.00004244815847190393,0.0002950426125493047],[0.00027362809984542597,0.000351187546460794,-0.00034599876030181535]]
[[-0.0003260679747223211,-0.0003033777984414451,0.00005007583423906434],[0.000057255027537964144,-0.00004171762326558895,0.00028989031374962215],[0.000268812947184357,0.00034509542170703405,-0.00033996614798868655]]
[[-0.000320438741186375,-0.0002981548547999908,0.000049218166209203277],[0.000056314818144378684,-0.00004100596079254941,0.0002848725107735497],[0.00026412392304199636,0.0003391608155925402,-0.00033409067698275295]]
[[-0.0003149542219713717,-0.0002930658129290152,0.00004838237282207052],[0.000055397565289223503,-0.00004031252214749144,0.0002799845453788076],[0.0002595566566821482,0.00033337833507650664,-0.00032836691820087814]]
[[-0.0003096094941947156,-0.00028810613004366594,0.000047567715783319064],[0.0000545025289884465,-0.00003963668622141764,0.0002752219598376038],[0.0002551069652062691,0.00032774281626508353,-0.00032278967562092284]]
[[-0.0003043998426957742,-0.00028327145453474413,0.00004677348770887092],[0.0000536289987532317,-0.000038977858279028384,0.00027058048664417914],[0.00025077084394254246,0.0003222493128137725,-0.0003173539743530501]]
[[-0.0002993207495997383,-0.0002785576163888837,0.00004599901058390118],[0.00005277629219557182,-0.00003833546862063667,0.0002660560388346367],[0.0002465444574041664,0.00031689308500952037,-0.0003120550494185379]]
[[-0.0002943678844884197,-0.00027396061816444266,0.00004524363431076286],[0.000051943753709791594,-0.00003770897132288906,0.000261644700877711],[0.0002424241307786281,0.00031166958948733176,-0.0003068883351884738]]
[[-0.00028953709513795684,-0.00026947662648654525,0.0000445067353400302],[0.00005113075322535719,-0.000037097843053019445,0.0002573427200982564],[0.00023840634191259967,0.0003065744695395647,-0.00030184945543828656]]
[[-0.00028482439878635554,-0.00026510196402741064,0.0000437877153792655],[0.00005033668502662588,-0.000036501581951753614,0.0002531464985980896],[0.00023448771375972967,0.0003016035459791643,-0.0002969342139773551]]
[[-0.00028022597389648786,-0.00026083310194056013,0.00004308600017450393],[0.00004956096663548292,-0.00003591970658034781,0.0002490525856414445],[0.00023066500726100494,0.00029675280852090795,-0.00029213858581594843]]
[[-0.0002757381523826705,-0.00025666665271977006,0.000042401038359811444],[0.00004880303775308492,-0.00003535175492757544,0.0002450576704747062],[0.00022693511462958555,0.0002920184076473455,-0.00028745870883451765]]
[[-0.0002713574122712277,-0.00025259936345572233,0.00004173230037060175],[0.000048062359257181785,-0.00003479728347278208,0.0002411585755523047],[0.0002232950530140459,0.0002873966469285044,-0.00028289087592290647]]
[[-0.00026708037076755863,-0.0002486281094652294,0.00004107927741670418],[0.00004733841225172217,-0.00003425586630140953,0.00023735225014268052],[0.0002197419585158365,0.0002828839757666389,-0.00027843152755938473]]
[[-0.00026290377770416733,-0.0002447498882696818,0.000040441480511455076],[0.00004663069716566487,-0.00003372709426964889,0.0002336357642901107],[0.00021627308053850244,0.00027847698253933076,-0.00027407724480156575]]
[[-0.00025882450934590785,-0.0002409618139010009,0.00003981843955334518],[0.00004593873289811901,-0.00003321057421511959,0.0002300063031099043],[0.00021288577644778883,0.00027417238811612045,-0.00026982474266324947]]
[[-0.0002548395625303518,-0.0002372611115148878,0.00003920970245699547],[0.000045262056007123616,-0.00003270592821069093,0.00022646116139606593],[0.0002095775065232282,0.0002699670397255787,-0.0002656708638530614]]
[[-0.00025094604912270606,-0.00023364511229255225,0.00003861483433045467],[0.00004460021993954986,-0.00003221279285876508,0.00022299773852199153],[0.00020634582918315622,0.00026585790515131733,-0.00026161257285244624]]
[[-0.0002471411907661253,-0.00023011124861339131,0.000038033416696017027],[0.00004395279429977059,-0.00003173081862352678,0.00021961353361611162],[0.0002031883964663547,0.0002618420672369181,-0.0002576469503121286]]
[[-0.0002434223139095632,-0.00022665704948228,0.00003746504675194797],[0.000043319364154892184,-0.000031259669198836136,0.00021630614099564155],[0.000200102949754671,0.0002579167186811161,-0.0002537711877475895]]
[[-0.00023978684509651024,-0.00022328013619623112,0.00003690933667267975],[0.000042699529374482535,-0.00003079902090960227,0.00021307324584275854],[0.0001970873157220277,0.0002540791571058334,-0.0002499825825154383]]
[[-0.00023623230649908768,-0.00021997821823620806,0.000036365912945202856],[0.00004209290400285912,-0.000030348562144619514,0.00020991262010858092],[0.00019413940249622856,0.0002503267803808276,-0.0002462785330537838]]
[[-0.00023275631168299417,-0.00021674908937081136,0.00003583441573952796],[0.00004149911566212203,-0.000029907992818986806,0.00020682211863132046],[0.00019125719602087216,0.00024665708218979816,-0.0002426565343708484]]
[[-0.0002293565615897618,-0.00021359062395943755,0.00003531449831123286],[0.000040917804984228934,-0.00002947702386435423,0.00020379967545588283],[0.00018843875660553286,0.00024306764782379178,-0.0002391141737671157]]
[[-0.0002260308407236681,-0.00021050077344332124,0.000034805826434239005],[0.0000403486250705144,-0.000029055376745358687,0.000200843300343041],[0.0001856822156531537,0.00023955615018867994,-0.00023564912677728]]
[[-0.0002227770135314674,-0.00020747756301361798,0.000034308077862080306],[0.00003979124097715323,-0.000028642783000718575,0.00019795107545708823],[0.00018298577255431418,0.00023612034601433658,-0.00023225915331916852]]
[[-0.00021959302096387855,-0.00020451908844639372,0.00003382094181604081],[0.00003924532922515936,-0.000028238983807556508,0.00019512115222160178],[0.0001803476917387192,0.00023275807225395023,-0.00022894209403764257]]
[[-0.00021647687720846657,-0.00020162351309502434,0.00003334411849863881],[0.000038710577333596356,-0.00002784372956761296,0.00019235174833362356],[0.0001777662998748702,0.0002294672426626373,-0.00022569586683226237]]
[[-0.00021342666658422246,-0.00019878906503112181,0.00003287731863103331],[0.000038186683374755326,-0.000027456779514099587,0.00018964114492718857],[0.00017523998320946712,0.00022624584454522138,-0.0002225184635582219]]
[[-0.00021044054058875524,-0.00019601403432565782,0.00003242026301301704],[0.000037673355550130634,-0.000027077901338020756,0.0001869876838777127],[0.0001727671850386246,0.00022309193566367856,-0.00021940794689072975]]
[[-0.00020751671508958069,-0.00019329677046247952,0.00003197268210434372],[0.00003717031178609226,-0.00002670687083286674,0.00018438976523928982],[0.0001703464033034884,0.00022000364129534625,-0.00021636244734363354]]
[[-0.0002046534676515239,-0.00019063567987689952,0.0000315343156262157],[0.000036677279348219633,-0.000026343471556651005,0.00018184584480745322],[0.00016797618830330426,0.00021697915143355052,-0.00021338016043366892]]
[[-0.0002018491349927452,-0.00018802922361248986,0.00003110491218182857],[0.000036193994473321506,-0.000025987494510327842,0.0001793544318004181],[0.00016565514051942372,0.0002140167181228177,-0.00021045934398224668]]
[[-0.00019910211056236215,-0.00018547591508963771,0.00003068422889493926],[0.000035720202018223795,-0.000025638737831687624,0.00017691408665226126],[0.00016338190854413835,0.00021111465292132533,-0.0002075983155472005]]
[[-0.0001964108422330661,-0.0001829743179798066,0.000030272031065484343],[0.00003525565512445997,-0.00002529700650388148,0.00017452341891189483],[0.00016115518710860613,0.00020827132448368807,-0.0002047954499773792]]
[[-0.00019377383010253603,-0.0001805230441798189,0.000029868091841335765],[0.00003480011489804865,-0.00002496211207778042,0.00017218108524207117],[0.0001589737152044874,0.00020548515625759932,-0.00020204917708340693]]
[[-0.00019118962439782167,-0.00017812075188081283,0.000029472191905334768],[0.00003435335010358957,-0.000024633872407421074,0.00016988578751300329],[0.0001568362742942321,0.0002027546242882339,-0.00019935797941833804]]
[[-0.00018865682347722225,-0.00017576614372685152,0.00002908411917679695],[0.00003391513687195251,-0.000024312111397836546,0.0001676362709855178],[0.00015474168660526975,0.00020007825512468805,-0.00019672039016231476]]
[[-0.00018617407192450647,-0.00017345796505845423,0.000028703668526727797],[0.000033485258420875236,-0.000023996658764612395,0.00016543132257895902],[0.00015268881350363124,0.00019745462382306662,-0.00019413499110568683]]
[[-0.00018374005873062854,-0.0001711950022366026,0.00002833064150603384],[0.00003306350478782433,-0.00002368734980454735,0.00016326976921935093],[0.00015067655394280423,0.00019488235204114996,-0.00019160041072538477]]
[[-0.00018135351555837755,-0.0001689760810430348,0.000027964846086055836],[0.00003264967257450907,-0.00002338402517683488,0.00016115047626358818],[0.00014870384298386845,0.00019236010621986966,-0.000189115322349644]]
[[-0.00017901321508566288,-0.00016680006515288113,0.000027606096410789108],[0.000032243564702472516,-0.000023086530694216693,0.00015907234599567968],[0.00014676965038319035,0.00018988659584709782,-0.0001866784424064688]]
[[-0.0001767179694233891,-0.0001646658546759271,0.000027254212560193378],[0.00003184499017921534,-0.000022794717123590527,0.0001570343161912972],[0.00014487297924417375,0.00018746057179951764,-0.00018428852875149057]]
[[-0.0001744666286041045,-0.00016257238476299988,0.000026909020324028],[0.00003145376387433798,-0.000022508439995585558,0.00015503535874710313],[0.0001430128647297665,0.00018508082475858544,-0.00018194437907113114]]
[[-0.00017225807913782761,-0.0001605186242741754,0.00002657035098568107],[0.000031069706305214744,-0.00002222755942264577,0.00015307447837153217],[0.00014118837283261286,0.00018274618369682117,-0.00017964482935721324]]
[[-0.0001700912426316597,-0.00015850357450569155,0.00002623804111549062],[0.000030692643431739716,-0.000021951939925189246,0.0001511507113338954],[0.00013939859919991998,0.0001804555144308808,-0.000177388752449386]]
[[-0.00016796507446998113,-0.0001565262679726262,0.000025911932373084328],[0.00003032240645970914,-0.00002168145026543476,0.00014926312426885113],[0.00013764266801027198,0.00017820771823806098,-0.00017517505664193546]]
[[-0.0001658785625522127,-0.0001545857672445655,0.000025591871318290664],[0.000029958831652428263,-0.000021415963288511136,0.00014741081303345767],[0.00013591973089978446,0.00017600173053307664,-0.00017300268435174835]]
[[-0.0001638307260852877,-0.00015268116383164158,0.000025277709230199142],[0.000029601760150152655,-0.000021155355770485676,0.00014559290161417617],[0.00013422896593513504,0.00017383651960212727,-0.00017087061084437532]]
[[-0.00016182061442814114,-0.00015081157711846406,0.000024969301933970675],[0.00002925103779699437,-0.0000208995082729689,0.0001438085410813427],[0.00013256957663114677,0.00017171108539143295,-0.00016877784301531337]]
[[-0.00015984730598566992,-0.00014897615334360476,0.0000246665096350207],[0.000028906514974943132,-0.0000206483050039716,0.00014205690858876428],[0.0001309407910107268,0.00016962445834757637,-0.000166723418223785]]
[[-0.00015790990714975692,-0.0001471740646224247,0.000024369196760218548],[0.000028568046444670746,-0.00002040163368470799,0.00014033720641622432],[0.00012934186070508616,0.00016757569830713268,-0.00016470640317644287]]
[[-0.00015600755128508412,-0.00014540450801115101,0.000024077231805765724],[0.000028235491192804323,-0.000020159385422055794,0.0001386486610528039],[0.00012777206009227982,0.0001655638934332068,-0.00016272589285856962]]
[[-0.00015413939775758132,-0.00014366670461022558,0.0000237904871914336],[0.00002790871228537024,-0.000019921454586399767,0.00013699052231904113],[0.00012623068547221107,0.00016358815919662533,-0.00016078100951047474]]
[[-0.00015230463100347383,-0.00014195989870505185,0.000023508839120858877],[0.00002758757672712585,-0.00001968773869459973,0.00013536206252605544],[0.000124717054276348,0.0001616476373996516,-0.00015887090164691433]]
[[-0.00015050245963700153,-0.00014028335694236791,0.000023232167447610137],[0.000027271955326510712,-0.000019458138297838695,0.000133762575669868],[0.00012323050431049083,0.0001597414952402066,-0.00015699474311747812]]
[[-0.00014873211559498318,-0.00013863636754056656,0.00002296035554675497],[0.000026961722565962726,-0.00001923255687411885,0.00013219137665924113],[0.00012177039302902046,0.0001578689244146854,-0.0001551517322059961]]
[[-0.00014699285331649684,-0.0001370182395323728,0.000022693290191670804],[0.000026656756477357078,-0.000019010900725186842,0.00013064780057545216],[0.00012033609683913977,0.00015602914025755966,-0.00015334109076712297]]
[[-0.00014528394895603833,-0.00013542830203837076,0.000022430861435855886],[0.00002635693852233864,-0.00001879307887767976,0.00012913120196249756],[0.00011892701043369968,0.0001542213809160505,-0.00015156206339835346]]
[[-0.0001436046996286042,-0.00013386590356995225,0.000022172962499510036],[0.00002606215347732959,-0.00001857900298829565,0.00012764095414630585],[0.00011754254615127462,0.0001524449065582479,-0.0001498139166458159]]
[[-0.00014195442268522847,-0.0001323304113603337,0.000021919489660666318],[0.000025772289323004885,-0.000018368587252801544,0.0001261764485816099],[0.00011618213336222359,0.00015069899861313527,-0.00014809593824227621]]
[[-0.00014033245501757428,-0.00013082121072235446,0.00002167034215066578],[0.00002548723713803871,-0.00001816174831870249,0.00012473709422520027],[0.00011484521787953556,0.00014898295904105694,-0.00014640743637586606]]
[[-0.0001387381523902582,-0.00012933770443183932,0.00002142542205377869],[0.000025206890996934465,-0.000017958405201403626,0.0001233223169343473],[0.00011353126139332373,0.00014729610963324293,-0.00014474773898812598]]
[[-0.0001371708887996489,-0.0001278793121353685,0.00002118463421078506],[0.00002493114787176023,-0.00001775847920370626,0.00012193155888924259],[0.00011223974092788868,0.00014563779133907475,-0.00014311619310002766]]
[[-0.00013563005585794698,-0.00012644546978135608,0.000020947886126336954],[0.000024659907537620204,-0.000017561893838487133,0.00012056427803836832],[0.0001109701483203268,0.0001440073636198432,-0.0001415121641647053]]
[[-0.00013411506220141275,-0.0001250356290733943,0.000020715087879934016],[0.0000243930724817009,-0.00001736857475441708,0.00011921994756575856],[0.00010972198971971184,0.00014240420382781137,-0.00013993503544569257]]
[[-0.000132625332921666,-0.00012364925694487335,0.000020486152040351927],[0.000024130547815738628,-0.000017178449664583682,0.00011789805537917045],[0.00010849478510592737,0.00014082770660945703,-0.0001383842074195224]]
[[-0.00013116030901903476,-0.00012228583505393485,0.000020260993583371563],[0.000023872241191762086,-0.000016991448277887908,0.00011659810361823043],[0.00010728806782727267,0.00013927728333182275,-0.000136859097201602]]
[[-0.0001297194468769814,-0.00012094485929786472,0.00002003952981266415],[0.00002361806272097108,-0.000016807502233092473,0.00011531960818166903],[0.00010610138415601031,0.00013775236153095718,-0.00013535913799433318]]
[[-0.00012830221775668183,-0.00011962583934607402,0.00001982168028369461],[0.000023367924895618638,-0.000016626545035405,0.00011406209827280132],[0.0001049342928610632,0.00013625238438147902,-0.00013388377855649592]]
[[-0.00012690810731087965,-0.00011832829819086001,0.000019607366730512434],[0.00002312174251377047,-0.00001644851199548493,0.00011282511596245134],[0.00010378636479710917,0.00013477681018634493,-0.00013243248269296376]]
[[-0.00012553661511617857,-0.00011705177171517611,0.000019396512995305176],[0.000022879432606821177,-0.000016273340170768857,0.00011160821576855944],[0.00010265718250935739,0.00013332511188594496,-0.00013100472876386462]]
[[-0.00012418725422297933,-0.00011579580827668012,0.000019189044960596405],[0.000022640914369652727,-0.000016100968309013746,0.000110410964251747],[0.0001015463398533266,0.00013189677658569386,-0.0001296000092123434]]
[[-0.0001228595507223029,-0.00011455996830736258,0.000018984890483974868],[0.000022406109093325728,-0.000015931336793962687,0.00010923293962615022],[0.00010045344162897716,0.00013049130510132528,-0.00012821783011012508]]
[[-0.00012155304332877978,-0.00011334382392809161,0.000018783979335247588],[0.000022174940100199064,-0.00001576438759304212,0.0001080737313848659],[0.00009937810322858072,0.00012910821152113374,-0.00012685771072011348]]
[[-0.000120267282979121,-0.0001121469585774437,0.00001858624313591473],[0.00002194733268137864,-0.000015600064207004185,0.00010693293993938597],[0.00009831995029774236,0.00012774702278444788,-0.0001255191830753007]]
[[-0.00011900183244541399,-0.00011096896665421593,0.000018391615300868176],[0.00002172321403639998,-0.00001543831162143174,0.00010581017627242544],[0.000097278618409014,0.00012640727827564765,-0.00012420179157329362]]
[[-0.00011775626596262446,-0.00010980945317304868,0.000018200030982221473],[0.000021502513215054315,-0.000015279076260027428,0.00010470506160357762],[0.00009625375274757014,0.0001250885294330761,-0.00012290509258579908]]
[[-0.00011653016886970774,-0.00010866803343260983,0.000018011427015182106],[0.0000212851610612714,-0.000015122305939612266,0.00010361722706725768],[0.00009524500780843634,0.0001237903393722221,-0.00012162865408243979]]
[[-0.0001153231372637666,-0.00010754433269582109,0.00001782574186588192],[0.00002107109015897669,-0.00001496794982676236,0.0001025463134024202],[0.00009425204710478992,0.00012251228252258345,-0.00012037205526830213]]
[[-0.00011413477766671431,-0.0001064379858816283,0.000017642915581084986],[0.00002086023477984373,-0.000014815958396015637,0.00010149197065356041],[0.00009327454288687058,0.00012125394427764394,-0.00011913488623464539]]
[[-0.00011296470670392956,-0.00010534863726784237,0.000017462889739696094],[0.000020652530832866533,-0.000014666283389584309,0.00010045385788253325],[0.00009231217587106303,0.00012001492065742669,-0.00011791674762222934]]
[[-0.00011181255079441272,-0.00010427594020459814,0.000017285607405996575],[0.000020447915815679974,-0.000014518877778510783,0.00009943164289074349],[0.00009136463497873274,0.00011879481798310893,-0.00011671725029674007]]
[[-0.0001106779458519746,-0.0001032195568379999,0.00001711101308453744],[0.00002024632876755909,-0.000014373695725208204,0.00009842500195128246],[0.0000904316170844155,0.00011759325256320811,-0.00011553601503581989]]
[[-0.0001095605369970114,-0.00010217915784354192,0.000016939052676623075],[0.000020047710224031807,-0.0000142306925473298,0.00009743361955060697],[0.00008951282677297958,0.00011640985039087172,-0.00011437267222723005]]
[[-0.00010845997827843939,-0.00010115442216891025,0.00001676967343832164],[0.000019852002173041937,-0.00001408982468291275,0.00009645718813937196],[0.00008860797610539745,0.000115244246851823,-0.0001132268615776936]]
[[-0.00010737593240538121,-0.00010014503678579031,0.000016602823939941236],[0.000019659148012602404,-0.000013951049656745588,0.0000954954078920486],[0.00008771678439277881,0.0001140960864425359,-0.00011209823183198983]]
[[-0.00010630807048821588,-0.0000991506964503222,0.000016438454026913773],[0.00001946909250988105,-0.000013814326047910544,0.00009454798647497534],[0.00008683897797833483,0.00011296502249823274,-0.00011098644050188911]]
[[-0.00010525607178861975,-0.00009817110347185997,0.000016276514782030725],[0.00001928178176166394,-0.000013679613458453341,0.00009361463882250431],[0.00008597429002695581,0.0001118507169303133,-0.00010989115360453504]]
[[-0.00010421962347824393,-0.00009720596748970818,0.00001611695848897772],[0.00001909716315614358,-0.000013546872483136652,0.00009269508692092263],[0.00008512246032210035,0.00011075283997284483,-0.00010881204540990034]]
[[-0.00010319842040568884,-0.00009625500525752267,0.000015959738597117204],[0.0000189151853359814,-0.000013416064680233678,0.00009178905959983964],[0.00008428323506970744,0.00010967106993775634,-0.00010774879819695685]]
[[-0.00010219216487145079,-0.0000953179404350757,0.00001580480968747047],[0.000018735798162596366,-0.000013287152543321867,0.00009089629233074824],[0.00008345636670885443,0.00010860509297839756,-0.00010670110201821871]]
[[-0.00010120056641053063,-0.00009439450338709964,0.000015652127439852604],[0.000018558952681633334,-0.000013160099474037151,0.00009001652703247776],[0.00008264161372889729,0.00010755460286113679,-0.00010566865447233035]]
[[-0.00010022334158240821,-0.00009348443098893576,0.000015501648601116063],[0.000018384601089567015,-0.00001303486975575181,0.00008914951188327113],[0.0000818387404928412,0.00010651930074468756,-0.0001046511604843872]]
[[-0.00009926021376809759,-0.0000925874664387255,0.000015353330954460018],[0.00001821269670139888,-0.000012911428528140042,0.00008829500113922905],[0.00008104751706669871,0.00010549889496686553,-0.00010364833209368908]]
[[-0.00009831091297401239,-0.00009170335907589414,0.000015207133289765081],[0.00001804319391940649,-0.000012789741762597345,0.00008745275495887537],[0.00008026771905460589,0.00010449310083849149,-0.00010265988824864045]]
[[-0.0000973751756423812,-0.00009083186420568733,0.000015063015374914318],[0.000017876048202906296,-0.000012669776238480832,0.00008662253923360941],[0.0000794991274394749,0.00010350164044416815,-0.00010168555460852372]]
[[-0.0000964527444679634,-0.0000899727429295296,0.000014920937928063117],[0.00001771121603899242,-0.000012551499520139323,0.00008580412542381941],[0.00007874152842897097,0.00010252424244966893,-0.00010072506335188252]]
[[-0.00009554336822082817,-0.0000891257619809868,0.000014780862590822454],[0.00001754865491421571,-0.00001243487993470357,0.0000849972904004429],[0.00007799471330661247,0.00010156064191569036,-0.00009977815299126535]]
[[-0.00009464680157496781,-0.00008829069356712025,0.0000146427519023211],[0.000017388323287168673,-0.00001231988655060724,0.00008420181629176656],[0.00007725847828779913,0.0001006105801177275,-0.00009884456819408765]]
[[-0.00009376280494252694,-0.00008746731521503191,0.000014506569274114044],[0.000017230180561943357,-0.00001220648915681218,0.00008341749033526991],[0.00007653262438058359,0.0000996738043718441,-0.00009792405960938395]]
[[-0.0000928911443134387,-0.00008665540962340712,0.000014372278965905876],[0.000017074187062430568,-0.000012094658242710875,0.00008264410473432228],[0.00007581695725100812,0.000098750067866118,-0.00009701638370022816]]
[[-0.00009203159110026625,-0.00008585476451886934,0.000014239846062058693],[0.000016920304007430094,-0.000011984364978681342,0.0000818814565195527],[0.00007511128709283616,0.00009783912949755067,-0.00009612130258161139]]
[[-0.00009118392198805861,-0.00008506517251696988,0.000014109236448856044],[0.00001676849348654287,-0.000011875581197270297,0.00008112934741471954],[0.00007441542850151574,0.00009694075371424018,-0.00009523858386357558]]
[[-0.00009034791878903526,-0.00008428643098764233,0.000013980416792494962],[0.00001661871843681707,-0.000011768279374981262,0.00008038758370691268],[0.00007372920035221819,0.0000960547103626236,-0.00009436800049940765]]
[[-0.00008952336830192352,-0.00008351834192495816,0.000013853354517779626],[0.000016470942620121484,-0.000011662432614645643,0.00007965597612092959],[0.00007305242568180204,0.00009518077453960381,-0.00009350933063870923]]
[[-0.000088710062175779,-0.00008276071182102758,0.000013728017787491272],[0.00001632513060122017,-0.000011558014628355498,0.00007893433969767242],[0.00007238493157455882,0.00009431872644938307,-0.00009266235748516369]]
[[-0.00008790779677812629,-0.00008201335154389495,0.000013604375482409824],[0.000016181247726523925,-0.000011454999720937438,0.00007822249367641885],[0.00007172654905160236,0.00009346835126483239,-0.00009182686915882867]]
[[-0.00008711637306726439,-0.00008127607621928547,0.000013482397181963877],[0.000016039260103494614,-0.000011353362773948271,0.00007752026138082725],[0.00007107711296376978,0.00009262943899323373,-0.00009100265856279113]]
[[-0.00008633559646858669,-0.00008054870511606393,0.000013362053145486535],[0.00001589913458067969,-0.000011253079230173609,0.00007682747010854037],[0.00007043646188790699,0.00009180178434623753,-0.0000901895232540269]]
[[-0.00008556527675477202,-0.00007983106153527369,0.000013243314294055444],[0.00001576083872835487,-0.000011154125078611304,0.00007614395102425852],[0.00006980443802641715,0.000090985186613885,-0.00008938726531831397]]
[[-0.00008480522792970949,-0.00007912297270262868,0.000013126152192896477],[0.00001562434081975396,-0.000011056476839922506,0.00007546953905615828],[0.00006918088710995553,0.00009017944954255119,-0.00008859569124905476]]
[[-0.00008405526811602337,-0.00007842426966433498,0.000013010539034330928],[0.00001548960981286555,-0.00001096011155233376,0.00007480407279553686],[0.00006856565830315781,0.00008938438121666874,-0.00008781461182986779]]
[[-0.00008331521944607222,-0.0000777347871861259,0.000012896447621247265],[0.000015356615332777065,-0.000010865006757974162,0.00007414739439956863],[0.00006795860411329516,0.00008859979394410006,-0.00008704384202081589]]
[[-0.0000825849079562997,-0.00007705436365539717,0.000012783851351079064],[0.000015225327654547622,-0.00001077114048963241,0.00007349934949706335],[0.00006735958030175208,0.00008782550414502958,-0.00008628320084814241]]
[[-0.00008186416348481926,-0.00007638284098633381,0.00001267272420027143],[0.000015095717686591388,-0.000010678491257918705,0.00007285978709712022],[0.00006676844579822788,0.00008706133224425252,-0.00008553251129739164]]
[[-0.00008115281957212094,-0.00007572006452792485,0.00001256304070921896],[0.000014967756954554417,-0.000010587038038817796,0.00007222855950057738],[0.00006618506261756653,0.00008630710256674264,-0.00008479160020979634]]
[[-0.00008045071336479117,-0.00007506588297476554,0.000012454775967658987],[0.000014841417585668148,-0.00001049676026161938,0.00007160552221415868],[0.00006560929577912301,0.00008556264323638492,-0.00008406029818181768]]
[[-0.00007975768552214194,-0.0000744201482805515,0.000012347905600504443],[0.000014716672293563494,-0.000010407637797212732,0.00007099053386722412],[0.00006504101322857845,0.00008482778607776423,-0.00008333843946772856]]
[[-0.00007907358012564935,-0.00007378271557417143,0.000012242405754101256],[0.000014593494363530268,-0.000010319650946733296,0.00007038345613103464],[0.00006448008576211908,0.00008410236652090472,-0.0000826258618851359]]
[[-0.00007839824459110477,-0.00007315344307831046,0.000012138253082895787],[0.000014471857638206898,-0.000010232780430548954,0.00006978415364044419],[0.00006392638695289786,0.00008338622350885941,-0.00008192240672333998]]
[[-0.00007773152958338675,-0.00007253219203047787,0.00001203542473649842],[0.000014351736503686272,-0.000010147007377574342,0.00006919249391793585],[0.00006337979307970048,0.00008267919940805222,-0.00008122791865443426]]
[[-0.0000770732889337644,-0.00007191882660637761,0.000011933898347129884],[0.000014233105876023896,-0.000010062313314902466,0.00006860834729992306],[0.0000628401830577405,0.00008198113992128007,-0.00008054224564705295]]
[[-0.00007642337955964662,-0.00007131321384554206,0.000011833652017437464],[0.000014115941188135093,-9.978680157742319e-6,0.0000680315868652376],[0.00006230743837151152,0.00008129189400328438,-0.00007986523888267506]]
[[-0.00007578166138669487,-0.00007071522357915307,0.000011734664308668546],[0.000014000218377068549,-9.896090199652678e-6,0.0000674620883657317],[0.00006178144300962632,0.00008061131377880575,-0.00007919675267440024]]
[[-0.00007514799727322046,-0.00007012472835997712,0.000011636914229189821],[0.000013885913871643836,-9.814526103061868e-6,0.00006689973015892221],[0.00006126208340157662,0.00007993925446303899,-0.00007853664438811204]]
[[-0.00007452225293678954,-0.00006954160339434414,0.000011540381223340359],[0.000013773004580441085,-9.733970890064013e-6,0.00006634439314260883],[0.00006074924835634845,0.00007927557428440814,-0.00007788477436594919]]
[[-0.00007390429688296315,-0.00006896572647610195,0.00001144504516060776],[0.000013661467880131423,-9.654407933482696e-6,0.00006579596069140035],[0.00006024282900283173,0.00007862013440958465,-0.00007724100585200812]]
[[-0.00007329400033610088,-0.00006839697792248104,0.000011350886325116482],[0.000013551281604137178,-9.575820948193013e-6,0.0000652543185950856],[0.00005974271873196369,0.00007797279887067406,-0.00007660520492020208]]
[[-0.00007269123717216068,-0.00006783524051180707,0.000011257885405418332],[0.000013442424031611155,-9.498193982693523e-6,0.0000647193549987877],[0.00005924881314054952,0.0000773334344945006,-0.00007597724040420603]]
[[-0.0000720958838534289,-0.00006728039942300004,0.000011166023484575071],[0.00001333487387672491,-9.421511410920036e-6,0.00006419096034484327],[0.000058761009976703995,0.00007670191083392007,-0.00007535698382941835]]
[[-0.00007150781936511771,-0.00006673234217680212,0.000011075282030523618],[0.000013228610278256074,-9.345757924293164e-6,0.00006366902731634977],[0.00005827920908686164,0.00007607810010109529,-0.0000747443093468734]]
[[-0.00007092692515376874,-0.00006619095857867778,0.000010985642886714801],[0.000013123612789465214,-9.270918523992095e-6,0.00006315345078232619],[0.000057803312364303526,0.00007546187710266987,-0.00007413909366904099]]
[[-0.00007035308506740484,-0.00006565614066333211,0.000010897088263016717],[0.000013019861368253124,-9.196978513447234e-6,0.00006264412774443499],[0.00005733322369915172,0.00007485311917677934,-0.00007354121600745172]]
[[-0.00006978618529737298,-0.00006512778264079489,0.000010809600726874197],[0.000012917336367589693,-9.123923491044704e-6,0.00006214095728521438],[0.000056868848929783294,0.00007425170613183961,-0.00007295055801208859]]
[[-0.00006922611432182412,-0.0000646057808440206,0.000010723163194716183],[0.000012816018526205776,-9.051739343035775e-6,0.00006164384051777217],[0.00005641009579561834,0.00007365752018705638,-0.00007236700371248836]]
[[-0.00006867276285077773,-0.0000640900336779552,0.00001063775892360313],[0.000012715888959539909,-8.980412236644764e-6,0.00006115268053689442],[0.000055956873891237814,0.00007307044591459997,-0.00007179043946049754]]
[[-0.00006812602377272004,-0.00006358044157002345,0.000010553371503106749],[0.000012616929150931868,-8.909928613369031e-6,0.00006066738237152304],[0.000055509094621788174,0.00007249037018339249,-0.0000712207538746298]]
[[-0.00006758579210268757,-0.00006307690692199145,0.000010469984847414711],[0.000012519120943055492,-8.840275182464994e-6,0.00006018785293855954],[0.00005506667115963208,0.00007191718210445644,-0.00007065783778597425]]
[[-0.00006705196493178877,-0.00006257933406316091,0.000010387583187653367],[0.000012422446529583227,-8.771438914614141e-6,0.000059714000997951584],[0.00005462951840220555,0.00007135077297777505,-0.00007010158418560495]]
[[-0.00006652444137811827,-0.00006208762920485314,0.000010306151064421371],[0.000012326888447075475,-8.703407035763603e-6,0.00005924573710902296],[0.0000541975529310428,0.00007079103624061674,-0.00006955188817344434]]
[[-0.0000660031225390204,-0.00006160170039614257,0.000010225673320527905],[0.000012232429567087587,-8.63616702113561e-6,0.000058782973588006866],[0.00005377069297193282,0.00007023786741727818,-0.00006900864690853477]]
[[-0.00006548791144465924,-0.00006112145748080027,0.000010146135093928849],[0.000012139053088488109,-8.569706589400646e-6,0.000058325624466745276],[0.00005334885835617113,0.00006969116407020091,-0.00006847175956067413]]
[[-0.00006497871301285496,-0.00006064681205541043,0.000010067521810854988],[0.000012046742529981657,-8.504013697009161e-6,0.00005787360545251757],[0.00005293197048287331,0.0000691508257524196,-0.00006794112726337256]]
[[-0.00006447543400514674,-0.000060177677428622675,9.989819179126095e-6],[0.000011955481722830293,-8.439076532676907e-6,0.00005742683388896342],[0.000052519952282316455,0.00006861675396129958,-0.00006741665306808951]]
[[-0.00006397798298404463,-0.000059713968581505896,9.91301318164537e-6],[0.00001186525480376741,-8.374883512019214e-6,0.0000569852287180659],[0.00005211272818027722,0.00006808885209352511,-0.00006689824189971128]]
[[-0.00006348627027143348,-0.00005925560212896917,9.837090070068541e-6],[0.0000117760462080983,-8.311423272329577e-6,0.00005654871044316211],[0.00005171022406333518,0.00006756702540129875,-0.00006638580051323065]]
[[-0.00006300020790809372,-0.000058802496282217074,9.762036358642304e-6],[0.000011687840662981862,-8.24868466749811e-6,0.00005611720109294965],[0.000051312367245111856,0.00006705118094971519,-0.00006587923745159196]]
[[-0.0000625197096143049,-0.000058354570812208295,9.687838818207087e-6],[0.000011600623180887916,-8.186656763065643e-6,0.00005569062418645819],[0.00005091908643341698,0.00006654122757527395,-0.00006537846300466527]]
[[-0.0000620446907514988,-0.00005791174701408637,9.614484470358978e-6],[0.000011514379053225064,-8.125328831409331e-6,0.000055268904698957195],[0.00005053031169827374,0.0000660370758454957,-0.00006488338916931617]]
[[-0.00006157506828493048,-0.00005747394767255355,9.541960581766028e-6],[0.000011429093844133909,-8.064690347055677e-6,0.000054851969028770515],[0.000050145974440796575,0.00006553863801960923,-0.00006439392961053654]]
[[-0.00006111076074733634,-0.00005704109702815916,9.47025465863444e-6],[0.000011344753384440789,-8.004730982117306e-6,0.0000544397449649711],[0.00004976600736289556,0.00006504582801027646,-0.00006390999962360553]]
[[-0.00006065168820354965,-0.00005661312074447487,9.399354441319906e-6],[0.000011261343765767322,-7.945440601849648e-6,0.00005403216165592872],[0.000049390344437782325,0.00006455856134632451,-0.00006343151609724863]]
[[-0.000060197772216044445,-0.00005618994587613042,9.329247899079948e-6],[0.000011178851334791133,-7.88680926032393e-6,0.00005362914957868538],[0.000049018920881253316,0.00006407675513645434,-0.00006295839747776533]]
[[-0.00005974893581138084,-0.000055771500837684305,9.259923224963003e-6],[0.000011097262687653443,-7.828827196213052e-6,0.00005323064050913327],[0.0000486516731237274,0.00006360032803389736,-0.00006249056373409628]]
[[-0.000059305103447523716,-0.00005535771537330384,9.191368830830092e-6],[0.00001101656466450911,-7.771484828687e-6,0.00005283656749297161],[0.000048288538783014605,0.00006312920020199083,-0.0000620279363238017]]
[[-0.0000588662009820101,-0.00005494852052723173,9.123573342505351e-6],[0.00001093674434421512,-7.71477275341446e-6,0.00005244686481741897],[0.00004792945663779498,0.00006266329328064618,-0.00006157043815992433]]
[[-0.000058432155640939256,-0.0000545438486150149,9.056525595051446e-6],[0.000010857789039153437,-7.65868173866765e-6,0.00005206146798365888],[0.00004757436660178582,0.00006220253035368255,-0.00006111799357871032]]
[[-0.00005800289598876188,-0.00005414363319547392,8.990214628166307e-6],[0.000010779686290184382,-7.603202721527148e-6,0.0000516803136799968],[0.0000472232096985775,0.00006174683591700107,-0.000060670528308163107]]
[[-0.000057578351898844343,-0.00005374780904339076,8.924629681697619e-6],[0.000010702423861726774,-7.548326804183958e-6,0.000051303339755707814],[0.00004687592803711757,0.00006129613584757472,-0.00006022796943740543]]
[[-0.000057158454524786,-0.00005335631212289432,8.859760191271607e-6],[0.000010625989736961219,-7.494045250335832e-6,0.00005093048519555447],[0.00004653246478782477,0.000060850357373230145,-0.000059790245386826075]]
[[-0.000056743136272467115,-0.000052969079561523216,8.79559578403285e-6],[0.000010550372113153051,-7.44034948167525e-6,0.000050561690094955626],[0.00004619276415931406,0.00006040942904319847,-0.00005935728587898847]]
[[-0.00005633233077280634,-0.000052586049624946175,8.732126274491813e-6],[0.000010475559397091498,-7.387231074466289e-6,0.00005019689563578694],[0.00004585677137571484,0.00005997328069941247,-0.00005892902191027876]]
[[-0.00005592597285520742,-0.00005220716169232128,8.669341660477177e-6],[0.000010401540200641795,-7.334681756207795e-6,0.000049836044062794824],[0.00004552443265456562,0.00005954184344852907,-0.000058505385723272]]
[[-0.000055523998521674995,-0.000051832356232275274,8.607232119189715e-6],[0.000010328303336407052,-7.282693402380564e-6,0.00004947907866060632],[0.00004519569518526794,0.000059115049634655834,-0.000058086310779796035]]
[[-0.000055126344921580576,-0.000051461574779485726,8.545788003355053e-6],[0.000010255837813496842,-7.2312580332758314e-6,0.000049125943731317406],[0.00004487050710808373,0.00005869283281276156,-0.00005767173173467246]]
[[-0.00005473295032705962,-0.00005109475991184808,8.484999837472263e-6],[0.000010184132833399441,-7.180367810903059e-6,0.00004877658457264353],[0.000044548817493660176,0.000058275127722751145,-0.00005726158441011579]]
[[-0.000054343754109022357,-0.00005073185522821167,8.424858314155806e-6],[0.000010113177785954879,-7.130015035974483e-6,0.00004843094745661587],[0.00004423057632306747,0.00005786187026418615,-0.000056855805770771677]]
[[-0.00005395869671376065,-0.000050372805326668204,8.365354290567968e-6],[0.000010042962245426009,-7.080192144964477e-6,0.00004808897960880826],[0.000043915734468334644,0.00005745299747163268,-0.00005645433389937623]]
[[-0.000053577719640133555,-0.000050017555783376955,8.30647878493935e-6],[9.973475966664811e-6,-7.0308917072414116e-6,0.00004775062918807921],[0.00004360424367346874,0.000057048447490618366,-0.00005605710797301856]]
[[-0.00005320076541731618,-0.000049666053131911924,8.24822297317495e-6],[9.904708881371386e-6,-6.982106422270196e-6,0.00004741584526681494],[0.00004329605653594479,0.00005664815955418212,-0.00005566406823998989]]
[[-0.000052827777583095326,-0.00004931824484311608,8.190578185543386e-6],[9.836651094443048e-6,-6.933829116883253e-6,0.00004708457781165896],[0.00004299112648865228,0.000056252073959999335,-0.00005527515599720234]]
[[-0.00005245870066269671,-0.00004897407930544838,8.133535903446897e-6],[9.769292880411003e-6,-6.886052742618286e-6,0.00004675677766471469],[0.000042689407782285705,0.000055860132048066665,-0.00005489031356816159]]
[[-0.00005209348014812921,-0.000048633505805810274,8.077087756270066e-6],[9.70262467996233e-6,-6.838770373120735e-6,0.00004643239652520793],[0.00004239085546816688,0.00005547227617893101,-0.00005450948428147799]]
[[-0.000051732062478031475,-0.000048296474510837815,8.021225518304826e-6],[9.636637096544795e-6,-6.79197520160933e-6,0.00004611138693159617],[0.00004209542538148668,0.000055088449712447144,-0.000054132612449901005]]
[[-0.000051374395018007094,-0.00004796293644864703,7.965941105749848e-6],[9.57132089305239e-6,-6.745660538402828e-6,0.00004579370224411255],[0.0000418030741249547,0.00005470859698704986,-0.0000537596433498624]]
[[-0.00005102042604143487,-0.000047632843491019585,7.91122657378216e-6],[9.50666698858932e-6,-6.699819808506385e-6,0.00004547929662773232],[0.00004151375905284555,0.000054332663299525976,-0.000053390523201514484]]
[[-0.00005067010471074098,-0.00004730614833601691,7.857074113699039e-6],[9.442666455310354e-6,-6.654446549255803e-6,0.000045168125035550095],[0.00004122743825543063,0.00005396059488527271,-0.000053025199149249136]]
[[-0.00005032338105912053,-0.00004698280449101101,7.803476050128254e-6],[9.379310515335493e-6,-6.609534408018174e-6,0.00004486014319255674],[0.00004094407054378504,0.000053592338899029185,-0.00005266361924268499]]
[[-0.00004998020597269605,-0.000046662766256120534,7.750424838304807e-6],[9.316590537736957e-6,-6.5650771399473236e-6,0.00004455530757980487],[0.0000406636154349591,0.00005322784339606785,-0.000052305732418109677]]
[[-0.00004964053117310129,-0.00004634598870804111,7.697913061412383e-6],[9.254498035596538e-6,-6.521068605792549e-6,0.000044253575418952305],[0.00004038603313750475,0.00005286705731383366,-0.00005195148848036469]]
[[-0.00004930430920047837,-0.0000460324276842592,7.64593342798768e-6],[9.193024663131512e-6,-6.477502769759274e-6,0.00004395490465717332],[0.000040111284537346866,0.000052509930454018475,-0.000051600838085161]]
[[-0.00004897149339687758,-0.00004572203976763927,7.594478769386043e-6],[9.132162212887215e-6,-6.434373697420164e-6,0.00004365925395242756],[0.00003983933118399037,0.00005215641346505944,-0.0000512537327218136]]
[[-0.00004864203789004842,-0.00004541478227137388,7.543542037306614e-6],[9.071902612994563e-6,-6.391675553675328e-6,0.000043366582659077105],[0.00003957013527705386,0.00005180645782504921,-0.00005091012469638372]]
[[-0.00004831589757761202,-0.00004511061322428752,7.493116301375574e-6],[9.012237924490806e-6,-6.349402600760365e-6,0.00004307685081384215],[0.000039303659653121216,0.00005146001582504788,-0.000050569967115217726]]
[[-0.0000479930281116041,-0.00004480949135648395,7.443194746785741e-6],[8.953160338701833e-6,-6.307549196300943e-6,0.00004279001912208652],[0.00003903986777290227,0.00005111704055278489,-0.000050233213868872256]]
[[-0.00004767338588337906,-0.00004451137608532879,7.393770671991175e-6],[8.894662174684451e-6,-6.266109791412583e-6,0.00004250604894442361],[0.00003877872370869461,0.000050777485876741366,-0.00004989981961641479]]
