[[1.212505439550306,-0.30385940988125887,0.0],[0.0,0.0,0.0],[-1.212505439550306,0.30385940988125887,0.0]]
[[1.379415288405537,-0.5734327989272634,0.0],[-0.3133032914212741,0.4289485139329421,0.0],[-1.066111996984263,0.14448428499432134,0.0]]
[[1.47824586522837,-0.9769398218523272,0.0],[-0.5424518509509698,0.9222717170912387,0.0],[-0.9357940142774002,0.05466810476108854,0.0]]
[[1.4036440163893118,-1.4915935272552499,0.0],[-0.5669247719234487,1.4796760608257722,0.0],[-0.8367192444658631,0.011917466429477629,0.0]]
[[1.055242729831812,-1.987432440588309,0.0],[-0.2793959411605966,1.989530845187706,0.0],[-0.7758467886712156,-0.002098404599397155,0.0]]
[[0.4628667156761841,-2.2366477812318006,0.0],[0.2939927618010499,2.238429759557119,0.0],[-0.7568594774772339,-0.0017819783253180954,0.0]]
[[-0.14203568114580623,-2.0871387451814725,0.0],[0.9247681468797778,2.0866633520431157,0.0],[-0.7827324657339716,0.0004753931383567611,0.0]]
[[-0.49423990283977925,-1.6244017033634894,0.0],[1.351192038623926,1.6328710530286594,0.0],[-0.8569521357841468,-0.00846934966516985,0.0]]
[[-0.5087202141249136,-1.060704270460402,0.0],[1.4926206285286658,1.1071092162048033,0.0],[-0.9839004144037522,-0.04640494574440123,0.0]]
[[-0.26289259751582417,-0.5292747663068764,0.0],[1.4298949405512826,0.6708450156379193,0.0],[-1.1670023430354584,-0.14157024933104295,0.0]]
[[0.12580090830380408,-0.029647637529766124,0.0],[1.2746047813316561,0.37008373734751876,0.0],[-1.4004056896354602,-0.3404360998177527,0.0]]
[[0.5422263554675868,0.5246711950171852,0.0],[1.1031662520035126,0.187786900152165,0.0],[-1.6453926074710994,-0.7124580951693501,0.0]]
[[0.8266480172826736,1.2356622501552155,0.0],[0.9548867229353468,0.09073168170363763,0.0],[-1.7815347402180204,-1.3263939318588531,0.0]]
[[0.7205740554578794,2.0843779532249993,0.0],[0.8473491349109912,0.04880408775602189,0.0],[-1.5679231903688706,-2.1331820409810214,0.0]]
[[0.019034357181650807,2.728786995127459,0.0],[0.7884316393286309,0.038417516698707604,0.0],[-0.8074659965102817,-2.767204511826167,0.0]]
[[-0.9939916250189299,2.6770638682377106,0.0],[0.7814419968282729,0.04036879894330819,0.0],[0.21254962819065698,-2.7174326671810185,0.0]]
[[-1.6768378622312547,1.9859506316190965,0.0],[0.8256985874570625,0.03736700442769056,0.0],[0.8511392747741924,-2.023317636046787,0.0]]
[[-1.819194609464458,1.1871057600556123,0.0],[0.9173071824452005,0.012333066973919102,0.0],[0.9018874270192574,-1.1994388270295315,0.0]]
[[-1.6468774144525242,0.6022603563500907,0.0],[1.0500982763466673,-0.05407533596484875,0.0],[0.5967791381058568,-0.5481850203852419,0.0]]
[[-1.3878628697504265,0.25420904344266687,0.0],[1.2128371416839574,-0.1861317554468034,0.0],[0.1750257280664691,-0.06807728799586346,0.0]]
[[-1.148329932231145,0.06985185581165657,0.0],[1.3812951105470193,-0.41296899330312914,0.0],[-0.23296517831587404,0.3431171374914726,0.0]]
[[-0.959626257637228,-0.017907322088543905,0.0],[1.5060108312365137,-0.7603076396409096,0.0],[-0.5463845735992856,0.7782149617294535,0.0]]
[[-0.824190244428697,-0.05278013234280045,0.0],[1.503122408294745,-1.2247276408391978,0.0],[-0.6789321638660479,1.2775077731819984,0.0]]
[[-0.7366122465173373,-0.060878269330970826,0.0],[1.2735551241610352,-1.7281997015415804,0.0],[-0.536942877643698,1.7890779708725513,0.0]]
[[-0.6909199457135776,-0.05809539839581849,0.0],[0.7834548634077846,-2.094448029990615,0.0],[-0.09253491769420696,2.1525434283864335,0.0]]
[[-0.6821247615876728,-0.055265098631600645,0.0],[0.16087414045530596,-2.136531007132947,0.0],[0.5212506211323669,2.1917961057645474,0.0]]
[[-0.7055993513288777,-0.06126878647907821,0.0],[-0.3520960817359862,-1.8264166171418859,0.0],[1.057695433064864,1.887685403620964,0.0]]
[[-0.7559125989836462,-0.08463332098909863,0.0],[-0.5949304433414774,-1.3196117051256648,0.0],[1.3508430423251236,1.4042450261147634,0.0]]
[[-0.8257035817020808,-0.13397712816041873,0.0],[-0.5794102090872055,-0.7957696350015611,0.0],[1.4051137907892863,0.9297467631619798,0.0]]
[[-0.9046187927622475,-0.217399853117962,0.0],[-0.4089702109968708,-0.3434978120359835,0.0],[1.3135890037591185,0.5608976651539456,0.0]]
[[-0.9785458260811347,-0.34079874178740316,0.0],[-0.18606959393178069,0.030032401340509635,0.0],[1.1646154200129153,0.3107663404468935,0.0]]
[[-1.0297734083052106,-0.5052871203420753,0.0],[0.01823474427200711,0.3493552896503255,0.0],[1.0115386640332034,0.15593183069174987,0.0]]
[[-1.0387901280109653,-0.7042916460899198,0.0],[0.15997183787839875,0.6371445281178698,0.0],[0.8788182901325666,0.06714711797204996,0.0]]
[[-0.9881402303411149,-0.9214100669845973,0.0],[0.21360332620964229,0.9008229703926638,0.0],[0.7745369041314726,0.020587096591933453,0.0]]
[[-0.8680056523378052,-1.1305260949814007,0.0],[0.16866828968735775,1.1309804251990814,0.0],[0.6993373626504474,-0.00045433021768073734,0.0]]
[[-0.6819663501999194,-1.2995362226300233,0.0],[0.030621935656092003,1.3065059798923682,0.0],[0.6513444145438273,-0.006969757262344736,0.0]]
[[-0.4502224806529957,-1.397778093388718,0.0],[-0.1783407161704022,1.4039363311700868,0.0],[0.6285631968233979,-0.006158237781368689,0.0]]
[[-0.2076137522427052,-1.404938624456796,0.0],[-0.42234483883239915,1.4080771757448263,0.0],[0.6299585910751044,-0.00313855128803002,0.0]]
[[0.004072965899288461,-1.3172876266779747,0.0],[-0.6599645722117569,1.3197122251167925,0.0],[0.6558916063124685,-0.0024245984388178987,0.0]]
[[0.14669756718592375,-1.1475365036984586,0.0],[-0.8548965588749564,1.1568930825072719,0.0],[0.7081989916890327,-0.009356578808813298,0.0]]
[[0.19465809960756641,-0.9177708276773694,0.0],[-0.9845593240418288,0.9495265591292386,0.0],[0.7899012244342624,-0.031755731451869114,0.0]]
[[0.13904237762214233,-0.6484087769666441,0.0],[-1.0432194427457089,0.730483544968445,0.0],[0.9041770651235665,-0.08207476800180097,0.0]]
[[-0.012144081446244792,-0.34740411541992716,0.0],[-1.039527293706892,0.5275455165233452,0.0],[1.0516713751531368,-0.1801414011034181,0.0]]
[[-0.23331677343815638,-0.0031517977749455084,0.0],[-0.9909175763641241,0.35890321790901347,0.0],[1.2242343498022805,-0.355751420134068,0.0]]
[[-0.4744204602101898,0.4150069583489864,0.0],[-0.917778125598665,0.23249802599838004,0.0],[1.3921985858088548,-0.6475049843473665,0.0]]
[[-0.6453901251827375,0.9392332406057835,0.0],[-0.8392371212270622,0.1479494966864901,0.0],[1.4846272464097996,-1.0871827372922735,0.0]]
[[-0.6078940645793457,1.5515198078945223,0.0],[-0.7710999171822552,0.09947149362989009,0.0],[1.378993981761601,-1.6509913015244124,0.0]]
[[-0.2313739299009167,2.1055389631056673,0.0],[-0.7255409751709903,0.07853040792804365,0.0],[0.956914905071907,-2.184069371033711,0.0]]
[[0.44614404758015247,2.3387903362878104,0.0],[-0.7117176412693013,0.07554411393839663,0.0],[0.2655735936891488,-2.414334450226207,0.0]]
[[1.1388499366824674,2.1045293550578954,0.0],[-0.7366561918454,0.08042079139619152,0.0],[-0.40219374483706727,-2.184950146454087,0.0]]
[[1.5547023529727693,1.5586926497472953,0.0],[-0.8065326741228263,0.08186559176720838,0.0],[-0.748169678849943,-1.6405582415145037,0.0]]
[[1.6445093908916872,0.979615192549101,0.0],[-0.928406395896744,0.06490923471824067,0.0],[-0.7161029949949433,-1.0445244272673417,0.0]]
[[1.5292981835511117,0.5294194172273473,0.0],[-1.110842319151949,0.005667519827290683,0.0],[-0.4184558643991627,-0.5350869370546381,0.0]]
[[1.3366845086136268,0.23528310984419906,0.0],[-1.3598073358133933,-0.13776810068934361,0.0],[0.02312282719976655,-0.09751500915485543,0.0]]
[[1.14253998567106,0.06566450280917668,0.0],[-1.661344986438748,-0.43766741242901375,0.0],[0.518805000767688,0.37200290961983706,0.0]]
[[0.9812644905613426,-0.019406196457869736,0.0],[-1.9322674649655776,-0.9970052070615162,0.0],[0.951002974404235,1.0164114035193859,0.0]]
[[0.8664657508945941,-0.05228768862655578,0.0],[-1.9325363303300842,-1.8670258461794564,0.0],[1.06607057943549,1.9193135348060122,0.0]]
[[0.8042765853944694,-0.05727921184476368,0.0],[-1.3066943616422773,-2.770670733388349,0.0],[0.5024177762478078,2.827949945233113,0.0]]
[[0.7981232913058636,-0.054708438594706726,0.0],[-0.13772468341140126,-3.0000468821461346,0.0],[-0.6603986078944624,3.054755320740841,0.0]]
[[0.8469853457231697,-0.06422115776329024,0.0],[0.7597217379110446,-2.3159742045338576,0.0],[-1.6067070836342143,2.380195362297148,0.0]]
[[0.943819519561647,-0.10557569565620861,0.0],[0.9315081767946101,-1.3416045672219588,0.0],[-1.875327696356257,1.4471802628781674,0.0]]
[[1.0764664330143834,-0.1999018099084628,0.0],[0.6390510510558445,-0.5526378890532966,0.0],[-1.7155174840702279,0.7525396989617594,0.0]]
[[1.2247998606068577,-0.37096014520242826,0.0],[0.21315150633971192,0.022499460778326763,0.0],[-1.4379513669465696,0.3484606844241015,0.0]]
[[1.352646093869803,-0.6415051187614713,0.0],[-0.1700074462698683,0.5013515484600635,0.0],[-1.1826386475999346,0.14015357030140782,0.0]]
[[1.3993031002725338,-1.018698625330873,0.0],[-0.4125680680362058,0.9759433554078396,0.0],[-0.986735032236328,0.042755269923033315,0.0]]
[[1.2842672045034613,-1.46442119113678,0.0],[-0.433086401076312,1.4604934617411454,0.0],[-0.8511808034271493,0.003927729395634738,0.0]]
[[0.9489404877338594,-1.8655053653861993,0.0],[-0.18036579645015532,1.8714682239611622,0.0],[-0.7685746912837041,-0.005962858574962884,0.0]]
[[0.434356857144226,-2.057832902707885,0.0],[0.2974757986074139,2.0620177242265094,0.0],[-0.7318326557516399,-0.004184821518624385,0.0]]
[[-0.09039769564413253,-1.9391077224589819,0.0],[0.8262578984137328,1.941454361766003,0.0],[-0.7358602027696002,-0.002346639307021031,0.0]]
[[-0.4349542686277755,-1.5631113813013433,0.0],[1.2119066201663844,1.5735846224193417,0.0],[-0.776952351538609,-0.010473241117998446,0.0]]
[[-0.5232330285552702,-1.0811753090674288,0.0],[1.3746578806836236,1.1206939376200757,0.0],[-0.8514248521283534,-0.0395186285526469,0.0]]
[[-0.40190097188902363,-0.6140414351479501,0.0],[1.3554754239994389,0.716807264179278,0.0],[-0.9535744521104151,-0.10276582903132794,0.0]]
[[-0.16426285135594432,-0.2008799767591916,0.0],[1.2368948481464472,0.4167519012439094,0.0],[-1.072631996790503,-0.2158719244847178,0.0]]
[[0.10265237327647214,0.17542624101788457,0.0],[1.0861091915605123,0.21914048626921995,0.0],[-1.1887615648369843,-0.3945667272871045,0.0]]
[[0.32730734827541397,0.5474545387619113,0.0],[0.9420850407655712,0.10089798246295961,0.0],[-1.269392389040985,-0.648352521224871,0.0]]
[[0.4470826558208496,0.9319950716229297,0.0],[0.8225852817859779,0.03698099248571889,0.0],[-1.2696679376068274,-0.9689760641086486,0.0]]
[[0.41018122416076974,1.3092057876656773,0.0],[0.733512046211647,0.007271203239960514,0.0],[-1.1436932703724167,-1.316476990905638,0.0]]
[[0.1955426565768379,1.6174122439218839,0.0],[0.6753758972454089,-0.002641854150174705,0.0],[-0.8709185538222468,-1.6147703897717092,0.0]]
[[-0.16075732672533932,1.7769429165102306,0.0],[0.6468953523781074,-0.0027571300681880073,0.0],[-0.48613802565276804,-1.7741857864420427,0.0]]
[[-0.5649865581212713,1.7399190207270487,0.0],[0.6467291263104418,-0.00040030052982473197,0.0],[-0.08174256818917042,-1.739518720197224,0.0]]
[[-0.9091906205698976,1.526910256470692,0.0],[0.6741267386904162,-0.0019100049287653215,0.0],[0.23506388187948146,-1.5250002515419268,0.0]]
[[-1.1259820513236425,1.2135238974755613,0.0],[0.7288958669191973,-0.01419274762847797,0.0],[0.39708618440444526,-1.1993311498470833,0.0]]
[[-1.207438775646053,0.8838253674706162,0.0],[0.8107405429149266,-0.046161583517271516,0.0],[0.39669823273112625,-0.8376637839533447,0.0]]
[[-1.1852618689939327,0.595231498969539,0.0],[0.9177500651387638,-0.10999772490096238,0.0],[0.26751180385516893,-0.4852337740685766,0.0]]
[[-1.10207816498042,0.37192977707884034,0.0],[1.043601883179899,-0.2218838654007405,0.0],[0.05847628180052111,-0.15004591167809983,0.0]]
[[-0.9940575075315354,0.21484702720720472,0.0],[1.1729706823094106,-0.40114993651982644,0.0],[-0.17891317477787527,0.18630290931262172,0.0]]
[[-0.8859036569775475,0.1136370825223029,0.0],[1.2752675019827842,-0.6654105927673426,0.0],[-0.3893638450052367,0.5517735102450396,0.0]]
[[-0.7922807614562749,0.054745522690656134,0.0],[1.2996746035392412,-1.017754286845673,0.0],[-0.5073938420829665,0.9630087641550169,0.0]]
[[-0.7210441709865997,0.025397252818336845,0.0],[1.1811938196071168,-1.423962028442908,0.0],[-0.460149648620517,1.3985647756245712,0.0]]
[[-0.6762093979618082,0.01492988453431189,0.0],[0.8733462581071092,-1.7915448113760162,0.0],[-0.19713686014530096,1.7766149268417042,0.0]]
[[-0.6600727572082341,0.014667516364171546,0.0],[0.40571053984621447,-1.9869895014725931,0.0],[0.2543622173620197,1.9723219851084215,0.0]]
[[-0.6744744257151726,0.01701508594547739,0.0],[-0.08954585726754183,-1.916071013166663,0.0],[0.7640202829827144,1.8990559272211855,0.0]]
[[-0.7213742570855516,0.014085295468968653,0.0],[-0.44596043764191,-1.6025686298187263,0.0],[1.1673346947274617,1.5884833343497577,0.0]]
[[-0.8028224063142047,-0.004051843313327606,0.0],[-0.5713775863074029,-1.1639981291573183,0.0],[1.3741999926216075,1.1680499724706457,0.0]]
[[-0.9199995880287015,-0.0514862080363215,0.0],[-0.47866213763363386,-0.7136536654962921,0.0],[1.3986617256623353,0.7651398735326136,0.0]]
[[-1.0704097922073434,-0.1487319943661423,0.0],[-0.2373911874414567,-0.2991434636060679,0.0],[1.3078009796488002,0.44787545797221023,0.0]]
[[-1.2416837348672676,-0.32399266518448716,0.0],[0.07358866263247654,0.09461896206520268,0.0],[1.1680950722347911,0.22937370311928446,0.0]]
[[-1.400374717041594,-0.60962515206931,0.0],[0.37581511690606506,0.5149058189044611,0.0],[1.024559600135529,0.09471933316484896,0.0]]
[[-1.4778287475598684,-1.0248235254058988,0.0],[0.5759197376976019,1.0034414991756695,0.0],[0.9019090098622666,0.021382026230229348,0.0]]
[[-1.3703747317958206,-1.5336202270266655,0.0],[0.5584246141490273,1.5450623590295876,0.0],[0.8119501176467931,-0.011442132002922212,0.0]]
[[-0.9948283988482362,-1.9947657454654946,0.0],[0.23475793417137214,2.0151591949112833,0.0],[0.760070464676864,-0.02039344944578847,0.0]]
[[-0.40719192481917654,-2.1922720577833705,0.0],[-0.3421181740633723,2.2109320684268314,0.0],[0.749310098882549,-0.018660010643460664,0.0]]
[[0.1591345835284445,-2.008319475097657,0.0],[-0.9415781233728311,2.0263024875405473,0.0],[0.7824435398443865,-0.017983012442890106,0.0]]
[[0.46871703150382993,-1.5440727223140311,0.0],[-1.331655021983369,1.5755322086072534,0.0],[0.862937990479539,-0.03145948629322231,0.0]]
[[0.4596432299595098,-0.9948075936409356,0.0],[-1.4546309830586877,1.0723327421790818,0.0],[0.9949877530991779,-0.07752514853814628,0.0]]
[[0.20980180245589286,-0.47270954612729993,0.0],[-1.3907634408498377,0.6585113370543744,0.0],[1.180961638393945,-0.18580179092707444,0.0]]
[[-0.16923294632401753,0.0317210996833483,0.0],[-1.242527109563326,0.3727690194704574,0.0],[1.4117600558873435,-0.40449011915380567,0.0]]
[[-0.5611441650622135,0.6041279818236932,0.0],[-1.0799533225020366,0.19873326625778143,0.0],[1.6410974875642501,-0.8028612480814746,0.0]]
[[-0.7964050434478783,1.3342252004140283,0.0],[-0.9398797402624791,0.10573071593142953,0.0],[1.7362847837103574,-1.4399559163454576,0.0]]
[[-0.6142471384161888,2.1699210199350576,0.0],[-0.8395709922755169,0.06568524569293349,0.0],[1.4538181306917057,-2.235606265627991,0.0]]
[[0.14609339827012596,2.7358148816356263,0.0],[-0.7873502500257923,0.0561843780001715,0.0],[0.6412568517556664,-2.791999259635798,0.0]]
[[1.1349161063281918,2.5847758372348055,0.0],[-0.787076957819044,0.05854642906826041,0.0],[-0.34783914850914777,-2.6433222663030658,0.0]]
[[1.740195885505349,1.8573677284365107,0.0],[-0.8387663870611948,0.055531006729859785,0.0],[-0.9014294984441541,-1.9128987351663704,0.0]]
[[1.8246206974702694,1.079609315647107,0.0],[-0.9396431766276024,0.029442879187430514,0.0],[-0.8849775208426669,-1.1090521948345375,0.0]]
[[1.6286794377198357,0.5282339842490751,0.0],[-1.0848149259014876,-0.040850065708574114,0.0],[-0.5438645118183482,-0.487383918540501,0.0]]
[[1.3651526170192472,0.20620852592572567,0.0],[-1.2635439253825098,-0.1831966624256029,0.0],[-0.10160869163673736,-0.02301186350012277,0.0]]
[[1.1283922788446896,0.03885169359975175,0.0],[-1.4492240271489145,-0.43236488903110065,0.0],[0.320831748304225,0.3935131954313489,0.0]]
[[0.9447486229668558,-0.03826376574749663,0.0],[-1.5832571515717615,-0.8196778750860262,0.0],[0.6385085286049056,0.8579416408335229,0.0]]
[[0.8151962763209852,-0.06656696972142856,0.0],[-1.5629109106654409,-1.3384229642510392,0.0],[0.7477146343444556,1.4049899339724679,0.0]]
[[0.7342271410301895,-0.07092646160028906,0.0],[-1.2708589874342273,-1.882771471212492,0.0],[0.5366318464040377,1.9536979328127813,0.0]]
[[0.6960978284694438,-0.06686376080201273,0.0],[-0.690242455742787,-2.228021902576471,0.0],[-0.005855372726656816,2.294885663378484,0.0]]
[[0.6957703533232515,-0.06545972895548727,0.0],[-0.01460687171328795,-2.1748677783709045,0.0],[-0.6811634816099637,2.2403275073263917,0.0]]
[[0.7279687130197057,-0.07615673408709096,0.0],[0.470796713548992,-1.7552625869411262,0.0],[-1.1987654265686976,1.8314193210282173,0.0]]
[[0.7860410533346689,-0.10802865608315583,0.0],[0.6379724538830494,-1.1857751548204178,0.0],[-1.4240135072177182,1.2938038109035737,0.0]]
[[0.8609965404207011,-0.16993530816485558,0.0],[0.552893150935563,-0.6488641666821068,0.0],[-1.413889691356264,0.8187994748469624,0.0]]
[[0.9405660746043462,-0.26961169334376983,0.0],[0.343416420019823,-0.2059235752982799,0.0],[-1.2839824946241691,0.47553526864204976,0.0]]
[[1.0086296923657097,-0.4116563968055346,0.0],[0.1114932599556282,0.15669177043916258,0.0],[-1.1201229523213379,0.25496462636637207,0.0]]
[[1.045789677223752,-0.5946699367238516,0.0],[-0.07936406168522037,0.47039987456624244,0.0],[-0.9664256155385318,0.12427006215760918,0.0]]
[[1.031861982857896,-0.808271932915133,0.0],[-0.1919387432530285,0.7558162390724916,0.0],[-0.8399232396048675,0.05245569384264138,0.0]]
[[0.9506421664303739,-1.0313219304083328,0.0],[-0.20623666489298986,1.014493519045261,0.0],[-0.744405501537384,0.016828411363071623,0.0]]
[[0.796303450819229,-1.2331147138914473,0.0],[-0.11779574407666937,1.230763854072184,0.0],[-0.6785077067425598,0.0023508598192634317,0.0]]
[[0.5792250923246842,-1.3789225156293956,0.0],[0.06044051894852964,1.379530765704189,0.0],[-0.639665611273214,-0.000608250074793551,0.0]]
[[0.32782272550625857,-1.4393180717656677,0.0],[0.2980374515522068,1.4377238372238663,0.0],[-0.6258601770584653,0.001594234541801423,0.0]]
[[0.08371584354497075,-1.3997334451296608,0.0],[0.5525891714386684,1.395586369083414,0.0],[-0.6363050149836391,0.004147076046246839,0.0]]
[[-0.10900198875831879,-1.2650436194261139,0.0],[0.780623026401305,1.2627279196643304,0.0],[-0.6716210376429863,0.002315699761783613,0.0]]
[[-0.21571657140237682,-1.0559294450378232,0.0],[0.9493736014417709,1.0659350501589946,0.0],[-0.7336570300393941,-0.010005605121171463,0.0]]
[[-0.21908101891492593,-0.7984511212947757,0.0],[1.043895365149097,0.8403990879825601,0.0],[-0.824814346234171,-0.04194796668778439,0.0]]
[[-0.12070704839683621,-0.5117780993500909,0.0],[1.0670874641302333,0.6194195093878714,0.0],[-0.9463804157333972,-0.10764141003778048,0.0]]
[[0.06048534408070494,-0.19900979432394736,0.0],[1.034375192507361,0.42721359612670584,0.0],[-1.0948605365880661,-0.2282038018027585,0.0]]
[[0.28799239869129833,0.15566769442289227,0.0],[0.9667215610739958,0.27649934442275903,0.0],[-1.254713959765294,-0.43216703884565133,0.0]]
[[0.5014222082276119,0.579747821579363,0.0],[0.8849158617413243,0.16986141230239968,0.0],[-1.3863380699689363,-0.7496092338817627,0.0]]
[[0.6073603613585326,1.0873494970112707,0.0],[0.8063377796578686,0.1029255153079063,0.0],[-1.4136981410164011,-1.190275012319177,0.0]]
[[0.4895926501144722,1.630503310166937,0.0],[0.7440256163122191,0.06765788010998376,0.0],[-1.2336182664266913,-1.698161190276921,0.0]]
[[0.07901172360393494,2.0575073042337197,0.0],[0.7072418290209113,0.05480962141521304,0.0],[-0.7862535526248462,-2.112316925648933,0.0]]
[[-0.534537306709038,2.1731148493128116,0.0],[0.70266771660003,0.05513745587056864,0.0],[-0.16813040989099198,-2.2282523051833802,0.0]]
[[-1.1095901850760788,1.9170832470535633,0.0],[0.7357426182565814,0.05938123501377946,0.0],[0.3738475668194974,-1.9764644820673427,0.0]]
[[-1.4477685236811983,1.43645447365509,0.0],[0.8121318489772404,0.056949425990912024,0.0],[0.6356366747039579,-1.493403899646002,0.0]]
[[-1.526930746918638,0.9370263243064573,0.0],[0.93903902844958,0.0329037778723773,0.0],[0.5878917184690579,-0.9699301021788346,0.0]]
[[-1.4372276267852981,0.5389824762078455,0.0],[1.1249617404415784,-0.037601796079352316,0.0],[0.31226588634371977,-0.5013806801284931,0.0]]
[[-1.2759029463272944,0.2682540673578858,0.0],[1.3743782513804816,-0.19855018671910307,0.0],[-0.09847530505318725,-0.06970388063878277,0.0]]
[[-1.1062602485200235,0.10502158105964554,0.0],[1.6681636614697026,-0.5247098602648909,0.0],[-0.561903412949679,0.4196882792052453,0.0]]
[[-0.9611435212453057,0.019103057128146278,0.0],[1.9106478332445302,-1.1172011564285782,0.0],[-0.9495043119992246,1.098098099300432,0.0]]
[[-0.8563830950996512,-0.0163987663126181,0.0],[1.8451291976625865,-2.00530539422111,0.0],[-0.9887461025629354,2.0217041605337283,0.0]]
[[-0.8008191173002808,-0.023324319129271617,0.0],[1.1348142407874962,-2.8601344459565556,0.0],[-0.33399512348721544,2.883458765085827,0.0]]
[[-0.8000444429630205,-0.02113873890417671,0.0],[-0.04701417706844585,-2.9747480694219974,0.0],[0.8470586200314663,2.995886808326174,0.0]]
[[-0.8547627202404113,-0.029396359859454872,0.0],[-0.8643989957780014,-2.2202966823133594,0.0],[1.7191617160184127,2.2496930421728143,0.0]]
[[-0.9599385824460116,-0.06849086153468475,0.0],[-0.953692345004358,-1.254163383658076,0.0],[1.9136309274503696,1.3226542451927608,0.0]]
[[-1.105844793308148,-0.16159620110967543,0.0],[-0.6122141031019707,-0.49826580034041595,0.0],[1.7180588964101189,0.6598620014500914,0.0]]
[[-1.2742383628039988,-0.33696690918889716,0.0],[-0.1550181460737381,0.05377661958601204,0.0],[1.429256508877737,0.2831902896028851,0.0]]
[[-1.427601456002547,-0.625031660324716,0.0],[0.2548721346291929,0.5316913663695436,0.0],[1.172729321373354,0.09334029395517235,0.0]]
[[-1.4955460175006807,-1.0414476331001123,0.0],[0.516312001280788,1.033682164425455,0.0],[0.9792340162198927,0.007765468674657244,0.0]]
[[-1.3759538379387877,-1.5465752078278554,0.0],[0.5282117136169002,1.5701350895379436,0.0],[0.8477421243218874,-0.023559881710088243,0.0]]
[[-0.9896076922603307,-1.9985786117124524,0.0],[0.21898653396345596,2.0276286178125176,0.0],[0.7706211582968748,-0.029050006100064946,0.0]]
[[-0.3939020004873393,-2.185412265112711,0.0],[-0.3471140926443308,2.2111566309049917,0.0],[0.74101609313167,-0.025744365792280885,0.0]]
[[0.18294273419799323,-1.9934334744269329,0.0],[-0.9367303859565485,2.019229487283173,0.0],[0.7537876517585552,-0.025796012856240384,0.0]]
[[0.5144449776152886,-1.5254884461626395,0.0],[-1.318899779808298,1.5657776314290766,0.0],[0.8044548021930092,-0.040289185266437266,0.0]]
[[0.548804018652121,-0.9809722815845828,0.0],[-1.4364038181187615,1.062389878268193,0.0],[0.8875997994666406,-0.08141759668361032,0.0]]
[[0.3748706591611477,-0.48555969972128044,0.0],[-1.369506548267486,0.6489450017157595,0.0],[0.9946358891063383,-0.1633853019944791,0.0]]
[[0.10943863490160977,-0.06064957152611447,0.0],[-1.2200230489571628,0.36221942038774335,0.0],[1.110584414055553,-0.30156984886162885,0.0]]
[[-0.15436191118919196,0.3246046350407772,0.0],[-1.0560064049161484,0.1841709182386677,0.0],[1.2103683161053402,-0.5087755532794449,0.0]]
[[-0.3460135912619302,0.7038828886383155,0.0],[-0.9107921533188783,0.08328579094006655,0.0],[1.2568057445808085,-0.7871686795783821,0.0]]
[[-0.4083729983666835,1.084133104268009,0.0],[-0.7966486682190682,0.03196554420064089,0.0],[1.2050216665857518,-1.1160986484686497,0.0]]
[[-0.3032825831221416,1.4314665790070544,0.0],[-0.7158638916351083,0.010255108546133263,0.0],[1.0191464747572498,-1.4417216875531877,0.0]]
[[-0.03321236952669998,1.6777761333786092,0.0],[-0.6670278596328387,0.0047184185824199615,0.0],[0.7002402291595388,-1.6824945519610293,0.0]]
[[0.3416844352417922,1.7556025100479045,0.0],[-0.6480495098624988,0.0062621616010438835,0.0],[0.3063650746207065,-1.7618646716489483,0.0]]
[[0.7203238516268768,1.644525185682267,0.0],[-0.657385882598737,0.00805712995478014,0.0],[-0.0629379690281398,-1.6525823156370472,0.0]]
[[1.0102395809698632,1.388450042330141,0.0],[-0.6943216494399314,0.0037476594560597737,0.0],[-0.3159179315299318,-1.3921977017862008,0.0]]
[[1.1686945793870331,1.0674031178978942,0.0],[-0.7586222612495062,-0.01410943367972544,0.0],[-0.410072318137527,-1.0532936842181686,0.0]]
[[1.204814083225041,0.7545940916965725,0.0],[-0.8495246927448189,-0.05542210869457173,0.0],[-0.355289390480222,-0.6991719830020008,0.0]]
[[1.155181506835202,0.4933613171355574,0.0],[-0.9637766716579174,-0.13363004016381386,0.0],[-0.19140483517728468,-0.35973127697174356,0.0]]
[[1.0597635414975288,0.29796774769889056,0.0],[-1.0922754811443793,-0.2659104919557734,0.0],[0.03251193964685062,-0.03205725574311716,0.0]]
[[0.9498842841349697,0.16453379591815467,0.0],[-1.2149972128808932,-0.47108825721325115,0.0],[0.2651129287459236,0.3065544612950965,0.0]]
[[0.8459806044670738,0.08132158286327804,0.0],[-1.2951469418647887,-0.7624304234372098,0.0],[0.44916633739771505,0.6811088405739317,0.0]]
[[0.7597549298942328,0.035058023339425815,0.0],[-1.2773694619638842,-1.1319102527044322,0.0],[0.5176145320696515,1.0968522293650065,0.0]]
[[0.6972623065427216,0.013838354699983221,0.0],[-1.1015689011567762,-1.5276691154877529,0.0],[0.4043065946140547,1.5138307607877697,0.0]]
[[0.6615248615752015,0.007908246986919332,0.0],[-0.7437234613125179,-1.8438336570155378,0.0],[0.08219859973731641,1.8359254100286184,0.0]]
[[0.6543267247537748,0.009283961148105771,0.0],[-0.2658460396226019,-1.957809648426545,0.0],[-0.38848068513117295,1.9485256872784393,0.0]]
[[0.6772458666384811,0.010736272019358312,0.0],[0.18744084566647579,-1.8133198940113355,0.0],[-0.8646867123049569,1.8025836219919773,0.0]]
[[0.7320744082092805,0.0043671587901759346,0.0],[0.47396567327701555,-1.4664131734095474,0.0],[-1.2060400814862962,1.4620460146193714,0.0]]
[[0.820609327760612,-0.02016343124664665,0.0],[0.5374528136681883,-1.033408084585538,0.0],[-1.3580621414288003,1.0535715158321846,0.0]]
[[0.9433780392482315,-0.07772482942966166,0.0],[0.4085343660330528,-0.6049021014739723,0.0],[-1.3519124052812843,0.6826269309036339,0.0]]
[[1.0963240176358726,-0.18978441141926494,0.0],[0.15592161008921335,-0.20834903762013277,0.0],[-1.252245627725086,0.39813344903939774,0.0]]
[[1.2639203877442196,-0.3850045914098399,0.0],[-0.14740729054361046,0.18019244923012134,0.0],[-1.1165130972006092,0.20481214217971855,0.0]]
[[1.4074653893403848,-0.6939241646653388,0.0],[-0.42517722558307447,0.6071633961666827,0.0],[-0.9822881637573103,0.08676076849865609,0.0]]
[[1.45232747880062,-1.1281769633655863,0.0],[-0.5822014057726568,1.104894266629767,0.0],[-0.8701260730279632,0.023282696735819328,0.0]]
[[1.295023488717201,-1.6356613401162043,0.0],[-0.5049295512764668,1.6399053077834134,0.0],[-0.7900939374407343,-0.004243967667209136,0.0]]
[[0.8706627732244838,-2.058184499710654,0.0],[-0.1235094743716294,2.0689682184103417,0.0],[-0.7471532988528544,-0.010783718699687694,0.0]]
[[0.26874145329942334,-2.186353394437063,0.0],[0.475744622373255,2.1948619728881247,0.0],[-0.7444860756726783,-0.008508578451061455,0.0]]
[[-0.26371516183198385,-1.9397130536016454,0.0],[1.0489007739885081,1.9484771831020589,0.0],[-0.7851856121565244,-0.008764129500413526,0.0]]
[[-0.5162920294336762,-1.4483035561442916,0.0],[1.3893152805801594,1.473153369812267,0.0],[-0.873023251146483,-0.024849813667975403,0.0]]
[[-0.4580758974116391,-0.9015930348881299,0.0],[1.4702967774058942,0.9776360364766582,0.0],[-1.012220879994255,-0.07604300158852834,0.0]]
[[-0.17842841941631737,-0.3911668980947858,0.0],[1.3827058594731259,0.5846072459732561,0.0],[-1.2042774400568084,-0.19344034787847036,0.0]]
[[0.21156998680857442,0.10700690920267988,0.0],[1.2254879975679245,0.31980824633848454,0.0],[-1.4370579843764988,-0.42681515554116445,0.0]]
[[0.594686309909452,0.6822668762747096,0.0],[1.0626032660446496,0.16218153889598597,0.0],[-1.6572895759541015,-0.8444484151706956,0.0]]
[[0.7960905879190673,1.4136786223960611,0.0],[0.926643804880932,0.08053013455140084,0.0],[-1.7227343927999994,-1.494208756947462,0.0]]
[[0.5624631592613774,2.2203322381317943,0.0],[0.8325820699501059,0.04748190863652281,0.0],[-1.3950452292114832,-2.267814146768317,0.0]]
[[-0.21898996948367147,2.713375667276304,0.0],[0.7875652305656347,0.04137163820335541,0.0],[-0.5685752610819632,-2.75474730547966,0.0]]
[[-1.1623897592120296,2.504820877640062,0.0],[0.7947997679808732,0.044047867194975915,0.0],[0.3675899912311563,-2.5488687448350382,0.0]]
[[-1.7099003203572334,1.785319817117205,0.0],[0.8541953015274169,0.03850333036501601,0.0],[0.8557050188298165,-1.823823147482221,0.0]]
[[-1.7731366389095071,1.0452827709929762,0.0],[0.9634271062441015,0.006561732333748016,0.0],[0.8097095326654055,-1.0518445033267243,0.0]]
[[-1.5826014049496133,0.5234860068661992,0.0],[1.1179327489543687,-0.07463223096062734,0.0],[0.46466865599524465,-0.44885377590557185,0.0]]
[[-1.3316529934672268,0.21688128114742522,0.0],[1.305900922811615,-0.23623571661950657,0.0],[0.025752070655612025,0.01935443547208135,0.0]]
[[-1.1063787553491142,0.05607315493220863,0.0],[1.4958698338363752,-0.5174438723944221,0.0],[-0.38949107848726094,0.4613707174622135,0.0]]
[[-0.9317656218326864,-0.01864476000721848,0.0],[1.6169903550164284,-0.9512943039204305,0.0],[-0.685224733183742,0.969939063927649,0.0]]
[[-0.809639697430373,-0.046210195537224115,0.0],[1.5470099524502863,-1.5185352567637322,0.0],[-0.7373702550199134,1.5647454523009563,0.0]]
[[-0.7356964575210374,-0.05053449123384651,0.0],[1.161360133064068,-2.072941752636374,0.0],[-0.42566367554303053,2.12347624387022,0.0]]
[[-0.7051157806417141,-0.047092286365362966,0.0],[0.48728719461286213,-2.3448010497444365,0.0],[0.21782858602885197,2.391893336109799,0.0]]
[[-0.7132039486720612,-0.0474506300005197,0.0],[-0.203906751841113,-2.1581835901189135,0.0],[0.9171107005131742,2.205634220119433,0.0]]
[[-0.7544291206041285,-0.0617823744380932,0.0],[-0.614912480203073,-1.631693429127438,0.0],[1.3693416008072015,1.6934758035655313,0.0]]
[[-0.8214994570120076,-0.09994911475110928,0.0],[-0.6808413884469087,-1.0253016768943053,0.0],[1.5023408454589162,1.1252507916454146,0.0]]
[[-0.9044918839794264,-0.17155231540745575,0.0],[-0.5191752579887277,-0.4986126885312169,0.0],[1.423667141968154,0.6701650039386726,0.0]]
[[-0.9897816915487792,-0.2848567244904218,0.0],[-0.2683632099273938,-0.07818032124004295,0.0],[1.258144901476173,0.3630370457304648,0.0]]
[[-1.059315389090916,-0.44443428663618895,0.0],[-0.022579930286472982,0.2683856561942296,0.0],[1.0818953193773888,0.17604863044195934,0.0]]
[[-1.0912466643258953,-0.6477265939751298,0.0],[0.16290581223398826,0.5769424260168302,0.0],[0.9283408520919072,0.07078416795829956,0.0]]
[[-1.0630049106033657,-0.8813540722601181,0.0],[0.255346795771885,0.8649054215092785,0.0],[0.8076581148314806,0.016448650750839497,0.0]]
[[-0.957410947727575,-1.11895523388227,0.0],[0.23729704816301078,1.126842524394445,0.0],[0.7201138995645642,-0.007887290512175169,0.0]]
[[-0.7709683101019933,-1.3231672747909717,0.0],[0.10813180679555146,1.3387344493306168,0.0],[0.6628365033064418,-0.01556717453964511,0.0]]
[[-0.5209202393961685,-1.453726935637871,0.0],[-0.11188128801892061,1.4687849523148175,0.0],[0.6328015274150891,-0.01505801667694659,0.0]]
[[-0.24585462295447424,-1.4803133493041463,0.0],[-0.38214010230131124,1.4924620927360674,0.0],[0.6279947252557855,-0.012148743431921141,0.0]]
[[0.0033580042374415364,-1.3940096673175078,0.0],[-0.6510949848733832,1.405671849277451,0.0],[0.6477369806359417,-0.011662181959943327,0.0]]
[[0.17928301313025619,-1.2098575355924999,0.0],[-0.8718416897980771,1.2287686610123563,0.0],[0.6925586766678209,-0.018911125419856317,0.0]]
[[0.252060685846887,-0.9580648990452627,0.0],[-1.015714053307135,0.9991776475547888,0.0],[0.7636533674602479,-0.041112748509526016,0.0]]
[[0.21530135461129618,-0.6690137463764647,0.0],[-1.0769644919076873,0.7578775829500572,0.0],[0.8616631372963912,-0.08886383657359256,0.0]]
[[0.08397802834383794,-0.36019875977069665,0.0],[-1.0682369598055281,0.5377081313467886,0.0],[0.9842589314616901,-0.177509371576092,0.0]]
[[-0.11002044154631097,-0.030434607268209346,0.0],[-1.0116926270472408,0.35801563851048,0.0],[1.1217130685935517,-0.32758103124227067,0.0]]
[[-0.318959845358758,0.33680539203655524,0.0],[-0.9308842582945491,0.22523940266132436,0.0],[1.2498441036533072,-0.5620447946978796,0.0]]
[[-0.47600459959145736,0.759163996002873,0.0],[-0.8458261354561961,0.1366279568237272,0.0],[1.3218307350476535,-0.8957919528266002,0.0]]
[[-0.49601536793495815,1.2277471337148276,0.0],[-0.7712735722587469,0.08447169699909342,0.0],[1.267288940193705,-1.312218830713921,0.0]]
[[-0.3006066336254235,1.673165458952663,0.0],[-0.7171490898586861,0.059400222668533606,0.0],[1.0177557234841097,-1.7325656816211965,0.0]]
[[0.11947986436757768,1.9624289799609809,0.0],[-0.6899742980236248,0.05227535966085152,0.0],[0.5704944336560471,-2.0147043396218325,0.0]]
[[0.6516521497507006,1.9741234893962012,0.0],[-0.694521111624036,0.05472744190451593,0.0],[0.04286896187333533,-2.028850931300717,0.0]]
[[1.111965013635551,1.706945707810172,0.0],[-0.7353577353476155,0.05851015491884784,0.0],[-0.37660727828793533,-1.7654558627290198,0.0]]
[[1.3755106060649598,1.2858853519142317,0.0],[-0.818220644557265,0.0536828098379282,0.0],[-0.5572899615076949,-1.33956816175216,0.0]]
[[1.4365807642368202,0.857884072847967,0.0],[-0.9508737593746055,0.025246620030119057,0.0],[-0.48570700486221474,-0.8831306928780861,0.0]]
[[1.361141449124022,0.510187645871703,0.0],[-1.142188329117094,-0.05267061249187018,0.0],[-0.2189531200069278,-0.4575170333798328,0.0]]
[[1.2222349630391154,0.26605146981082606,0.0],[-1.3957590997540348,-0.22624783652155067,0.0],[0.17352413671491929,-0.039803633289275414,0.0]]
[[1.07181011546363,0.11395990887697155,0.0],[-1.6880312168636995,-0.5730268256474361,0.0],[0.6162211014000696,0.45906691677046463,0.0]]
[[0.9402786718161138,0.03155446323620905,0.0],[-1.9117325889601977,-1.1925347340769965,0.0],[0.9714539171440839,1.1609802708407875,0.0]]
[[0.8446362045470495,-0.003364272694765011,0.0],[-1.7958912716074251,-2.09259354642626,0.0],[0.9512550670603755,2.095957819121025,0.0]]
[[0.7956030772914734,-0.010438779892160022,0.0],[-1.0268922707086658,-2.9000707951350386,0.0],[0.23128919341719256,2.9105095750271985,0.0]]
[[0.8002641422208678,-0.008313330546203354,0.0],[0.1447309339931389,-2.9266642587610145,0.0],[-0.9449950762140067,2.934977589307218,0.0]]
[[0.8605715620969309,-0.016276730322122304,0.0],[0.8913928114907829,-2.1393025014715477,0.0],[-1.7519643735877137,2.15557923179367,0.0]]
[[0.973310964688076,-0.055076939674072345,0.0],[0.9285221616168813,-1.1971117594406602,0.0],[-1.9018331263049573,1.2521886991147324,0.0]]
[[1.1312259280330916,-0.14977736778495518,0.0],[0.5642083797117105,-0.4697491727087669,0.0],[-1.6954343077448022,0.6195265404937221,0.0]]
[[1.3181241470027814,-0.33343185631473565,0.0],[0.09183546371635187,0.07147089759145961,0.0],[-1.4099596107191332,0.261960958723276,0.0]]
[[1.4948822631129124,-0.6454197467357953,0.0],[-0.3354602702406334,0.5631423136848908,0.0],[-1.159421992872279,0.08227743305090446,0.0]]
[[1.578760328745529,-1.1118980439017587,0.0],[-0.6072818911543159,1.1097618660675768,0.0],[-0.9714784375912131,0.0021361778341820944,0.0]]
[[1.4385713632858024,-1.6898805380383537,0.0],[-0.5933153716249987,1.7159068792690695,0.0],[-0.8452559916608038,-0.02602634123071576,0.0]]
[[0.9692058811941691,-2.1938363421072866,0.0],[-0.1950561458859394,2.2235900415183876,0.0],[-0.7741497353082296,-0.029753699411100926,0.0]]
[[0.2627638691291122,-2.344602876632492,0.0],[0.4894516773609372,2.370949879603113,0.0],[-0.7522155464900493,-0.026347002970621022,0.0]]
[[-0.3616407083013226,-2.0319122344628595,0.0],[1.136075236757019,2.060913885327845,0.0],[-0.7744345284556965,-0.02900165086498569,0.0]]
[[-0.6464374387978243,-1.4452349611381687,0.0],[1.4817404196482509,1.4954333171102354,0.0],[-0.8353029808504266,-0.05019835597206659,0.0]]
[[-0.5950764866611985,-0.8396388335420041,0.0],[1.5223442290412776,0.9430326987058371,0.0],[-0.9272677423800791,-0.10339386516383292,0.0]]
[[-0.35241641996290696,-0.32951747643087703,0.0],[1.390953311459171,0.5328366173149358,0.0],[-1.038536891496264,-0.20331914088405872,0.0]]
[[-0.05497260214961952,0.09289770861199212,0.0],[1.2049186616993288,0.2712879954422302,0.0],[-1.1499460595497093,-0.36418570405422235,0.0]]
[[0.20510833535946926,0.47401767948643864,0.0],[1.0269208125036298,0.12057907331643679,0.0],[-1.232029147863099,-0.5945967528028754,0.0]]
[[0.3641518736434213,0.846893019763901,0.0],[0.881160673363433,0.04151040387678566,0.0],[-1.2453125470068542,-0.8884034236406866,0.0]]
[[0.37563132298925295,1.2083866205330127,0.0],[0.7731111679650531,0.005178533241359189,0.0],[-1.148742490954306,-1.213565153774372,0.0]]
[[0.21860036514981723,1.5147471509338153,0.0],[0.7011406151997417,-0.007387085071209484,0.0],[-0.9197409803495589,-1.5073600658626058,0.0]]
[[-0.08287126760509717,1.6992210564403638,0.0],[0.6619268002402467,-0.00826972742268757,0.0],[-0.5790555326351496,-1.690951329017676,0.0]]
[[-0.4541581436619506,1.7113332576277946,0.0],[0.6526121525454898,-0.005565603232870586,0.0],[-0.19845400888353917,-1.705767654394924,0.0]]
[[-0.7980106527568502,1.5531173306379458,0.0],[0.6714249634459005,-0.00567440501490904,0.0],[0.1265856893109497,-1.5474429256230369,0.0]]
[[-1.040569883836674,1.2800443975154834,0.0],[0.7175286222191686,-0.01510918470284947,0.0],[0.32304126161750546,-1.2649352128126339,0.0]]
[[-1.1576715099275623,0.9678129547876259,0.0],[0.7902984149205258,-0.04199334422789508,0.0],[0.3673730950070365,-0.9258196105597307,0.0]]
[[-1.1672197548315864,0.6775165382844022,0.0],[0.8878931236205295,-0.09727566784076949,0.0],[0.27932663121105694,-0.5802408704436326,0.0]]
[[-1.1056179811012763,0.44174649962765633,0.0],[1.0047880983690283,-0.19540768163533767,0.0],[0.10082988273224802,-0.2463388179923187,0.0]]
[[-1.008755283600235,0.268748206912306,0.0],[1.1279053844695603,-0.3536612100192047,0.0],[-0.11915010086932531,0.0849130031068987,0.0]]
[[-0.9036582987840907,0.152543976750943,0.0],[1.2314827282772858,-0.5882770171318032,0.0],[-0.3278244294931951,0.43573304038086025,0.0]]
[[-0.80761220502963,0.08144088053431431,0.0],[1.2728432719867873,-0.9045834862104445,0.0],[-0.4652310669571572,0.8231426056761302,0.0]]
[[-0.7303918640298115,0.043055060868059075,0.0],[1.195862670283566,-1.279401164915057,0.0],[-0.4654708062537544,1.2363461040469979,0.0]]
[[-0.6770270544225623,0.02653090162739686,0.0],[0.9535267737191172,-1.6428500600909914,0.0],[-0.276499719296555,1.6163191584635945,0.0]]
[[-0.650081725706522,0.02302036686700118,0.0],[0.5519145441861046,-1.883989595214785,0.0],[0.09816718152041737,1.8609692283477837,0.0]]
[[-0.6512109675374662,0.025181431212969667,0.0],[0.08245923805050931,-1.9044609973265192,0.0],[0.5687517294869568,1.8792795661135495,0.0]]
[[-0.6820644110935123,0.026110101112575508,0.0],[-0.3111233010124703,-1.689897107674967,0.0],[0.9931877121059827,1.6637870065623914,0.0]]
[[-0.7446362441556971,0.017877643965524284,0.0],[-0.5190777284217478,-1.3196073621757114,0.0],[1.2637139725774449,1.3017297182101872,0.0]]
[[-0.8409447318329245,-0.010297288495976727,0.0],[-0.5174747549629641,-0.9002471206727065,0.0],[1.3584194867958888,0.9105444091686832,0.0]]
[[-0.9715157149492382,-0.07420711044045636,0.0],[-0.34851413072932846,-0.49887130114464856,0.0],[1.3200298456785666,0.573078411585105,0.0]]
[[-1.1315969420960452,-0.19674807145563236,0.0],[-0.07723691448859127,-0.12485739687592554,0.0],[1.2088338565846364,0.3216054683315579,0.0]]
[[-1.3034237346115063,-0.4082084028826867,0.0],[0.22962742099905575,0.25412398047633933,0.0],[1.0737963136124504,0.15408442240634743,0.0]]
[[-1.4433755955967231,-0.739504643862965,0.0],[0.4974518473591162,0.6856176059168362,0.0],[0.9459237482376068,0.05388703794612881,0.0]]
[[-1.4692963958295522,-1.1975797382845847,0.0],[0.6272146279254708,1.1957858592061401,0.0],[0.8420817679040814,0.001793879078444513,0.0]]
[[-1.27344154500041,-1.7155907735909854,0.0],[0.5027303335659781,1.7346963784131741,0.0],[0.770711211434432,-0.019105604822188767,0.0]]
[[-0.8038731532518459,-2.1151922749946968,0.0],[0.06759917246833219,2.137729617983356,0.0],[0.7362739807835138,-0.02253734298865888,0.0]]
[[-0.1823888694185269,-2.186639363129126,0.0],[-0.5595106993484014,2.2067095763385565,0.0],[0.7418995687669283,-0.020070213209430393,0.0]]
[[0.32628442298444615,-1.882010303643592,0.0],[-1.1169302317821856,1.9050854667453851,0.0],[0.7906458087977395,-0.02307516310179307,0.0]]
[[0.5321846137549897,-1.3603836222191334,0.0],[-1.4181561056399763,1.4058765028860776,0.0],[0.8859714918849866,-0.04549288066694422,0.0]]
[[0.43417047336264547,-0.8080011012569358,0.0],[-1.4652341532778794,0.9158487828080725,0.0],[1.031063679915234,-0.10784768155113666,0.0]]
[[0.1350855626436518,-0.2979404971266547,0.0],[-1.3598051519947774,0.540749718903392,0.0],[1.2247195893511256,-0.24280922177673725,0.0]]
[[-0.25079642165929383,0.206482794428546,0.0],[-1.1980277969010937,0.2941264738314242,0.0],[1.4488242185603875,-0.5006092682599702,0.0]]
[[-0.601437709549475,0.7937104936241375,0.0],[-1.0382335940310468,0.15036680309498554,0.0],[1.6396713035805217,-0.9440772967191231,0.0]]
